0.970 0.030 0.000 0.000 0.000 0.000 0.000 0.000 0.000
0.982 0.018 0.000 0.000 0.000 0.000 0.000 0.000 0.000
0.955 0.045 0.000 0.000 0.000 0.000 0.000 0.000 0.000
0.989 0.004 0.000 0.000 0.000 0.000 0.000 0.007 0.000
0.994 0.002 0.000 0.000 0.000 0.000 0.000 0.004 0.000
0.996 0.002 0.000 0.000 0.000 0.000 0.000 0.003 0.000
0.997 0.001 0.000 0.000 0.000 0.000 0.000 0.002 0.000
0.997 0.001 0.000 0.000 0.000 0.000 0.000 0.002 0.000
0.996 0.001 0.000 0.000 0.000 0.000 0.000 0.002 0.000
0.997 0.001 0.000 0.000 0.000 0.000 0.000 0.002 0.000
0.998 0.001 0.000 0.000 0.000 0.000 0.000 0.002 0.000
0.998 0.001 0.000 0.000 0.000 0.000 0.000 0.001 0.000
0.998 0.001 0.000 0.000 0.000 0.000 0.000 0.002 0.000
0.998 0.001 0.000 0.000 0.000 0.000 0.000 0.002 0.000
0.999 0.000 0.000 0.000 0.000 0.000 0.000 0.001 0.000
0.878 0.078 0.028 0.000 0.000 0.000 0.000 0.016 0.001
0.846 0.099 0.030 0.000 0.000 0.000 0.000 0.024 0.001
0.841 0.100 0.030 0.000 0.000 0.000 0.000 0.029 0.000
0.849 0.102 0.024 0.000 0.000 0.000 0.000 0.024 0.001
0.892 0.071 0.018 0.000 0.000 0.000 0.000 0.019 0.000
0.944 0.035 0.011 0.000 0.000 0.000 0.000 0.010 0.001
0.956 0.036 0.004 0.000 0.000 0.000 0.000 0.001 0.002
0.906 0.085 0.004 0.000 0.000 0.000 0.000 0.002 0.003
0.986 0.014 0.000 0.000 0.000 0.000 0.000 0.000 0.000
0.956 0.044 0.000 0.000 0.000 0.000 0.000 0.000 0.000
0.888 0.112 0.000 0.000 0.000 0.000 0.000 0.000 0.000
0.988 0.003 0.000 0.000 0.000 0.000 0.000 0.009 0.000
0.992 0.002 0.000 0.000 0.000 0.000 0.000 0.005 0.000
0.994 0.002 0.000 0.000 0.000 0.000 0.000 0.004 0.000
0.995 0.002 0.000 0.000 0.000 0.000 0.000 0.003 0.000
0.994 0.002 0.000 0.000 0.000 0.000 0.000 0.004 0.000
0.994 0.002 0.000 0.000 0.000 0.000 0.000 0.005 0.000
0.996 0.001 0.000 0.000 0.000 0.000 0.000 0.003 0.000
0.997 0.001 0.000 0.000 0.000 0.000 0.000 0.002 0.000
0.998 0.001 0.000 0.000 0.000 0.000 0.000 0.002 0.000
0.997 0.001 0.000 0.000 0.000 0.000 0.000 0.002 0.000
0.997 0.001 0.000 0.000 0.000 0.000 0.000 0.002 0.000
0.998 0.001 0.000 0.000 0.000 0.000 0.000 0.001 0.000
0.867 0.079 0.028 0.000 0.000 0.000 0.000 0.025 0.001
0.860 0.077 0.028 0.000 0.000 0.000 0.000 0.034 0.000
0.896 0.058 0.021 0.000 0.000 0.000 0.000 0.025 0.000
0.936 0.041 0.012 0.000 0.000 0.000 0.000 0.010 0.001
0.962 0.027 0.006 0.000 0.000 0.000 0.000 0.003 0.001
0.947 0.043 0.005 0.000 0.000 0.000 0.000 0.002 0.002
0.922 0.068 0.004 0.000 0.000 0.000 0.000 0.002 0.004
0.939 0.053 0.004 0.000 0.000 0.000 0.000 0.002 0.003
0.904 0.087 0.004 0.000 0.000 0.000 0.000 0.002 0.003
0.980 0.020 0.000 0.000 0.000 0.000 0.000 0.000 0.000
0.977 0.023 0.000 0.000 0.000 0.000 0.000 0.000 0.000
0.956 0.044 0.000 0.000 0.000 0.000 0.000 0.000 0.000
0.991 0.003 0.000 0.000 0.000 0.000 0.000 0.006 0.000
0.994 0.002 0.000 0.000 0.000 0.000 0.000 0.004 0.000
0.994 0.002 0.000 0.000 0.000 0.000 0.000 0.004 0.000
0.992 0.002 0.000 0.000 0.000 0.000 0.000 0.006 0.000
0.992 0.002 0.000 0.000 0.000 0.000 0.000 0.007 0.000
0.994 0.001 0.000 0.000 0.000 0.000 0.000 0.005 0.000
0.996 0.001 0.000 0.000 0.000 0.000 0.000 0.003 0.000
0.997 0.001 0.000 0.000 0.000 0.000 0.000 0.002 0.000
0.997 0.001 0.000 0.000 0.000 0.000 0.000 0.002 0.000
0.997 0.001 0.000 0.000 0.000 0.000 0.000 0.002 0.000
0.996 0.001 0.000 0.000 0.000 0.000 0.000 0.003 0.000
0.996 0.001 0.000 0.000 0.000 0.000 0.000 0.004 0.000
0.996 0.001 0.000 0.000 0.000 0.000 0.000 0.003 0.000
0.998 0.000 0.000 0.000 0.000 0.000 0.000 0.001 0.000
0.999 0.000 0.000 0.000 0.000 0.000 0.000 0.001 0.000
0.999 0.000 0.000 0.000 0.000 0.000 0.000 0.001 0.000
0.906 0.049 0.021 0.000 0.000 0.000 0.000 0.023 0.001
0.941 0.036 0.012 0.000 0.000 0.000 0.000 0.010 0.001
0.963 0.026 0.006 0.000 0.000 0.000 0.000 0.003 0.002
0.938 0.051 0.005 0.000 0.000 0.000 0.000 0.002 0.003
0.925 0.064 0.005 0.000 0.000 0.000 0.000 0.002 0.003
0.929 0.062 0.004 0.000 0.000 0.000 0.000 0.002 0.003
0.945 0.046 0.004 0.000 0.000 0.000 0.000 0.002 0.003
0.950 0.043 0.003 0.000 0.000 0.000 0.000 0.002 0.002
0.958 0.042 0.000 0.000 0.000 0.000 0.000 0.000 0.000
0.990 0.010 0.000 0.000 0.000 0.000 0.000 0.000 0.000
0.965 0.035 0.000 0.000 0.000 0.000 0.000 0.000 0.000
0.857 0.143 0.000 0.000 0.000 0.000 0.000 0.000 0.000
0.982 0.005 0.000 0.000 0.000 0.000 0.000 0.014 0.000
0.986 0.004 0.000 0.000 0.000 0.000 0.000 0.010 0.000
0.989 0.003 0.000 0.000 0.000 0.000 0.000 0.007 0.000
0.991 0.003 0.000 0.000 0.000 0.000 0.000 0.006 0.000
0.988 0.004 0.000 0.000 0.000 0.000 0.000 0.008 0.000
0.987 0.003 0.000 0.000 0.000 0.000 0.000 0.011 0.000
0.992 0.002 0.000 0.000 0.000 0.000 0.000 0.006 0.000
0.994 0.002 0.000 0.000 0.000 0.000 0.000 0.005 0.000
0.996 0.001 0.000 0.000 0.000 0.000 0.000 0.003 0.000
0.996 0.001 0.000 0.000 0.000 0.000 0.000 0.003 0.000
0.996 0.001 0.000 0.000 0.000 0.000 0.000 0.004 0.000
0.994 0.001 0.000 0.000 0.000 0.000 0.000 0.005 0.000
0.994 0.001 0.000 0.000 0.000 0.000 0.000 0.005 0.000
0.998 0.000 0.000 0.000 0.000 0.000 0.000 0.002 0.000
0.998 0.000 0.000 0.000 0.000 0.000 0.000 0.001 0.000
0.998 0.000 0.000 0.000 0.000 0.000 0.000 0.001 0.000
0.997 0.002 0.000 0.000 0.000 0.000 0.000 0.001 0.000
0.998 0.002 0.000 0.000 0.000 0.000 0.000 0.000 0.000
0.903 0.083 0.007 0.000 0.000 0.000 0.000 0.003 0.004
0.932 0.056 0.005 0.000 0.000 0.000 0.000 0.002 0.004
0.933 0.056 0.005 0.000 0.000 0.000 0.000 0.003 0.003
0.929 0.061 0.005 0.000 0.000 0.000 0.000 0.003 0.003
0.930 0.060 0.004 0.000 0.000 0.000 0.000 0.003 0.003
0.954 0.039 0.002 0.000 0.000 0.000 0.000 0.002 0.003
0.964 0.029 0.002 0.000 0.000 0.000 0.000 0.002 0.002
0.990 0.010 0.000 0.000 0.000 0.000 0.000 0.000 0.000
0.971 0.029 0.000 0.000 0.000 0.000 0.000 0.000 0.000
0.935 0.065 0.000 0.000 0.000 0.000 0.000 0.000 0.000
0.974 0.007 0.000 0.000 0.000 0.000 0.000 0.019 0.000
0.981 0.005 0.000 0.000 0.000 0.000 0.000 0.014 0.000
0.978 0.003 0.000 0.000 0.000 0.000 0.000 0.019 0.000
0.982 0.003 0.000 0.000 0.000 0.000 0.000 0.016 0.000
0.982 0.003 0.000 0.000 0.000 0.000 0.000 0.015 0.000
0.987 0.002 0.000 0.000 0.000 0.000 0.000 0.011 0.000
0.989 0.002 0.000 0.000 0.000 0.000 0.000 0.009 0.000
0.992 0.002 0.000 0.000 0.000 0.000 0.000 0.006 0.000
0.993 0.001 0.000 0.000 0.000 0.000 0.000 0.006 0.000
0.992 0.001 0.000 0.000 0.000 0.000 0.000 0.007 0.000
0.998 0.000 0.000 0.000 0.000 0.000 0.000 0.002 0.000
0.996 0.003 0.000 0.000 0.000 0.000 0.000 0.001 0.000
0.994 0.004 0.000 0.000 0.000 0.000 0.000 0.002 0.000
0.886 0.097 0.008 0.001 0.000 0.000 0.000 0.006 0.003
0.936 0.053 0.005 0.000 0.000 0.000 0.000 0.003 0.003
0.953 0.037 0.004 0.000 0.000 0.000 0.000 0.003 0.002
0.942 0.048 0.004 0.000 0.000 0.000 0.000 0.004 0.002
0.919 0.070 0.004 0.001 0.000 0.000 0.000 0.003 0.003
0.942 0.050 0.003 0.001 0.000 0.000 0.000 0.002 0.003
0.957 0.036 0.002 0.000 0.000 0.000 0.000 0.002 0.003
0.975 0.019 0.002 0.000 0.000 0.000 0.000 0.003 0.001
0.981 0.019 0.000 0.000 0.000 0.000 0.000 0.000 0.000
0.958 0.042 0.000 0.000 0.000 0.000 0.000 0.000 0.000
0.950 0.008 0.000 0.000 0.000 0.000 0.000 0.042 0.000
0.963 0.008 0.000 0.000 0.000 0.000 0.000 0.029 0.000
0.976 0.006 0.000 0.000 0.000 0.000 0.000 0.018 0.000
0.975 0.003 0.000 0.000 0.000 0.000 0.000 0.022 0.000
0.978 0.002 0.000 0.000 0.000 0.000 0.000 0.020 0.000
0.986 0.002 0.000 0.000 0.000 0.000 0.000 0.012 0.000
0.989 0.001 0.000 0.000 0.000 0.000 0.000 0.010 0.000
0.990 0.001 0.000 0.000 0.000 0.000 0.000 0.009 0.000
0.997 0.000 0.000 0.000 0.000 0.000 0.000 0.003 0.000
0.996 0.000 0.000 0.000 0.000 0.000 0.000 0.003 0.000
0.996 0.000 0.000 0.000 0.000 0.000 0.000 0.003 0.000
0.996 0.000 0.000 0.000 0.000 0.000 0.000 0.004 0.000
0.883 0.099 0.007 0.001 0.000 0.000 0.000 0.008 0.003
0.898 0.086 0.006 0.001 0.000 0.000 0.000 0.006 0.003
0.956 0.034 0.004 0.000 0.000 0.000 0.000 0.004 0.002
0.951 0.039 0.004 0.000 0.000 0.000 0.000 0.005 0.002
0.939 0.051 0.003 0.000 0.000 0.000 0.000 0.005 0.002
0.950 0.042 0.002 0.001 0.000 0.000 0.000 0.002 0.003
0.962 0.031 0.002 0.000 0.000 0.000 0.000 0.002 0.003
0.972 0.022 0.001 0.000 0.000 0.000 0.000 0.002 0.002
0.978 0.016 0.001 0.000 0.000 0.000 0.000 0.003 0.001
0.989 0.011 0.000 0.000 0.000 0.000 0.000 0.000 0.000
0.966 0.034 0.000 0.000 0.000 0.000 0.000 0.000 0.000
0.928 0.072 0.000 0.000 0.000 0.000 0.000 0.000 0.000
0.912 0.010 0.000 0.000 0.000 0.000 0.000 0.077 0.000
0.936 0.009 0.000 0.000 0.000 0.000 0.000 0.055 0.000
0.946 0.009 0.000 0.000 0.000 0.000 0.000 0.045 0.000
0.963 0.002 0.000 0.000 0.000 0.000 0.000 0.034 0.000
0.975 0.002 0.000 0.000 0.000 0.000 0.000 0.023 0.000
0.984 0.001 0.000 0.000 0.000 0.000 0.000 0.014 0.000
0.986 0.001 0.000 0.000 0.000 0.000 0.000 0.013 0.000
0.985 0.001 0.000 0.000 0.000 0.000 0.000 0.014 0.000
0.997 0.000 0.000 0.000 0.000 0.000 0.000 0.003 0.000
0.997 0.000 0.000 0.000 0.000 0.000 0.000 0.003 0.000
0.996 0.000 0.000 0.000 0.000 0.000 0.000 0.004 0.000
0.997 0.001 0.000 0.000 0.000 0.000 0.000 0.002 0.000
0.996 0.003 0.000 0.000 0.000 0.000 0.000 0.002 0.000
0.961 0.029 0.003 0.000 0.000 0.000 0.000 0.003 0.003
0.970 0.021 0.003 0.000 0.000 0.000 0.000 0.003 0.002
0.973 0.018 0.002 0.000 0.000 0.000 0.000 0.004 0.001
0.945 0.045 0.003 0.001 0.000 0.000 0.000 0.005 0.002
0.954 0.037 0.002 0.001 0.000 0.000 0.000 0.003 0.002
0.959 0.034 0.001 0.001 0.000 0.000 0.000 0.002 0.002
0.972 0.022 0.001 0.001 0.000 0.000 0.000 0.002 0.002
0.979 0.016 0.001 0.000 0.000 0.000 0.000 0.003 0.001
0.977 0.023 0.000 0.000 0.000 0.000 0.000 0.000 0.000
0.958 0.042 0.000 0.000 0.000 0.000 0.000 0.000 0.000
0.892 0.013 0.000 0.000 0.000 0.000 0.000 0.095 0.000
0.912 0.012 0.000 0.000 0.000 0.000 0.000 0.076 0.000
0.964 0.002 0.000 0.000 0.000 0.000 0.000 0.034 0.000
0.972 0.002 0.000 0.000 0.000 0.000 0.000 0.026 0.000
0.978 0.001 0.000 0.000 0.000 0.000 0.000 0.021 0.000
0.981 0.001 0.000 0.000 0.000 0.000 0.000 0.018 0.000
0.978 0.001 0.000 0.000 0.000 0.000 0.000 0.021 0.000
0.979 0.001 0.000 0.000 0.000 0.000 0.000 0.020 0.000
0.969 0.001 0.000 0.000 0.000 0.000 0.000 0.030 0.000
0.997 0.000 0.000 0.000 0.000 0.000 0.000 0.002 0.000
0.997 0.000 0.000 0.000 0.000 0.000 0.000 0.003 0.000
0.997 0.000 0.000 0.000 0.000 0.000 0.000 0.003 0.000
0.997 0.000 0.000 0.000 0.000 0.000 0.000 0.003 0.000
0.996 0.002 0.000 0.000 0.000 0.000 0.000 0.002 0.000
0.997 0.002 0.000 0.000 0.000 0.000 0.000 0.001 0.000
0.965 0.026 0.002 0.000 0.000 0.000 0.000 0.003 0.003
0.972 0.020 0.002 0.000 0.000 0.000 0.000 0.003 0.003
0.976 0.016 0.002 0.000 0.000 0.000 0.000 0.005 0.001
0.966 0.025 0.002 0.000 0.000 0.000 0.000 0.005 0.002
0.963 0.029 0.002 0.001 0.000 0.000 0.000 0.004 0.002
0.965 0.028 0.001 0.001 0.000 0.000 0.000 0.003 0.002
0.971 0.023 0.001 0.001 0.000 0.000 0.000 0.002 0.002
0.986 0.010 0.001 0.000 0.000 0.000 0.000 0.002 0.001
0.908 0.092 0.000 0.000 0.000 0.000 0.000 0.000 0.000
0.966 0.034 0.000 0.000 0.000 0.000 0.000 0.000 0.000
0.837 0.017 0.000 0.000 0.000 0.000 0.000 0.146 0.000
0.868 0.013 0.000 0.000 0.000 0.000 0.000 0.119 0.000
0.889 0.011 0.000 0.000 0.000 0.000 0.000 0.100 0.000
0.971 0.001 0.000 0.000 0.000 0.000 0.000 0.028 0.000
0.972 0.001 0.000 0.000 0.000 0.000 0.000 0.027 0.000
0.972 0.001 0.000 0.000 0.000 0.000 0.000 0.027 0.000
0.957 0.001 0.000 0.000 0.000 0.000 0.000 0.042 0.000
0.994 0.000 0.000 0.000 0.000 0.000 0.000 0.006 0.000
0.999 0.000 0.000 0.000 0.000 0.000 0.000 0.001 0.000
0.997 0.000 0.000 0.000 0.000 0.000 0.000 0.003 0.000
0.997 0.000 0.000 0.000 0.000 0.000 0.000 0.003 0.000
0.997 0.000 0.000 0.000 0.000 0.000 0.000 0.003 0.000
0.997 0.000 0.000 0.000 0.000 0.000 0.000 0.003 0.000
0.997 0.001 0.000 0.000 0.000 0.000 0.000 0.002 0.000
0.997 0.001 0.000 0.000 0.000 0.000 0.000 0.002 0.000
0.965 0.026 0.002 0.001 0.000 0.000 0.000 0.003 0.004
0.976 0.017 0.002 0.000 0.000 0.000 0.000 0.003 0.002
0.975 0.017 0.001 0.000 0.000 0.000 0.000 0.004 0.002
0.968 0.023 0.002 0.001 0.000 0.000 0.000 0.005 0.002
0.968 0.024 0.001 0.001 0.000 0.000 0.000 0.005 0.002
0.969 0.024 0.001 0.001 0.000 0.000 0.000 0.004 0.002
0.975 0.019 0.001 0.001 0.000 0.000 0.000 0.002 0.002
0.980 0.014 0.001 0.001 0.000 0.000 0.000 0.002 0.002
0.973 0.027 0.000 0.000 0.000 0.000 0.000 0.000 0.000
0.955 0.045 0.000 0.000 0.000 0.000 0.000 0.000 0.000
0.749 0.024 0.000 0.000 0.000 0.000 0.000 0.227 0.000
0.799 0.018 0.000 0.000 0.000 0.000 0.000 0.183 0.000
0.835 0.015 0.000 0.000 0.000 0.000 0.000 0.151 0.000
0.961 0.001 0.000 0.000 0.000 0.000 0.000 0.038 0.000
0.957 0.001 0.000 0.000 0.000 0.000 0.000 0.042 0.000
0.978 0.001 0.000 0.000 0.000 0.000 0.000 0.021 0.000
0.982 0.003 0.000 0.000 0.000 0.000 0.000 0.014 0.000
0.985 0.002 0.000 0.000 0.000 0.000 0.000 0.013 0.000
0.960 0.001 0.000 0.000 0.000 0.000 0.000 0.039 0.000
0.997 0.000 0.000 0.000 0.000 0.000 0.000 0.003 0.000
0.997 0.000 0.000 0.000 0.000 0.000 0.000 0.003 0.000
0.997 0.000 0.000 0.000 0.000 0.000 0.000 0.003 0.000
0.997 0.000 0.000 0.000 0.000 0.000 0.000 0.003 0.000
0.996 0.001 0.000 0.000 0.000 0.000 0.000 0.003 0.000
0.970 0.021 0.001 0.001 0.000 0.000 0.000 0.003 0.003
0.979 0.013 0.001 0.000 0.000 0.000 0.000 0.004 0.002
0.970 0.020 0.001 0.001 0.000 0.000 0.000 0.006 0.001
0.973 0.018 0.001 0.001 0.000 0.000 0.000 0.006 0.001
0.975 0.018 0.001 0.001 0.000 0.000 0.000 0.004 0.002
0.976 0.017 0.001 0.001 0.000 0.000 0.000 0.003 0.002
0.980 0.014 0.001 0.001 0.000 0.000 0.000 0.003 0.002
0.944 0.056 0.000 0.000 0.000 0.000 0.000 0.000 0.000
0.989 0.011 0.000 0.000 0.000 0.000 0.000 0.000 0.000
0.970 0.030 0.000 0.000 0.000 0.000 0.000 0.000 0.000
0.784 0.016 0.000 0.000 0.000 0.000 0.000 0.200 0.000
0.774 0.014 0.000 0.000 0.000 0.000 0.000 0.212 0.000
0.771 0.016 0.000 0.000 0.000 0.000 0.000 0.213 0.000
0.966 0.001 0.000 0.000 0.000 0.000 0.000 0.033 0.000
0.969 0.001 0.000 0.000 0.000 0.000 0.000 0.030 0.000
0.962 0.001 0.000 0.000 0.000 0.000 0.000 0.038 0.000
0.962 0.000 0.000 0.000 0.000 0.000 0.000 0.037 0.000
0.961 0.001 0.000 0.000 0.000 0.000 0.000 0.038 0.000
0.968 0.000 0.000 0.000 0.000 0.000 0.000 0.032 0.000
0.997 0.000 0.000 0.000 0.000 0.000 0.000 0.003 0.000
0.997 0.000 0.000 0.000 0.000 0.000 0.000 0.003 0.000
0.997 0.000 0.000 0.000 0.000 0.000 0.000 0.003 0.000
0.997 0.000 0.000 0.000 0.000 0.000 0.000 0.003 0.000
0.973 0.019 0.001 0.001 0.000 0.000 0.000 0.003 0.003
0.977 0.015 0.001 0.001 0.000 0.000 0.000 0.003 0.002
0.983 0.010 0.001 0.000 0.000 0.000 0.000 0.004 0.001
0.982 0.010 0.001 0.001 0.000 0.000 0.000 0.005 0.001
0.973 0.018 0.001 0.001 0.000 0.000 0.000 0.007 0.001
0.975 0.017 0.001 0.001 0.000 0.000 0.000 0.005 0.001
0.981 0.013 0.001 0.001 0.000 0.000 0.000 0.004 0.001
0.982 0.012 0.000 0.001 0.000 0.000 0.000 0.003 0.001
0.992 0.007 0.000 0.000 0.000 0.000 0.000 0.000 0.000
0.973 0.027 0.000 0.000 0.000 0.000 0.000 0.000 0.000
0.951 0.049 0.000 0.000 0.000 0.000 0.000 0.000 0.000
0.743 0.023 0.000 0.000 0.000 0.000 0.000 0.234 0.000
0.782 0.019 0.000 0.000 0.000 0.000 0.000 0.199 0.000
0.761 0.016 0.000 0.000 0.000 0.000 0.000 0.223 0.000
0.968 0.001 0.000 0.000 0.000 0.000 0.000 0.031 0.000
0.966 0.000 0.000 0.000 0.000 0.000 0.000 0.033 0.000
0.961 0.000 0.000 0.000 0.000 0.000 0.000 0.039 0.000
0.965 0.001 0.000 0.000 0.000 0.000 0.000 0.035 0.000
0.997 0.000 0.000 0.000 0.000 0.000 0.000 0.003 0.000
0.997 0.000 0.000 0.000 0.000 0.000 0.000 0.003 0.000
0.997 0.000 0.000 0.000 0.000 0.000 0.000 0.003 0.000
0.978 0.014 0.001 0.001 0.000 0.000 0.000 0.004 0.002
0.981 0.012 0.001 0.001 0.000 0.000 0.000 0.004 0.002
0.980 0.011 0.001 0.001 0.000 0.000 0.000 0.007 0.001
0.977 0.014 0.001 0.001 0.000 0.000 0.000 0.006 0.001
0.980 0.012 0.000 0.001 0.000 0.000 0.000 0.005 0.001
0.981 0.013 0.000 0.001 0.000 0.000 0.000 0.004 0.001
0.985 0.015 0.000 0.000 0.000 0.000 0.000 0.000 0.000
0.989 0.011 0.000 0.000 0.000 0.000 0.000 0.000 0.000
0.681 0.027 0.000 0.000 0.000 0.000 0.000 0.292 0.000
0.757 0.021 0.000 0.000 0.000 0.000 0.000 0.221 0.000
0.755 0.020 0.000 0.000 0.000 0.000 0.000 0.225 0.000
0.962 0.000 0.000 0.000 0.000 0.000 0.000 0.037 0.000
0.952 0.000 0.000 0.000 0.000 0.000 0.000 0.048 0.000
0.956 0.000 0.000 0.000 0.000 0.000 0.000 0.043 0.000
0.967 0.001 0.000 0.000 0.000 0.000 0.000 0.033 0.000
0.997 0.000 0.000 0.000 0.000 0.000 0.000 0.002 0.000
0.998 0.000 0.000 0.000 0.000 0.000 0.000 0.002 0.000
0.997 0.000 0.000 0.000 0.000 0.000 0.000 0.003 0.000
0.980 0.012 0.001 0.001 0.000 0.000 0.000 0.004 0.002
0.985 0.008 0.001 0.001 0.000 0.000 0.000 0.005 0.001
0.980 0.010 0.001 0.001 0.000 0.000 0.000 0.008 0.001
0.977 0.013 0.000 0.001 0.000 0.000 0.000 0.007 0.001
0.982 0.010 0.000 0.001 0.000 0.000 0.000 0.006 0.001
0.978 0.022 0.000 0.000 0.000 0.000 0.000 0.000 0.000
0.930 0.070 0.000 0.000 0.000 0.000 0.000 0.000 0.000
0.733 0.020 0.000 0.000 0.000 0.000 0.000 0.247 0.000
0.755 0.019 0.000 0.000 0.000 0.000 0.000 0.225 0.000
0.955 0.000 0.000 0.000 0.000 0.000 0.000 0.044 0.000
0.959 0.000 0.000 0.000 0.000 0.000 0.000 0.041 0.000
0.969 0.000 0.000 0.000 0.000 0.000 0.000 0.031 0.000
0.978 0.000 0.000 0.000 0.000 0.000 0.000 0.021 0.000
0.996 0.000 0.000 0.000 0.000 0.000 0.000 0.004 0.000
0.997 0.000 0.000 0.000 0.000 0.000 0.000 0.003 0.000
0.983 0.009 0.000 0.001 0.000 0.000 0.000 0.004 0.002
0.982 0.010 0.000 0.001 0.000 0.000 0.000 0.005 0.002
0.983 0.008 0.000 0.001 0.000 0.000 0.000 0.007 0.001
0.980 0.009 0.000 0.001 0.000 0.000 0.000 0.009 0.001
0.978 0.011 0.000 0.001 0.000 0.000 0.000 0.009 0.001
0.975 0.013 0.000 0.002 0.000 0.000 0.000 0.009 0.001
0.976 0.012 0.000 0.002 0.000 0.000 0.000 0.009 0.001
0.986 0.007 0.000 0.001 0.000 0.000 0.000 0.005 0.001
0.984 0.016 0.000 0.000 0.000 0.000 0.000 0.000 0.000
0.752 0.022 0.000 0.000 0.000 0.000 0.000 0.227 0.000
0.747 0.019 0.000 0.000 0.000 0.000 0.000 0.233 0.000
0.964 0.000 0.000 0.000 0.000 0.000 0.000 0.036 0.000
0.961 0.000 0.000 0.000 0.000 0.000 0.000 0.038 0.000
0.967 0.000 0.000 0.000 0.000 0.000 0.000 0.033 0.000
0.973 0.000 0.000 0.000 0.000 0.000 0.000 0.027 0.000
0.996 0.000 0.000 0.000 0.000 0.000 0.000 0.004 0.000
0.996 0.000 0.000 0.000 0.000 0.000 0.000 0.004 0.000
0.996 0.000 0.000 0.000 0.000 0.000 0.000 0.004 0.000
0.984 0.008 0.000 0.001 0.000 0.000 0.000 0.004 0.002
0.985 0.007 0.000 0.001 0.000 0.000 0.000 0.005 0.001
0.985 0.007 0.000 0.001 0.000 0.000 0.000 0.006 0.001
0.982 0.007 0.000 0.001 0.000 0.000 0.000 0.009 0.001
0.977 0.008 0.000 0.001 0.000 0.000 0.000 0.013 0.000
0.986 0.007 0.000 0.001 0.000 0.000 0.000 0.005 0.001
0.986 0.006 0.000 0.001 0.000 0.000 0.000 0.005 0.001
0.980 0.020 0.000 0.000 0.000 0.000 0.000 0.000 0.000
0.933 0.067 0.000 0.000 0.000 0.000 0.000 0.000 0.000
0.764 0.019 0.000 0.000 0.000 0.000 0.000 0.217 0.000
0.964 0.000 0.000 0.000 0.000 0.000 0.000 0.036 0.000
0.971 0.000 0.000 0.000 0.000 0.000 0.000 0.029 0.000
0.968 0.000 0.000 0.000 0.000 0.000 0.000 0.032 0.000
0.971 0.000 0.000 0.000 0.000 0.000 0.000 0.029 0.000
0.935 0.000 0.000 0.000 0.000 0.000 0.000 0.064 0.000
0.994 0.000 0.000 0.000 0.000 0.000 0.000 0.005 0.000
0.995 0.000 0.000 0.000 0.000 0.000 0.000 0.005 0.000
0.995 0.000 0.000 0.000 0.000 0.000 0.000 0.005 0.000
0.994 0.000 0.000 0.000 0.000 0.000 0.000 0.006 0.000
0.985 0.007 0.000 0.001 0.000 0.000 0.000 0.005 0.001
0.986 0.006 0.000 0.001 0.000 0.000 0.000 0.006 0.001
0.976 0.003 0.000 0.000 0.000 0.000 0.000 0.020 0.000
0.980 0.006 0.000 0.001 0.000 0.000 0.000 0.013 0.000
0.983 0.007 0.000 0.001 0.000 0.000 0.000 0.007 0.001
0.980 0.020 0.000 0.000 0.000 0.000 0.000 0.000 0.000
0.967 0.033 0.000 0.000 0.000 0.000 0.000 0.000 0.000
0.739 0.025 0.000 0.000 0.000 0.000 0.000 0.236 0.000
0.758 0.022 0.000 0.000 0.000 0.000 0.000 0.220 0.000
0.757 0.019 0.000 0.000 0.000 0.000 0.000 0.224 0.000
0.935 0.000 0.000 0.000 0.000 0.000 0.000 0.065 0.000
0.951 0.000 0.000 0.000 0.000 0.000 0.000 0.049 0.000
0.987 0.000 0.000 0.000 0.000 0.000 0.000 0.013 0.000
0.910 0.000 0.000 0.000 0.000 0.000 0.000 0.090 0.000
0.975 0.000 0.000 0.000 0.000 0.000 0.000 0.025 0.000
0.987 0.000 0.000 0.000 0.000 0.000 0.000 0.012 0.000
0.990 0.000 0.000 0.000 0.000 0.000 0.000 0.010 0.000
0.993 0.000 0.000 0.000 0.000 0.000 0.000 0.007 0.000
0.995 0.000 0.000 0.000 0.000 0.000 0.000 0.005 0.000
0.992 0.000 0.000 0.000 0.000 0.000 0.000 0.008 0.000
0.987 0.004 0.000 0.001 0.000 0.000 0.000 0.007 0.001
0.981 0.008 0.000 0.002 0.000 0.000 0.000 0.009 0.001
0.986 0.006 0.000 0.001 0.000 0.000 0.000 0.006 0.001
0.987 0.006 0.000 0.002 0.000 0.000 0.000 0.005 0.001
0.983 0.017 0.000 0.000 0.000 0.000 0.000 0.000 0.000
0.993 0.007 0.000 0.000 0.000 0.000 0.000 0.000 0.000
0.978 0.022 0.000 0.000 0.000 0.000 0.000 0.000 0.000
0.855 0.145 0.000 0.000 0.000 0.000 0.000 0.000 0.000
0.683 0.055 0.000 0.000 0.000 0.000 0.000 0.262 0.000
0.744 0.027 0.000 0.000 0.000 0.000 0.000 0.229 0.000
0.735 0.023 0.000 0.000 0.000 0.000 0.000 0.242 0.000
0.980 0.000 0.000 0.000 0.000 0.000 0.000 0.020 0.000
0.981 0.000 0.000 0.000 0.000 0.000 0.000 0.019 0.000
0.978 0.000 0.000 0.000 0.000 0.000 0.000 0.022 0.000
0.979 0.000 0.000 0.000 0.000 0.000 0.000 0.021 0.000
0.934 0.000 0.000 0.000 0.000 0.000 0.000 0.066 0.000
0.964 0.000 0.000 0.000 0.000 0.000 0.000 0.036 0.000
0.963 0.000 0.000 0.000 0.000 0.000 0.000 0.037 0.000
0.973 0.000 0.000 0.000 0.000 0.000 0.000 0.027 0.000
0.969 0.000 0.000 0.000 0.000 0.000 0.000 0.030 0.000
0.974 0.000 0.000 0.000 0.000 0.000 0.000 0.025 0.000
0.983 0.000 0.000 0.000 0.000 0.000 0.000 0.017 0.000
0.990 0.000 0.000 0.000 0.000 0.000 0.000 0.010 0.000
0.992 0.000 0.000 0.000 0.000 0.000 0.000 0.007 0.000
0.993 0.000 0.000 0.000 0.000 0.000 0.000 0.006 0.000
0.993 0.000 0.000 0.000 0.000 0.000 0.000 0.007 0.000
0.986 0.006 0.000 0.001 0.000 0.000 0.000 0.005 0.001
0.983 0.006 0.000 0.001 0.000 0.000 0.000 0.009 0.001
0.979 0.007 0.000 0.001 0.000 0.000 0.000 0.011 0.000
0.981 0.007 0.000 0.002 0.000 0.000 0.000 0.009 0.001
0.986 0.005 0.000 0.001 0.000 0.000 0.000 0.007 0.001
0.986 0.006 0.000 0.002 0.000 0.000 0.000 0.006 0.001
0.997 0.003 0.000 0.000 0.000 0.000 0.000 0.000 0.000
0.983 0.017 0.000 0.000 0.000 0.000 0.000 0.000 0.000
0.961 0.039 0.000 0.000 0.000 0.000 0.000 0.000 0.000
0.721 0.023 0.000 0.000 0.000 0.000 0.000 0.255 0.000
0.753 0.025 0.000 0.000 0.000 0.000 0.000 0.222 0.000
0.722 0.023 0.000 0.000 0.000 0.000 0.000 0.255 0.000
0.971 0.000 0.000 0.000 0.000 0.000 0.000 0.029 0.000
0.976 0.000 0.000 0.000 0.000 0.000 0.000 0.024 0.000
0.975 0.000 0.000 0.000 0.000 0.000 0.000 0.024 0.000
0.973 0.000 0.000 0.000 0.000 0.000 0.000 0.027 0.000
0.974 0.000 0.000 0.000 0.000 0.000 0.000 0.026 0.000
0.972 0.000 0.000 0.000 0.000 0.000 0.000 0.028 0.000
0.974 0.000 0.000 0.000 0.000 0.000 0.000 0.026 0.000
0.970 0.000 0.000 0.000 0.000 0.000 0.000 0.030 0.000
0.976 0.000 0.000 0.000 0.000 0.000 0.000 0.023 0.000
0.982 0.000 0.000 0.000 0.000 0.000 0.000 0.018 0.000
0.989 0.000 0.000 0.000 0.000 0.000 0.000 0.010 0.000
0.991 0.000 0.000 0.000 0.000 0.000 0.000 0.009 0.000
0.991 0.000 0.000 0.000 0.000 0.000 0.000 0.009 0.000
0.991 0.000 0.000 0.000 0.000 0.000 0.000 0.009 0.000
0.986 0.006 0.000 0.001 0.000 0.000 0.000 0.007 0.001
0.985 0.005 0.000 0.001 0.000 0.000 0.000 0.009 0.001
0.981 0.006 0.000 0.001 0.000 0.000 0.000 0.011 0.000
0.981 0.008 0.000 0.002 0.000 0.000 0.000 0.009 0.001
0.984 0.006 0.000 0.002 0.000 0.000 0.000 0.007 0.001
0.988 0.005 0.000 0.002 0.000 0.000 0.000 0.005 0.001
0.993 0.007 0.000 0.000 0.000 0.000 0.000 0.000 0.000
0.992 0.008 0.000 0.000 0.000 0.000 0.000 0.000 0.000
0.979 0.021 0.000 0.000 0.000 0.000 0.000 0.000 0.000
0.753 0.027 0.000 0.000 0.000 0.000 0.000 0.221 0.000
0.730 0.025 0.000 0.000 0.000 0.000 0.000 0.246 0.000
0.959 0.000 0.000 0.000 0.000 0.000 0.000 0.040 0.000
0.968 0.000 0.000 0.000 0.000 0.000 0.000 0.032 0.000
0.971 0.000 0.000 0.000 0.000 0.000 0.000 0.029 0.000
0.975 0.000 0.000 0.000 0.000 0.000 0.000 0.025 0.000
0.972 0.000 0.000 0.000 0.000 0.000 0.000 0.027 0.000
0.969 0.000 0.000 0.000 0.000 0.000 0.000 0.031 0.000
0.973 0.000 0.000 0.000 0.000 0.000 0.000 0.027 0.000
0.978 0.000 0.000 0.000 0.000 0.000 0.000 0.022 0.000
0.984 0.000 0.000 0.000 0.000 0.000 0.000 0.016 0.000
0.987 0.000 0.000 0.000 0.000 0.000 0.000 0.012 0.000
0.990 0.000 0.000 0.000 0.000 0.000 0.000 0.010 0.000
0.987 0.005 0.000 0.001 0.000 0.000 0.000 0.006 0.001
0.985 0.004 0.000 0.001 0.000 0.000 0.000 0.009 0.000
0.977 0.007 0.000 0.002 0.000 0.000 0.000 0.014 0.000
0.979 0.007 0.000 0.002 0.000 0.000 0.000 0.011 0.000
0.986 0.005 0.000 0.002 0.000 0.000 0.000 0.006 0.001
0.988 0.005 0.000 0.002 0.000 0.000 0.000 0.005 0.000
0.998 0.002 0.000 0.000 0.000 0.000 0.000 0.000 0.000
0.984 0.016 0.000 0.000 0.000 0.000 0.000 0.000 0.000
0.941 0.059 0.000 0.000 0.000 0.000 0.000 0.000 0.000
0.731 0.025 0.000 0.000 0.000 0.000 0.000 0.244 0.000
0.679 0.027 0.000 0.000 0.000 0.000 0.000 0.294 0.000
0.974 0.000 0.000 0.000 0.000 0.000 0.000 0.026 0.000
0.979 0.000 0.000 0.000 0.000 0.000 0.000 0.021 0.000
0.989 0.000 0.000 0.000 0.000 0.000 0.000 0.011 0.000
0.989 0.000 0.000 0.000 0.000 0.000 0.000 0.011 0.000
0.989 0.000 0.000 0.000 0.000 0.000 0.000 0.010 0.000
0.987 0.004 0.000 0.001 0.000 0.000 0.000 0.006 0.001
0.983 0.004 0.000 0.001 0.000 0.000 0.000 0.011 0.000
0.980 0.005 0.000 0.001 0.000 0.000 0.000 0.014 0.000
0.980 0.007 0.000 0.002 0.000 0.000 0.000 0.010 0.000
0.986 0.005 0.000 0.002 0.000 0.000 0.000 0.007 0.000
0.988 0.004 0.000 0.002 0.000 0.000 0.000 0.005 0.000
0.997 0.003 0.000 0.000 0.000 0.000 0.000 0.000 0.000
0.990 0.010 0.000 0.000 0.000 0.000 0.000 0.000 0.000
0.981 0.019 0.000 0.000 0.000 0.000 0.000 0.000 0.000
0.768 0.026 0.000 0.000 0.000 0.000 0.000 0.206 0.000
0.738 0.024 0.000 0.000 0.000 0.000 0.000 0.238 0.000
0.988 0.000 0.000 0.000 0.000 0.000 0.000 0.012 0.000
0.990 0.000 0.000 0.000 0.000 0.000 0.000 0.010 0.000
0.988 0.000 0.000 0.000 0.000 0.000 0.000 0.012 0.000
0.986 0.000 0.000 0.000 0.000 0.000 0.000 0.014 0.000
0.987 0.004 0.000 0.001 0.000 0.000 0.000 0.007 0.001
0.986 0.004 0.000 0.001 0.000 0.000 0.000 0.009 0.000
0.979 0.006 0.000 0.002 0.000 0.000 0.000 0.014 0.000
0.981 0.006 0.000 0.002 0.000 0.000 0.000 0.010 0.000
0.987 0.004 0.000 0.002 0.000 0.000 0.000 0.006 0.000
0.988 0.005 0.000 0.002 0.000 0.000 0.000 0.005 0.000
0.996 0.004 0.000 0.000 0.000 0.000 0.000 0.000 0.000
0.984 0.016 0.000 0.000 0.000 0.000 0.000 0.000 0.000
0.754 0.029 0.000 0.000 0.000 0.000 0.000 0.217 0.000
0.767 0.029 0.000 0.000 0.000 0.000 0.000 0.204 0.000
0.703 0.030 0.000 0.000 0.000 0.000 0.000 0.267 0.000
0.986 0.000 0.000 0.000 0.000 0.000 0.000 0.014 0.000
0.988 0.000 0.000 0.000 0.000 0.000 0.000 0.012 0.000
0.988 0.000 0.000 0.000 0.000 0.000 0.000 0.011 0.000
0.987 0.000 0.000 0.000 0.000 0.000 0.000 0.012 0.000
0.988 0.004 0.000 0.002 0.000 0.000 0.000 0.006 0.001
0.984 0.004 0.000 0.001 0.000 0.000 0.000 0.011 0.000
0.981 0.005 0.000 0.002 0.000 0.000 0.000 0.012 0.000
0.987 0.005 0.000 0.002 0.000 0.000 0.000 0.006 0.000
0.998 0.002 0.000 0.000 0.000 0.000 0.000 0.000 0.000
0.985 0.015 0.000 0.000 0.000 0.000 0.000 0.000 0.000
0.975 0.025 0.000 0.000 0.000 0.000 0.000 0.000 0.000
0.761 0.031 0.000 0.000 0.000 0.000 0.000 0.209 0.000
0.743 0.029 0.000 0.000 0.000 0.000 0.000 0.228 0.000
0.986 0.000 0.000 0.000 0.000 0.000 0.000 0.014 0.000
0.988 0.000 0.000 0.000 0.000 0.000 0.000 0.012 0.000
0.988 0.000 0.000 0.000 0.000 0.000 0.000 0.011 0.000
0.987 0.000 0.000 0.000 0.000 0.000 0.000 0.012 0.000
0.991 0.000 0.000 0.000 0.000 0.000 0.000 0.009 0.000
0.987 0.004 0.000 0.002 0.000 0.000 0.000 0.007 0.001
0.987 0.003 0.000 0.001 0.000 0.000 0.000 0.008 0.000
0.983 0.005 0.000 0.002 0.000 0.000 0.000 0.011 0.000
0.984 0.005 0.000 0.002 0.000 0.000 0.000 0.008 0.000
0.984 0.006 0.000 0.002 0.000 0.000 0.000 0.008 0.000
0.987 0.005 0.000 0.002 0.000 0.000 0.000 0.005 0.000
0.996 0.004 0.000 0.000 0.000 0.000 0.000 0.000 0.000
0.996 0.004 0.000 0.000 0.000 0.000 0.000 0.000 0.000
0.983 0.017 0.000 0.000 0.000 0.000 0.000 0.000 0.000
0.784 0.029 0.000 0.000 0.000 0.000 0.000 0.187 0.000
0.743 0.034 0.000 0.000 0.000 0.000 0.000 0.223 0.000
0.692 0.031 0.000 0.000 0.000 0.000 0.000 0.277 0.000
0.981 0.000 0.000 0.000 0.000 0.000 0.000 0.018 0.000
0.985 0.000 0.000 0.000 0.000 0.000 0.000 0.015 0.000
0.989 0.000 0.000 0.000 0.000 0.000 0.000 0.011 0.000
0.991 0.000 0.000 0.000 0.000 0.000 0.000 0.009 0.000
0.991 0.000 0.000 0.000 0.000 0.000 0.000 0.009 0.000
0.992 0.000 0.000 0.000 0.000 0.000 0.000 0.008 0.000
0.989 0.003 0.000 0.002 0.000 0.000 0.000 0.005 0.000
0.985 0.004 0.000 0.002 0.000 0.000 0.000 0.010 0.000
0.980 0.005 0.000 0.002 0.000 0.000 0.000 0.012 0.000
0.981 0.006 0.000 0.002 0.000 0.000 0.000 0.010 0.000
0.984 0.006 0.000 0.002 0.000 0.000 0.000 0.008 0.000
0.998 0.002 0.000 0.000 0.000 0.000 0.000 0.000 0.000
0.781 0.032 0.000 0.000 0.000 0.000 0.000 0.187 0.000
0.979 0.000 0.000 0.000 0.000 0.000 0.000 0.021 0.000
0.983 0.000 0.000 0.000 0.000 0.000 0.000 0.017 0.000
0.989 0.000 0.000 0.000 0.000 0.000 0.000 0.011 0.000
0.991 0.000 0.000 0.000 0.000 0.000 0.000 0.009 0.000
0.992 0.000 0.000 0.000 0.000 0.000 0.000 0.008 0.000
0.991 0.000 0.000 0.000 0.000 0.000 0.000 0.009 0.000
0.988 0.003 0.000 0.002 0.000 0.000 0.000 0.006 0.000
0.985 0.003 0.000 0.002 0.000 0.000 0.000 0.010 0.000
0.981 0.004 0.000 0.002 0.000 0.000 0.000 0.013 0.000
0.983 0.005 0.000 0.002 0.000 0.000 0.000 0.010 0.000
0.991 0.009 0.000 0.000 0.000 0.000 0.000 0.000 0.000
0.986 0.014 0.000 0.000 0.000 0.000 0.000 0.000 0.000
0.813 0.032 0.000 0.000 0.000 0.000 0.000 0.154 0.000
0.746 0.036 0.000 0.000 0.000 0.000 0.000 0.217 0.000
0.657 0.028 0.000 0.000 0.000 0.000 0.000 0.315 0.000
0.978 0.000 0.000 0.000 0.000 0.000 0.000 0.021 0.000
0.986 0.000 0.000 0.000 0.000 0.000 0.000 0.014 0.000
0.990 0.000 0.000 0.000 0.000 0.000 0.000 0.010 0.000
0.991 0.000 0.000 0.000 0.000 0.000 0.000 0.008 0.000
0.990 0.000 0.000 0.000 0.000 0.000 0.000 0.010 0.000
0.990 0.000 0.000 0.000 0.000 0.000 0.000 0.010 0.000
0.988 0.003 0.000 0.002 0.000 0.000 0.000 0.007 0.000
0.986 0.003 0.000 0.002 0.000 0.000 0.000 0.010 0.000
0.982 0.005 0.000 0.002 0.000 0.000 0.000 0.011 0.000
0.983 0.006 0.000 0.002 0.000 0.000 0.000 0.009 0.000
0.998 0.002 0.000 0.000 0.000 0.000 0.000 0.000 0.000
0.987 0.012 0.000 0.000 0.000 0.000 0.000 0.000 0.000
0.959 0.041 0.000 0.000 0.000 0.000 0.000 0.000 0.000
0.792 0.035 0.000 0.000 0.000 0.000 0.000 0.173 0.000
0.804 0.040 0.000 0.000 0.000 0.000 0.000 0.156 0.000
0.720 0.029 0.000 0.000 0.000 0.000 0.000 0.251 0.000
0.980 0.000 0.000 0.000 0.000 0.000 0.000 0.020 0.000
0.984 0.000 0.000 0.000 0.000 0.000 0.000 0.015 0.000
0.990 0.000 0.000 0.000 0.000 0.000 0.000 0.009 0.000
0.991 0.000 0.000 0.000 0.000 0.000 0.000 0.008 0.000
0.990 0.000 0.000 0.000 0.000 0.000 0.000 0.009 0.000
0.992 0.000 0.000 0.000 0.000 0.000 0.000 0.008 0.000
0.989 0.003 0.000 0.002 0.000 0.000 0.000 0.006 0.000
0.982 0.004 0.000 0.002 0.000 0.000 0.000 0.011 0.000
0.979 0.005 0.000 0.002 0.000 0.000 0.000 0.014 0.000
0.981 0.006 0.000 0.002 0.000 0.000 0.000 0.010 0.000
0.983 0.007 0.000 0.002 0.000 0.000 0.000 0.009 0.000
0.999 0.001 0.000 0.000 0.000 0.000 0.000 0.000 0.000
0.992 0.008 0.000 0.000 0.000 0.000 0.000 0.000 0.000
0.981 0.018 0.000 0.000 0.000 0.000 0.000 0.000 0.000
0.823 0.038 0.000 0.000 0.000 0.000 0.000 0.138 0.000
0.695 0.031 0.000 0.000 0.000 0.000 0.000 0.274 0.000
0.985 0.000 0.000 0.000 0.000 0.000 0.000 0.015 0.000
0.990 0.000 0.000 0.000 0.000 0.000 0.000 0.009 0.000
0.993 0.000 0.000 0.000 0.000 0.000 0.000 0.006 0.000
0.994 0.000 0.000 0.000 0.000 0.000 0.000 0.006 0.000
0.993 0.000 0.000 0.000 0.000 0.000 0.000 0.007 0.000
0.987 0.003 0.000 0.002 0.000 0.000 0.000 0.009 0.000
0.983 0.003 0.000 0.002 0.000 0.000 0.000 0.012 0.000
0.979 0.005 0.000 0.002 0.000 0.000 0.000 0.013 0.000
0.981 0.006 0.000 0.002 0.000 0.000 0.000 0.010 0.000
0.981 0.008 0.000 0.002 0.000 0.000 0.000 0.009 0.000
0.994 0.006 0.000 0.000 0.000 0.000 0.000 0.000 0.000
0.996 0.004 0.000 0.000 0.000 0.000 0.000 0.000 0.000
0.987 0.013 0.000 0.000 0.000 0.000 0.000 0.000 0.000
0.821 0.040 0.000 0.000 0.000 0.000 0.000 0.139 0.000
0.784 0.041 0.000 0.000 0.000 0.000 0.000 0.175 0.000
0.978 0.000 0.000 0.001 0.000 0.000 0.000 0.021 0.000
0.985 0.000 0.000 0.001 0.000 0.000 0.000 0.014 0.000
0.988 0.000 0.000 0.001 0.000 0.000 0.000 0.011 0.000
0.992 0.000 0.000 0.000 0.000 0.000 0.000 0.007 0.000
0.993 0.000 0.000 0.000 0.000 0.000 0.000 0.006 0.000
0.992 0.000 0.000 0.000 0.000 0.000 0.000 0.007 0.000
0.989 0.003 0.000 0.002 0.000 0.000 0.000 0.006 0.000
0.988 0.003 0.000 0.002 0.000 0.000 0.000 0.008 0.000
0.980 0.004 0.000 0.002 0.000 0.000 0.000 0.014 0.000
0.977 0.006 0.000 0.002 0.000 0.000 0.000 0.014 0.000
0.981 0.006 0.000 0.002 0.000 0.000 0.000 0.010 0.000
0.983 0.008 0.000 0.002 0.000 0.000 0.000 0.007 0.000
0.998 0.002 0.000 0.000 0.000 0.000 0.000 0.000 0.000
0.975 0.025 0.000 0.000 0.000 0.000 0.000 0.000 0.000
0.830 0.042 0.000 0.000 0.000 0.000 0.000 0.128 0.000
0.809 0.041 0.000 0.000 0.000 0.000 0.000 0.150 0.000
0.741 0.040 0.000 0.000 0.000 0.000 0.000 0.219 0.000
0.984 0.000 0.000 0.001 0.000 0.000 0.000 0.015 0.000
0.992 0.000 0.000 0.001 0.000 0.000 0.000 0.007 0.000
0.994 0.000 0.000 0.000 0.000 0.000 0.000 0.005 0.000
0.988 0.003 0.000 0.002 0.000 0.000 0.000 0.007 0.000
0.977 0.005 0.000 0.002 0.000 0.000 0.000 0.016 0.000
0.975 0.008 0.000 0.003 0.000 0.000 0.000 0.014 0.000
0.977 0.011 0.000 0.003 0.000 0.000 0.000 0.009 0.000
0.995 0.005 0.000 0.000 0.000 0.000 0.000 0.000 0.000
0.993 0.007 0.000 0.000 0.000 0.000 0.000 0.000 0.000
0.988 0.011 0.000 0.000 0.000 0.000 0.000 0.000 0.000
0.806 0.041 0.000 0.000 0.000 0.000 0.000 0.153 0.000
0.825 0.043 0.000 0.000 0.000 0.000 0.000 0.132 0.000
0.775 0.044 0.000 0.000 0.000 0.000 0.000 0.181 0.000
0.986 0.000 0.000 0.001 0.000 0.000 0.000 0.013 0.000
0.991 0.000 0.000 0.001 0.000 0.000 0.000 0.007 0.000
0.993 0.000 0.000 0.001 0.000 0.000 0.000 0.006 0.000
0.993 0.000 0.000 0.001 0.000 0.000 0.000 0.006 0.000
0.994 0.000 0.000 0.000 0.000 0.000 0.000 0.006 0.000
0.985 0.003 0.000 0.002 0.000 0.000 0.000 0.009 0.000
0.977 0.004 0.000 0.002 0.000 0.000 0.000 0.016 0.000
0.972 0.006 0.000 0.002 0.000 0.000 0.000 0.019 0.000
0.974 0.008 0.000 0.003 0.000 0.000 0.000 0.015 0.000
0.976 0.009 0.000 0.003 0.000 0.000 0.000 0.012 0.000
0.989 0.010 0.000 0.000 0.000 0.000 0.000 0.000 0.000
0.968 0.032 0.000 0.000 0.000 0.000 0.000 0.000 0.000
0.818 0.045 0.000 0.000 0.000 0.000 0.000 0.136 0.000
0.803 0.042 0.000 0.000 0.000 0.000 0.000 0.155 0.000
0.729 0.044 0.000 0.000 0.000 0.000 0.000 0.226 0.000
0.986 0.000 0.000 0.001 0.000 0.000 0.000 0.012 0.000
0.991 0.000 0.000 0.001 0.000 0.000 0.000 0.008 0.000
0.992 0.000 0.000 0.001 0.000 0.000 0.000 0.007 0.000
0.992 0.000 0.000 0.001 0.000 0.000 0.000 0.007 0.000
0.984 0.003 0.000 0.002 0.000 0.000 0.000 0.011 0.000
0.969 0.008 0.000 0.003 0.000 0.000 0.000 0.020 0.000
0.974 0.008 0.000 0.002 0.000 0.000 0.000 0.015 0.000
0.977 0.010 0.000 0.003 0.000 0.000 0.000 0.011 0.000
0.998 0.002 0.000 0.000 0.000 0.000 0.000 0.000 0.000
0.991 0.009 0.000 0.000 0.000 0.000 0.000 0.000 0.000
0.982 0.018 0.000 0.000 0.000 0.000 0.000 0.000 0.000
0.818 0.042 0.000 0.000 0.000 0.000 0.000 0.140 0.000
0.824 0.045 0.000 0.000 0.000 0.000 0.000 0.131 0.000
0.780 0.044 0.000 0.000 0.000 0.000 0.000 0.176 0.000
0.983 0.000 0.000 0.001 0.000 0.000 0.000 0.016 0.000
0.990 0.000 0.000 0.001 0.000 0.000 0.000 0.009 0.000
0.992 0.000 0.000 0.001 0.000 0.000 0.000 0.007 0.000
0.992 0.000 0.000 0.001 0.000 0.000 0.000 0.007 0.000
0.989 0.000 0.000 0.000 0.000 0.000 0.000 0.010 0.000
0.985 0.000 0.001 0.001 0.000 0.000 0.000 0.014 0.000
0.986 0.003 0.000 0.003 0.000 0.000 0.000 0.008 0.000
0.983 0.003 0.000 0.002 0.000 0.000 0.000 0.011 0.000
0.974 0.005 0.000 0.002 0.000 0.000 0.000 0.018 0.000
0.970 0.008 0.000 0.003 0.000 0.000 0.000 0.020 0.000
0.974 0.009 0.000 0.003 0.000 0.000 0.000 0.014 0.000
0.977 0.010 0.000 0.002 0.000 0.000 0.000 0.011 0.000
0.997 0.003 0.000 0.000 0.000 0.000 0.000 0.000 0.000
0.990 0.010 0.000 0.000 0.000 0.000 0.000 0.000 0.000
0.827 0.045 0.000 0.000 0.000 0.000 0.000 0.128 0.000
0.794 0.046 0.000 0.000 0.000 0.000 0.000 0.159 0.000
0.984 0.000 0.000 0.001 0.000 0.000 0.000 0.014 0.000
0.988 0.000 0.000 0.001 0.000 0.000 0.000 0.011 0.000
0.991 0.000 0.000 0.001 0.000 0.000 0.000 0.008 0.000
0.992 0.000 0.000 0.000 0.000 0.000 0.000 0.007 0.000
0.988 0.000 0.000 0.000 0.000 0.000 0.000 0.011 0.000
0.986 0.003 0.000 0.002 0.000 0.000 0.000 0.008 0.000
0.979 0.004 0.000 0.002 0.000 0.000 0.000 0.015 0.000
0.973 0.005 0.000 0.002 0.000 0.000 0.000 0.020 0.000
0.972 0.008 0.000 0.002 0.000 0.000 0.000 0.018 0.000
0.974 0.010 0.000 0.003 0.000 0.000 0.000 0.014 0.000
0.973 0.013 0.000 0.003 0.000 0.000 0.000 0.011 0.000
0.990 0.010 0.000 0.000 0.000 0.000 0.000 0.000 0.000
0.818 0.049 0.000 0.000 0.000 0.000 0.000 0.132 0.000
0.988 0.000 0.000 0.001 0.000 0.000 0.000 0.010 0.000
0.989 0.000 0.000 0.001 0.000 0.000 0.000 0.010 0.000
0.984 0.000 0.001 0.001 0.000 0.000 0.000 0.015 0.000
0.980 0.000 0.001 0.001 0.000 0.000 0.000 0.018 0.000
0.984 0.003 0.000 0.002 0.000 0.000 0.000 0.011 0.000
0.979 0.004 0.000 0.002 0.000 0.000 0.000 0.015 0.000
0.973 0.008 0.000 0.002 0.000 0.000 0.000 0.017 0.000
0.976 0.010 0.000 0.002 0.000 0.000 0.000 0.012 0.000
0.996 0.003 0.000 0.000 0.000 0.000 0.000 0.000 0.000
0.996 0.004 0.000 0.000 0.000 0.000 0.000 0.000 0.000
0.987 0.012 0.000 0.000 0.000 0.000 0.000 0.000 0.000
0.801 0.046 0.000 0.000 0.000 0.000 0.000 0.152 0.000
0.813 0.050 0.000 0.000 0.000 0.000 0.000 0.137 0.000
0.770 0.049 0.000 0.000 0.000 0.000 0.000 0.181 0.000
0.983 0.000 0.000 0.001 0.000 0.000 0.000 0.015 0.000
0.985 0.000 0.000 0.001 0.000 0.000 0.000 0.013 0.000
0.989 0.000 0.000 0.001 0.000 0.000 0.000 0.010 0.000
0.988 0.000 0.000 0.001 0.000 0.000 0.000 0.011 0.000
0.984 0.000 0.001 0.001 0.000 0.000 0.000 0.015 0.000
0.987 0.003 0.000 0.003 0.000 0.000 0.000 0.007 0.000
0.984 0.003 0.000 0.002 0.000 0.000 0.000 0.010 0.000
0.970 0.008 0.000 0.003 0.000 0.000 0.000 0.019 0.000
0.972 0.010 0.000 0.003 0.000 0.000 0.000 0.015 0.000
0.999 0.001 0.000 0.000 0.000 0.000 0.000 0.000 0.000
0.990 0.009 0.000 0.000 0.000 0.000 0.000 0.000 0.000
0.961 0.038 0.000 0.001 0.000 0.000 0.000 0.000 0.000
0.796 0.058 0.000 0.000 0.000 0.000 0.000 0.146 0.000
0.797 0.055 0.000 0.000 0.000 0.000 0.000 0.147 0.000
0.763 0.052 0.000 0.000 0.000 0.000 0.000 0.185 0.000
0.710 0.054 0.000 0.000 0.000 0.000 0.000 0.236 0.000
0.981 0.000 0.000 0.001 0.000 0.000 0.000 0.017 0.000
0.986 0.000 0.000 0.001 0.000 0.000 0.000 0.012 0.000
0.982 0.000 0.001 0.001 0.000 0.000 0.000 0.017 0.000
0.979 0.000 0.001 0.001 0.000 0.000 0.000 0.020 0.000
0.987 0.003 0.000 0.003 0.000 0.000 0.000 0.007 0.000
0.978 0.005 0.000 0.002 0.000 0.000 0.000 0.015 0.000
0.969 0.007 0.000 0.003 0.000 0.000 0.000 0.021 0.000
0.966 0.010 0.000 0.003 0.000 0.000 0.000 0.020 0.000
0.973 0.010 0.000 0.003 0.000 0.000 0.000 0.014 0.000
0.972 0.012 0.000 0.003 0.000 0.000 0.000 0.013 0.000
0.993 0.007 0.000 0.000 0.000 0.000 0.000 0.000 0.000
0.986 0.013 0.000 0.000 0.000 0.000 0.000 0.000 0.000
0.804 0.062 0.000 0.000 0.000 0.000 0.000 0.134 0.000
0.707 0.050 0.000 0.000 0.000 0.000 0.000 0.243 0.000
0.662 0.049 0.000 0.000 0.000 0.000 0.000 0.288 0.000
0.977 0.000 0.001 0.001 0.000 0.000 0.000 0.021 0.000
0.985 0.000 0.000 0.001 0.000 0.000 0.000 0.014 0.000
0.986 0.000 0.000 0.001 0.000 0.000 0.000 0.013 0.000
0.976 0.000 0.001 0.001 0.000 0.000 0.000 0.023 0.000
0.966 0.000 0.001 0.003 0.000 0.000 0.000 0.030 0.000
0.986 0.004 0.000 0.004 0.000 0.000 0.000 0.006 0.000
0.979 0.005 0.000 0.003 0.000 0.000 0.000 0.013 0.000
0.974 0.005 0.000 0.002 0.000 0.000 0.000 0.018 0.000
0.968 0.010 0.000 0.003 0.000 0.000 0.000 0.019 0.000
0.972 0.010 0.000 0.003 0.000 0.000 0.000 0.014 0.000
0.972 0.013 0.000 0.003 0.000 0.000 0.000 0.012 0.000
0.998 0.002 0.000 0.000 0.000 0.000 0.000 0.000 0.000
