0.982 0.018 0.000 0.000 0.000 0.000 0.000 0.000 0.000
0.991 0.009 0.000 0.000 0.000 0.000 0.000 0.000 0.000
0.983 0.017 0.000 0.000 0.000 0.000 0.000 0.000 0.000
0.975 0.019 0.000 0.000 0.000 0.000 0.000 0.006 0.000
0.985 0.011 0.000 0.000 0.000 0.000 0.000 0.004 0.000
0.988 0.008 0.000 0.000 0.000 0.000 0.000 0.004 0.000
0.990 0.007 0.000 0.000 0.000 0.000 0.000 0.003 0.000
0.990 0.007 0.000 0.000 0.000 0.000 0.000 0.003 0.000
0.989 0.007 0.000 0.000 0.000 0.000 0.000 0.004 0.000
0.990 0.006 0.000 0.000 0.000 0.000 0.000 0.004 0.000
0.992 0.004 0.000 0.000 0.000 0.000 0.000 0.003 0.000
0.994 0.003 0.000 0.000 0.000 0.000 0.000 0.003 0.000
0.993 0.003 0.000 0.000 0.000 0.000 0.000 0.003 0.000
0.993 0.003 0.000 0.000 0.000 0.000 0.000 0.004 0.000
0.996 0.002 0.000 0.000 0.000 0.000 0.000 0.002 0.000
0.922 0.073 0.001 0.000 0.000 0.000 0.000 0.004 0.000
0.898 0.095 0.001 0.000 0.000 0.000 0.000 0.005 0.000
0.893 0.100 0.001 0.000 0.000 0.000 0.000 0.006 0.000
0.893 0.100 0.001 0.000 0.000 0.000 0.000 0.005 0.000
0.921 0.074 0.001 0.000 0.000 0.000 0.000 0.004 0.000
0.957 0.040 0.000 0.000 0.000 0.000 0.000 0.002 0.000
0.968 0.030 0.000 0.000 0.000 0.000 0.000 0.000 0.000
0.912 0.086 0.000 0.001 0.000 0.000 0.000 0.000 0.000
0.992 0.008 0.000 0.000 0.000 0.000 0.000 0.000 0.000
0.985 0.015 0.000 0.000 0.000 0.000 0.000 0.000 0.000
0.959 0.041 0.000 0.000 0.000 0.000 0.000 0.000 0.000
0.978 0.014 0.000 0.000 0.000 0.000 0.000 0.008 0.000
0.984 0.011 0.000 0.000 0.000 0.000 0.000 0.006 0.000
0.987 0.008 0.000 0.000 0.000 0.000 0.000 0.004 0.000
0.989 0.007 0.000 0.000 0.000 0.000 0.000 0.004 0.000
0.987 0.008 0.000 0.000 0.000 0.000 0.000 0.005 0.000
0.986 0.007 0.000 0.000 0.000 0.000 0.000 0.007 0.000
0.989 0.005 0.000 0.000 0.000 0.000 0.000 0.006 0.000
0.992 0.004 0.000 0.000 0.000 0.000 0.000 0.004 0.000
0.993 0.003 0.000 0.000 0.000 0.000 0.000 0.004 0.000
0.992 0.003 0.000 0.000 0.000 0.000 0.000 0.005 0.000
0.991 0.003 0.000 0.000 0.000 0.000 0.000 0.005 0.000
0.994 0.003 0.000 0.000 0.000 0.000 0.000 0.003 0.000
0.914 0.078 0.001 0.000 0.000 0.000 0.000 0.006 0.000
0.907 0.083 0.001 0.000 0.000 0.000 0.000 0.008 0.000
0.929 0.064 0.001 0.000 0.000 0.000 0.000 0.006 0.000
0.954 0.043 0.000 0.000 0.000 0.000 0.000 0.003 0.000
0.975 0.023 0.000 0.000 0.000 0.000 0.000 0.001 0.000
0.964 0.035 0.000 0.000 0.000 0.000 0.000 0.001 0.000
0.938 0.060 0.000 0.001 0.000 0.000 0.000 0.000 0.001
0.950 0.048 0.000 0.001 0.000 0.000 0.000 0.001 0.000
0.909 0.089 0.000 0.001 0.000 0.000 0.000 0.001 0.000
0.987 0.013 0.000 0.000 0.000 0.000 0.000 0.000 0.000
0.991 0.009 0.000 0.000 0.000 0.000 0.000 0.000 0.000
0.983 0.017 0.000 0.000 0.000 0.000 0.000 0.000 0.000
0.984 0.009 0.000 0.000 0.000 0.000 0.000 0.007 0.000
0.988 0.007 0.000 0.000 0.000 0.000 0.000 0.005 0.000
0.988 0.007 0.000 0.000 0.000 0.000 0.000 0.005 0.000
0.985 0.006 0.000 0.000 0.000 0.000 0.000 0.008 0.000
0.984 0.006 0.000 0.000 0.000 0.000 0.000 0.010 0.000
0.988 0.004 0.000 0.000 0.000 0.000 0.000 0.008 0.000
0.991 0.003 0.000 0.000 0.000 0.000 0.000 0.006 0.000
0.992 0.003 0.000 0.000 0.000 0.000 0.000 0.005 0.000
0.993 0.003 0.000 0.000 0.000 0.000 0.000 0.004 0.000
0.992 0.002 0.000 0.000 0.000 0.000 0.000 0.005 0.000
0.990 0.003 0.000 0.000 0.000 0.000 0.000 0.007 0.000
0.989 0.003 0.000 0.000 0.000 0.000 0.000 0.008 0.000
0.990 0.003 0.000 0.000 0.000 0.000 0.000 0.006 0.000
0.995 0.002 0.000 0.000 0.000 0.000 0.000 0.003 0.000
0.996 0.002 0.000 0.000 0.000 0.000 0.000 0.003 0.000
0.995 0.002 0.000 0.000 0.000 0.000 0.000 0.003 0.000
0.940 0.053 0.001 0.000 0.000 0.000 0.000 0.006 0.000
0.962 0.034 0.000 0.000 0.000 0.000 0.000 0.003 0.000
0.978 0.021 0.000 0.000 0.000 0.000 0.000 0.001 0.000
0.958 0.040 0.000 0.000 0.000 0.000 0.000 0.001 0.000
0.945 0.053 0.000 0.001 0.000 0.000 0.000 0.001 0.000
0.945 0.053 0.000 0.001 0.000 0.000 0.000 0.001 0.000
0.958 0.040 0.000 0.001 0.000 0.000 0.000 0.001 0.000
0.953 0.045 0.000 0.001 0.000 0.000 0.000 0.001 0.000
0.977 0.023 0.000 0.000 0.000 0.000 0.000 0.000 0.000
0.994 0.006 0.000 0.000 0.000 0.000 0.000 0.000 0.000
0.987 0.013 0.000 0.000 0.000 0.000 0.000 0.000 0.000
0.946 0.054 0.000 0.000 0.000 0.000 0.000 0.000 0.000
0.977 0.012 0.000 0.000 0.000 0.000 0.000 0.011 0.000
0.981 0.010 0.000 0.000 0.000 0.000 0.000 0.010 0.000
0.984 0.008 0.000 0.000 0.000 0.000 0.000 0.008 0.000
0.986 0.007 0.000 0.000 0.000 0.000 0.000 0.007 0.000
0.982 0.008 0.000 0.000 0.000 0.000 0.000 0.010 0.000
0.979 0.007 0.000 0.000 0.000 0.000 0.000 0.013 0.000
0.985 0.004 0.000 0.000 0.000 0.000 0.000 0.010 0.000
0.988 0.004 0.000 0.000 0.000 0.000 0.000 0.009 0.000
0.992 0.003 0.000 0.000 0.000 0.000 0.000 0.005 0.000
0.991 0.003 0.000 0.000 0.000 0.000 0.000 0.006 0.000
0.990 0.003 0.000 0.000 0.000 0.000 0.000 0.007 0.000
0.987 0.003 0.000 0.000 0.000 0.000 0.000 0.010 0.000
0.986 0.003 0.000 0.000 0.000 0.000 0.000 0.011 0.000
0.994 0.002 0.000 0.000 0.000 0.000 0.000 0.004 0.000
0.995 0.002 0.000 0.000 0.000 0.000 0.000 0.004 0.000
0.994 0.002 0.000 0.000 0.000 0.000 0.000 0.004 0.000
0.987 0.010 0.000 0.000 0.000 0.000 0.000 0.003 0.000
0.989 0.009 0.000 0.000 0.000 0.000 0.000 0.001 0.000
0.936 0.062 0.000 0.001 0.000 0.000 0.000 0.001 0.001
0.954 0.044 0.000 0.001 0.000 0.000 0.000 0.001 0.001
0.949 0.048 0.000 0.001 0.000 0.000 0.000 0.001 0.000
0.945 0.052 0.000 0.001 0.000 0.000 0.000 0.001 0.000
0.944 0.054 0.000 0.001 0.000 0.000 0.000 0.001 0.000
0.959 0.039 0.000 0.001 0.000 0.000 0.000 0.001 0.000
0.967 0.031 0.000 0.001 0.000 0.000 0.000 0.001 0.000
0.993 0.007 0.000 0.000 0.000 0.000 0.000 0.000 0.000
0.990 0.010 0.000 0.000 0.000 0.000 0.000 0.000 0.000
0.975 0.025 0.000 0.000 0.000 0.000 0.000 0.000 0.000
0.972 0.013 0.000 0.000 0.000 0.000 0.000 0.015 0.000
0.978 0.009 0.000 0.000 0.000 0.000 0.000 0.013 0.000
0.971 0.007 0.000 0.000 0.000 0.000 0.000 0.022 0.000
0.973 0.006 0.000 0.000 0.000 0.000 0.000 0.021 0.000
0.972 0.006 0.000 0.000 0.000 0.000 0.000 0.022 0.000
0.978 0.005 0.000 0.000 0.000 0.000 0.000 0.017 0.000
0.981 0.004 0.000 0.000 0.000 0.000 0.000 0.015 0.000
0.985 0.004 0.000 0.000 0.000 0.000 0.000 0.011 0.000
0.985 0.003 0.000 0.000 0.000 0.000 0.000 0.011 0.000
0.984 0.003 0.000 0.000 0.000 0.000 0.000 0.013 0.000
0.993 0.001 0.000 0.000 0.000 0.000 0.000 0.005 0.000
0.986 0.011 0.000 0.000 0.000 0.000 0.000 0.003 0.000
0.976 0.019 0.000 0.001 0.000 0.000 0.000 0.004 0.000
0.923 0.073 0.000 0.001 0.000 0.000 0.000 0.002 0.000
0.956 0.042 0.000 0.001 0.000 0.000 0.000 0.001 0.000
0.967 0.031 0.000 0.000 0.000 0.000 0.000 0.001 0.000
0.954 0.043 0.000 0.001 0.000 0.000 0.000 0.002 0.000
0.932 0.066 0.000 0.001 0.000 0.000 0.000 0.001 0.001
0.946 0.052 0.000 0.001 0.000 0.000 0.000 0.001 0.001
0.959 0.039 0.000 0.001 0.000 0.000 0.000 0.001 0.000
0.976 0.022 0.000 0.000 0.000 0.000 0.000 0.001 0.000
0.992 0.008 0.000 0.000 0.000 0.000 0.000 0.000 0.000
0.983 0.017 0.000 0.000 0.000 0.000 0.000 0.000 0.000
0.956 0.014 0.000 0.000 0.000 0.000 0.000 0.029 0.000
0.965 0.012 0.000 0.000 0.000 0.000 0.000 0.023 0.000
0.974 0.009 0.000 0.000 0.000 0.000 0.000 0.016 0.000
0.964 0.005 0.000 0.000 0.000 0.000 0.000 0.031 0.000
0.966 0.005 0.000 0.000 0.000 0.000 0.000 0.029 0.000
0.977 0.004 0.000 0.000 0.000 0.000 0.000 0.019 0.000
0.980 0.003 0.000 0.000 0.000 0.000 0.000 0.017 0.000
0.980 0.003 0.000 0.000 0.000 0.000 0.000 0.017 0.000
0.992 0.001 0.000 0.000 0.000 0.000 0.000 0.007 0.000
0.990 0.002 0.000 0.000 0.000 0.000 0.000 0.008 0.000
0.989 0.002 0.000 0.000 0.000 0.000 0.000 0.009 0.000
0.988 0.002 0.000 0.000 0.000 0.000 0.000 0.010 0.000
0.919 0.077 0.000 0.001 0.000 0.000 0.000 0.003 0.000
0.928 0.068 0.000 0.001 0.000 0.000 0.000 0.002 0.000
0.968 0.029 0.000 0.001 0.000 0.000 0.000 0.001 0.000
0.960 0.037 0.000 0.001 0.000 0.000 0.000 0.002 0.000
0.949 0.048 0.000 0.001 0.000 0.000 0.000 0.002 0.000
0.951 0.046 0.000 0.001 0.000 0.000 0.000 0.001 0.001
0.964 0.034 0.000 0.001 0.000 0.000 0.000 0.001 0.001
0.973 0.025 0.000 0.001 0.000 0.000 0.000 0.001 0.000
0.979 0.019 0.000 0.001 0.000 0.000 0.000 0.001 0.000
0.993 0.007 0.000 0.000 0.000 0.000 0.000 0.000 0.000
0.987 0.013 0.000 0.000 0.000 0.000 0.000 0.000 0.000
0.972 0.028 0.000 0.000 0.000 0.000 0.000 0.000 0.000
0.937 0.015 0.000 0.000 0.000 0.000 0.000 0.047 0.000
0.949 0.013 0.000 0.000 0.000 0.000 0.000 0.038 0.000
0.954 0.011 0.000 0.000 0.000 0.000 0.000 0.035 0.000
0.950 0.004 0.000 0.000 0.000 0.000 0.000 0.046 0.000
0.962 0.004 0.000 0.000 0.000 0.000 0.000 0.034 0.000
0.973 0.003 0.000 0.000 0.000 0.000 0.000 0.024 0.000
0.975 0.002 0.000 0.000 0.000 0.000 0.000 0.023 0.000
0.973 0.002 0.000 0.000 0.000 0.000 0.000 0.024 0.000
0.991 0.001 0.000 0.000 0.000 0.000 0.000 0.008 0.000
0.991 0.001 0.000 0.000 0.000 0.000 0.000 0.008 0.000
0.988 0.001 0.000 0.000 0.000 0.000 0.000 0.011 0.000
0.988 0.004 0.000 0.000 0.000 0.000 0.000 0.007 0.000
0.980 0.014 0.000 0.001 0.000 0.000 0.000 0.005 0.000
0.970 0.027 0.000 0.001 0.000 0.000 0.000 0.001 0.000
0.978 0.020 0.000 0.000 0.000 0.000 0.000 0.001 0.000
0.979 0.018 0.000 0.000 0.000 0.000 0.000 0.002 0.000
0.952 0.045 0.000 0.001 0.000 0.000 0.000 0.002 0.000
0.957 0.040 0.000 0.001 0.000 0.000 0.000 0.001 0.000
0.957 0.040 0.000 0.001 0.000 0.000 0.000 0.001 0.001
0.971 0.026 0.000 0.001 0.000 0.000 0.000 0.001 0.000
0.979 0.019 0.000 0.001 0.000 0.000 0.000 0.001 0.000
0.986 0.014 0.000 0.000 0.000 0.000 0.000 0.000 0.000
0.983 0.017 0.000 0.000 0.000 0.000 0.000 0.000 0.000
0.928 0.014 0.000 0.000 0.000 0.000 0.000 0.058 0.000
0.935 0.012 0.000 0.000 0.000 0.000 0.000 0.053 0.000
0.948 0.003 0.000 0.000 0.000 0.000 0.000 0.049 0.000
0.957 0.003 0.000 0.000 0.000 0.000 0.000 0.040 0.000
0.963 0.003 0.000 0.000 0.000 0.000 0.000 0.034 0.000
0.967 0.002 0.000 0.000 0.000 0.000 0.000 0.031 0.000
0.962 0.002 0.000 0.000 0.000 0.000 0.000 0.036 0.000
0.963 0.002 0.000 0.000 0.000 0.000 0.000 0.035 0.000
0.950 0.003 0.000 0.000 0.000 0.000 0.000 0.047 0.000
0.992 0.001 0.000 0.000 0.000 0.000 0.000 0.007 0.000
0.990 0.001 0.000 0.000 0.000 0.000 0.000 0.009 0.000
0.990 0.001 0.000 0.000 0.000 0.000 0.000 0.008 0.000
0.989 0.002 0.000 0.000 0.000 0.000 0.000 0.008 0.000
0.985 0.008 0.000 0.001 0.000 0.000 0.000 0.006 0.000
0.984 0.011 0.000 0.001 0.000 0.000 0.000 0.005 0.000
0.971 0.026 0.000 0.001 0.000 0.000 0.000 0.001 0.001
0.977 0.020 0.000 0.001 0.000 0.000 0.000 0.001 0.000
0.980 0.017 0.000 0.000 0.000 0.000 0.000 0.002 0.000
0.969 0.028 0.000 0.001 0.000 0.000 0.000 0.002 0.000
0.963 0.034 0.000 0.001 0.000 0.000 0.000 0.001 0.000
0.960 0.037 0.000 0.001 0.000 0.000 0.000 0.001 0.001
0.967 0.030 0.000 0.001 0.000 0.000 0.000 0.001 0.001
0.985 0.013 0.000 0.001 0.000 0.000 0.000 0.001 0.000
0.954 0.046 0.000 0.000 0.000 0.000 0.000 0.000 0.000
0.987 0.013 0.000 0.000 0.000 0.000 0.000 0.000 0.000
0.907 0.016 0.000 0.000 0.000 0.000 0.000 0.077 0.000
0.914 0.012 0.000 0.000 0.000 0.000 0.000 0.074 0.000
0.921 0.010 0.000 0.000 0.000 0.000 0.000 0.069 0.000
0.954 0.002 0.000 0.000 0.000 0.000 0.000 0.044 0.000
0.955 0.002 0.000 0.000 0.000 0.000 0.000 0.043 0.000
0.954 0.002 0.000 0.000 0.000 0.000 0.000 0.044 0.000
0.934 0.002 0.000 0.000 0.000 0.000 0.000 0.064 0.000
0.986 0.001 0.000 0.000 0.000 0.000 0.000 0.013 0.000
0.997 0.001 0.000 0.000 0.000 0.000 0.000 0.002 0.000
0.991 0.001 0.000 0.000 0.000 0.000 0.000 0.009 0.000
0.990 0.001 0.000 0.000 0.000 0.000 0.000 0.009 0.000
0.990 0.001 0.000 0.000 0.000 0.000 0.000 0.009 0.000
0.990 0.001 0.000 0.000 0.000 0.000 0.000 0.009 0.000
0.988 0.003 0.000 0.000 0.000 0.000 0.000 0.008 0.000
0.987 0.004 0.000 0.000 0.000 0.000 0.000 0.008 0.000
0.969 0.028 0.000 0.001 0.000 0.000 0.000 0.001 0.001
0.980 0.017 0.000 0.001 0.000 0.000 0.000 0.001 0.000
0.978 0.019 0.000 0.001 0.000 0.000 0.000 0.002 0.000
0.970 0.027 0.000 0.001 0.000 0.000 0.000 0.002 0.000
0.967 0.029 0.000 0.001 0.000 0.000 0.000 0.002 0.000
0.965 0.031 0.000 0.001 0.000 0.000 0.000 0.001 0.000
0.970 0.027 0.000 0.002 0.000 0.000 0.000 0.001 0.001
0.976 0.021 0.000 0.002 0.000 0.000 0.000 0.001 0.001
0.989 0.011 0.000 0.000 0.000 0.000 0.000 0.000 0.000
0.981 0.019 0.000 0.000 0.000 0.000 0.000 0.000 0.000
0.884 0.021 0.000 0.000 0.000 0.000 0.000 0.095 0.000
0.896 0.015 0.000 0.000 0.000 0.000 0.000 0.089 0.000
0.897 0.012 0.000 0.000 0.000 0.000 0.000 0.091 0.000
0.939 0.002 0.000 0.000 0.000 0.000 0.000 0.059 0.000
0.933 0.001 0.000 0.000 0.000 0.000 0.000 0.066 0.000
0.962 0.002 0.000 0.000 0.000 0.000 0.000 0.037 0.000
0.969 0.005 0.000 0.000 0.000 0.000 0.000 0.026 0.000
0.973 0.003 0.000 0.000 0.000 0.000 0.000 0.024 0.000
0.933 0.002 0.000 0.000 0.000 0.000 0.000 0.065 0.000
0.991 0.001 0.000 0.000 0.000 0.000 0.000 0.008 0.000
0.989 0.001 0.000 0.000 0.000 0.000 0.000 0.010 0.000
0.990 0.001 0.000 0.000 0.000 0.000 0.000 0.009 0.000
0.988 0.001 0.000 0.000 0.000 0.000 0.000 0.010 0.000
0.987 0.003 0.000 0.000 0.000 0.000 0.000 0.009 0.000
0.972 0.024 0.000 0.001 0.000 0.000 0.000 0.001 0.001
0.981 0.016 0.000 0.001 0.000 0.000 0.000 0.002 0.000
0.971 0.025 0.000 0.001 0.000 0.000 0.000 0.003 0.000
0.973 0.023 0.000 0.001 0.000 0.000 0.000 0.002 0.000
0.971 0.026 0.000 0.001 0.000 0.000 0.000 0.002 0.000
0.970 0.026 0.000 0.002 0.000 0.000 0.000 0.001 0.001
0.974 0.022 0.000 0.002 0.000 0.000 0.000 0.001 0.001
0.966 0.034 0.000 0.000 0.000 0.000 0.000 0.000 0.000
0.994 0.006 0.000 0.000 0.000 0.000 0.000 0.000 0.000
0.987 0.013 0.000 0.000 0.000 0.000 0.000 0.000 0.000
0.898 0.014 0.000 0.000 0.000 0.000 0.000 0.089 0.000
0.885 0.011 0.000 0.000 0.000 0.000 0.000 0.104 0.000
0.870 0.011 0.000 0.000 0.000 0.000 0.000 0.119 0.000
0.943 0.002 0.000 0.000 0.000 0.000 0.000 0.055 0.000
0.946 0.001 0.000 0.000 0.000 0.000 0.000 0.052 0.000
0.935 0.001 0.000 0.000 0.000 0.000 0.000 0.063 0.000
0.935 0.001 0.000 0.000 0.000 0.000 0.000 0.064 0.000
0.934 0.001 0.000 0.000 0.000 0.000 0.000 0.065 0.000
0.942 0.001 0.000 0.000 0.000 0.000 0.000 0.057 0.000
0.989 0.000 0.000 0.000 0.000 0.000 0.000 0.010 0.000
0.990 0.000 0.000 0.000 0.000 0.000 0.000 0.010 0.000
0.989 0.000 0.000 0.000 0.000 0.000 0.000 0.010 0.000
0.988 0.001 0.000 0.000 0.000 0.000 0.000 0.010 0.000
0.974 0.023 0.000 0.001 0.000 0.000 0.000 0.001 0.001
0.977 0.019 0.000 0.001 0.000 0.000 0.000 0.002 0.001
0.984 0.012 0.000 0.001 0.000 0.000 0.000 0.002 0.000
0.983 0.013 0.000 0.001 0.000 0.000 0.000 0.002 0.000
0.971 0.024 0.000 0.001 0.000 0.000 0.000 0.003 0.000
0.971 0.025 0.000 0.002 0.000 0.000 0.000 0.002 0.000
0.976 0.021 0.000 0.002 0.000 0.000 0.000 0.002 0.000
0.976 0.021 0.000 0.002 0.000 0.000 0.000 0.001 0.001
0.994 0.006 0.000 0.000 0.000 0.000 0.000 0.000 0.000
0.989 0.011 0.000 0.000 0.000 0.000 0.000 0.000 0.000
0.978 0.022 0.000 0.000 0.000 0.000 0.000 0.000 0.000
0.883 0.019 0.000 0.000 0.000 0.000 0.000 0.098 0.000
0.893 0.014 0.000 0.000 0.000 0.000 0.000 0.093 0.000
0.875 0.011 0.000 0.000 0.000 0.000 0.000 0.113 0.000
0.944 0.001 0.000 0.000 0.000 0.000 0.000 0.054 0.000
0.940 0.001 0.000 0.000 0.000 0.000 0.000 0.059 0.000
0.932 0.001 0.000 0.000 0.000 0.000 0.000 0.067 0.000
0.937 0.001 0.000 0.000 0.000 0.000 0.000 0.062 0.000
0.990 0.000 0.000 0.000 0.000 0.000 0.000 0.009 0.000
0.989 0.000 0.000 0.000 0.000 0.000 0.000 0.010 0.000
0.991 0.000 0.000 0.000 0.000 0.000 0.000 0.009 0.000
0.977 0.019 0.000 0.001 0.000 0.000 0.000 0.002 0.001
0.981 0.016 0.000 0.001 0.000 0.000 0.000 0.002 0.001
0.981 0.015 0.000 0.001 0.000 0.000 0.000 0.003 0.000
0.973 0.022 0.000 0.002 0.000 0.000 0.000 0.003 0.000
0.974 0.022 0.000 0.002 0.000 0.000 0.000 0.002 0.000
0.973 0.023 0.000 0.002 0.000 0.000 0.000 0.002 0.001
0.988 0.012 0.000 0.000 0.000 0.000 0.000 0.000 0.000
0.994 0.006 0.000 0.000 0.000 0.000 0.000 0.000 0.000
0.854 0.024 0.000 0.000 0.000 0.000 0.000 0.121 0.000
0.883 0.016 0.000 0.000 0.000 0.000 0.000 0.101 0.000
0.874 0.013 0.000 0.000 0.000 0.000 0.000 0.113 0.000
0.933 0.001 0.000 0.000 0.000 0.000 0.000 0.066 0.000
0.918 0.001 0.000 0.000 0.000 0.000 0.000 0.081 0.000
0.923 0.001 0.000 0.000 0.000 0.000 0.000 0.075 0.000
0.939 0.001 0.000 0.000 0.000 0.000 0.000 0.060 0.000
0.991 0.000 0.000 0.000 0.000 0.000 0.000 0.009 0.000
0.992 0.000 0.000 0.000 0.000 0.000 0.000 0.008 0.000
0.988 0.000 0.000 0.000 0.000 0.000 0.000 0.011 0.000
0.979 0.016 0.000 0.002 0.000 0.000 0.000 0.002 0.001
0.985 0.011 0.000 0.001 0.000 0.000 0.000 0.003 0.000
0.979 0.016 0.000 0.001 0.000 0.000 0.000 0.004 0.000
0.974 0.021 0.000 0.002 0.000 0.000 0.000 0.003 0.000
0.978 0.017 0.000 0.002 0.000 0.000 0.000 0.003 0.000
0.989 0.011 0.000 0.000 0.000 0.000 0.000 0.000 0.000
0.967 0.033 0.000 0.000 0.000 0.000 0.000 0.000 0.000
0.873 0.017 0.000 0.000 0.000 0.000 0.000 0.110 0.000
0.875 0.014 0.000 0.000 0.000 0.000 0.000 0.111 0.000
0.920 0.001 0.000 0.000 0.000 0.000 0.000 0.079 0.000
0.924 0.001 0.000 0.000 0.000 0.000 0.000 0.075 0.000
0.940 0.001 0.000 0.000 0.000 0.000 0.000 0.059 0.000
0.954 0.001 0.000 0.000 0.000 0.000 0.000 0.045 0.000
0.987 0.000 0.000 0.000 0.000 0.000 0.000 0.013 0.000
0.989 0.000 0.000 0.000 0.000 0.000 0.000 0.010 0.000
0.981 0.014 0.000 0.002 0.000 0.000 0.000 0.002 0.001
0.981 0.015 0.000 0.002 0.000 0.000 0.000 0.002 0.001
0.983 0.012 0.000 0.001 0.000 0.000 0.000 0.003 0.000
0.980 0.014 0.000 0.001 0.000 0.000 0.000 0.004 0.000
0.975 0.018 0.000 0.002 0.000 0.000 0.000 0.004 0.000
0.971 0.022 0.000 0.003 0.000 0.000 0.000 0.004 0.000
0.970 0.023 0.000 0.003 0.000 0.000 0.000 0.004 0.000
0.981 0.014 0.000 0.003 0.000 0.000 0.000 0.002 0.000
0.992 0.008 0.000 0.000 0.000 0.000 0.000 0.000 0.000
0.876 0.016 0.000 0.000 0.000 0.000 0.000 0.108 0.000
0.866 0.013 0.000 0.000 0.000 0.000 0.000 0.121 0.000
0.932 0.001 0.000 0.000 0.000 0.000 0.000 0.068 0.000
0.927 0.001 0.000 0.000 0.000 0.000 0.000 0.072 0.000
0.936 0.001 0.000 0.000 0.000 0.000 0.000 0.063 0.000
0.944 0.001 0.000 0.000 0.000 0.000 0.000 0.055 0.000
0.987 0.000 0.000 0.000 0.000 0.000 0.000 0.013 0.000
0.986 0.000 0.000 0.000 0.000 0.000 0.000 0.013 0.000
0.986 0.000 0.000 0.000 0.000 0.000 0.000 0.013 0.000
0.983 0.012 0.000 0.002 0.000 0.000 0.000 0.002 0.001
0.984 0.011 0.000 0.002 0.000 0.000 0.000 0.003 0.001
0.984 0.011 0.000 0.002 0.000 0.000 0.000 0.003 0.000
0.982 0.011 0.000 0.001 0.000 0.000 0.000 0.005 0.000
0.979 0.013 0.000 0.002 0.000 0.000 0.000 0.007 0.000
0.982 0.012 0.000 0.002 0.000 0.000 0.000 0.003 0.000
0.982 0.012 0.000 0.003 0.000 0.000 0.000 0.002 0.000
0.989 0.011 0.000 0.000 0.000 0.000 0.000 0.000 0.000
0.964 0.036 0.000 0.000 0.000 0.000 0.000 0.000 0.000
0.875 0.013 0.000 0.000 0.000 0.000 0.000 0.111 0.000
0.930 0.000 0.000 0.000 0.000 0.000 0.000 0.069 0.000
0.940 0.000 0.000 0.000 0.000 0.000 0.000 0.059 0.000
0.936 0.000 0.000 0.000 0.000 0.000 0.000 0.064 0.000
0.939 0.000 0.000 0.000 0.000 0.000 0.000 0.060 0.000
0.886 0.000 0.000 0.000 0.000 0.000 0.000 0.113 0.000
0.982 0.000 0.000 0.000 0.000 0.000 0.000 0.017 0.000
0.985 0.000 0.000 0.000 0.000 0.000 0.000 0.015 0.000
0.984 0.000 0.000 0.000 0.000 0.000 0.000 0.015 0.000
0.980 0.000 0.000 0.000 0.000 0.000 0.000 0.019 0.000
0.984 0.011 0.000 0.002 0.000 0.000 0.000 0.003 0.001
0.986 0.008 0.000 0.002 0.000 0.000 0.000 0.004 0.000
0.981 0.006 0.000 0.001 0.000 0.000 0.000 0.011 0.000
0.982 0.009 0.000 0.001 0.000 0.000 0.000 0.007 0.000
0.981 0.012 0.000 0.002 0.000 0.000 0.000 0.004 0.000
0.989 0.011 0.000 0.000 0.000 0.000 0.000 0.000 0.000
0.981 0.019 0.000 0.000 0.000 0.000 0.000 0.000 0.000
0.873 0.020 0.000 0.000 0.000 0.000 0.000 0.107 0.000
0.876 0.016 0.000 0.000 0.000 0.000 0.000 0.109 0.000
0.867 0.012 0.000 0.000 0.000 0.000 0.000 0.121 0.000
0.885 0.000 0.000 0.000 0.000 0.000 0.000 0.114 0.000
0.904 0.000 0.000 0.000 0.000 0.000 0.000 0.095 0.000
0.966 0.000 0.000 0.000 0.000 0.000 0.000 0.033 0.000
0.843 0.000 0.000 0.000 0.000 0.000 0.000 0.157 0.000
0.941 0.000 0.000 0.000 0.000 0.000 0.000 0.058 0.000
0.966 0.000 0.000 0.000 0.000 0.000 0.000 0.033 0.000
0.972 0.000 0.000 0.000 0.000 0.000 0.000 0.027 0.000
0.978 0.000 0.000 0.000 0.000 0.000 0.000 0.021 0.000
0.982 0.000 0.000 0.000 0.000 0.000 0.000 0.017 0.000
0.974 0.000 0.000 0.000 0.000 0.000 0.000 0.025 0.000
0.989 0.005 0.000 0.001 0.000 0.000 0.000 0.004 0.000
0.979 0.013 0.000 0.003 0.000 0.000 0.000 0.005 0.000
0.983 0.010 0.000 0.003 0.000 0.000 0.000 0.004 0.000
0.983 0.010 0.000 0.003 0.000 0.000 0.000 0.003 0.000
0.983 0.017 0.000 0.000 0.000 0.000 0.000 0.000 0.000
0.995 0.005 0.000 0.000 0.000 0.000 0.000 0.000 0.000
0.987 0.013 0.000 0.000 0.000 0.000 0.000 0.000 0.000
0.917 0.083 0.000 0.000 0.000 0.000 0.000 0.000 0.000
0.844 0.042 0.000 0.000 0.000 0.000 0.000 0.114 0.000
0.869 0.019 0.000 0.000 0.000 0.000 0.000 0.111 0.000
0.857 0.015 0.000 0.000 0.000 0.000 0.000 0.127 0.000
0.954 0.000 0.000 0.000 0.000 0.000 0.000 0.045 0.000
0.958 0.000 0.000 0.000 0.000 0.000 0.000 0.042 0.000
0.949 0.000 0.000 0.000 0.000 0.000 0.000 0.050 0.000
0.951 0.000 0.000 0.000 0.000 0.000 0.000 0.048 0.000
0.874 0.000 0.000 0.000 0.000 0.000 0.000 0.125 0.000
0.921 0.000 0.000 0.000 0.000 0.000 0.000 0.078 0.000
0.920 0.000 0.000 0.000 0.000 0.000 0.000 0.079 0.000
0.937 0.000 0.000 0.000 0.000 0.000 0.000 0.062 0.000
0.931 0.000 0.000 0.000 0.000 0.000 0.000 0.068 0.000
0.940 0.000 0.000 0.000 0.000 0.000 0.000 0.059 0.000
0.957 0.000 0.000 0.000 0.000 0.000 0.000 0.042 0.000
0.971 0.000 0.000 0.000 0.000 0.000 0.000 0.028 0.000
0.976 0.000 0.000 0.000 0.000 0.000 0.000 0.023 0.000
0.979 0.000 0.000 0.000 0.000 0.000 0.000 0.020 0.000
0.978 0.000 0.000 0.000 0.000 0.000 0.000 0.021 0.000
0.985 0.008 0.000 0.002 0.000 0.000 0.000 0.004 0.001
0.983 0.009 0.000 0.002 0.000 0.000 0.000 0.007 0.000
0.979 0.011 0.000 0.002 0.000 0.000 0.000 0.008 0.000
0.980 0.011 0.000 0.003 0.000 0.000 0.000 0.006 0.000
0.984 0.009 0.000 0.003 0.000 0.000 0.000 0.004 0.000
0.982 0.010 0.000 0.004 0.000 0.000 0.000 0.003 0.001
0.996 0.004 0.000 0.000 0.000 0.000 0.000 0.000 0.000
0.990 0.010 0.000 0.000 0.000 0.000 0.000 0.000 0.000
0.976 0.024 0.000 0.000 0.000 0.000 0.000 0.000 0.000
0.862 0.019 0.000 0.000 0.000 0.000 0.000 0.119 0.000
0.870 0.016 0.000 0.000 0.000 0.000 0.000 0.113 0.000
0.845 0.014 0.000 0.000 0.000 0.000 0.000 0.141 0.000
0.937 0.000 0.000 0.000 0.000 0.000 0.000 0.063 0.000
0.945 0.000 0.000 0.000 0.000 0.000 0.000 0.055 0.000
0.943 0.000 0.000 0.000 0.000 0.000 0.000 0.056 0.000
0.937 0.000 0.000 0.000 0.000 0.000 0.000 0.062 0.000
0.939 0.000 0.000 0.000 0.000 0.000 0.000 0.060 0.000
0.935 0.000 0.000 0.000 0.000 0.000 0.000 0.064 0.000
0.938 0.000 0.000 0.000 0.000 0.000 0.000 0.061 0.000
0.931 0.000 0.000 0.000 0.000 0.000 0.000 0.068 0.000
0.943 0.000 0.000 0.000 0.000 0.000 0.000 0.056 0.000
0.953 0.000 0.000 0.000 0.000 0.000 0.000 0.045 0.000
0.969 0.000 0.000 0.000 0.000 0.000 0.000 0.030 0.000
0.973 0.000 0.000 0.000 0.000 0.000 0.000 0.026 0.000
0.972 0.000 0.000 0.000 0.000 0.000 0.000 0.027 0.000
0.971 0.000 0.001 0.000 0.000 0.000 0.000 0.028 0.000
0.984 0.008 0.000 0.002 0.000 0.000 0.000 0.005 0.001
0.985 0.006 0.000 0.002 0.000 0.000 0.000 0.007 0.000
0.981 0.009 0.000 0.002 0.000 0.000 0.000 0.008 0.000
0.978 0.012 0.000 0.004 0.000 0.000 0.000 0.006 0.000
0.981 0.010 0.000 0.004 0.000 0.000 0.000 0.005 0.000
0.984 0.008 0.000 0.004 0.000 0.000 0.000 0.004 0.000
0.990 0.010 0.000 0.000 0.000 0.000 0.000 0.000 0.000
0.994 0.006 0.000 0.000 0.000 0.000 0.000 0.000 0.000
0.986 0.014 0.000 0.000 0.000 0.000 0.000 0.000 0.000
0.872 0.018 0.000 0.000 0.000 0.000 0.000 0.110 0.000
0.852 0.015 0.000 0.000 0.000 0.000 0.000 0.132 0.000
0.918 0.000 0.000 0.000 0.000 0.000 0.000 0.081 0.000
0.929 0.000 0.000 0.000 0.000 0.000 0.000 0.070 0.000
0.935 0.000 0.000 0.000 0.000 0.000 0.000 0.065 0.000
0.941 0.000 0.000 0.000 0.000 0.000 0.000 0.058 0.000
0.935 0.000 0.000 0.000 0.000 0.000 0.000 0.064 0.000
0.928 0.000 0.000 0.000 0.000 0.000 0.000 0.071 0.000
0.934 0.000 0.000 0.000 0.000 0.000 0.000 0.065 0.000
0.944 0.000 0.000 0.000 0.000 0.000 0.000 0.055 0.000
0.956 0.000 0.000 0.000 0.000 0.000 0.000 0.043 0.000
0.964 0.000 0.000 0.000 0.000 0.000 0.000 0.035 0.000
0.970 0.000 0.000 0.000 0.000 0.000 0.000 0.029 0.000
0.986 0.006 0.000 0.003 0.000 0.000 0.000 0.005 0.001
0.984 0.006 0.000 0.002 0.000 0.000 0.000 0.007 0.000
0.976 0.010 0.000 0.003 0.000 0.000 0.000 0.011 0.000
0.976 0.011 0.000 0.004 0.000 0.000 0.000 0.009 0.000
0.982 0.008 0.000 0.004 0.000 0.000 0.000 0.005 0.001
0.983 0.009 0.000 0.004 0.000 0.000 0.000 0.004 0.001
0.997 0.003 0.000 0.000 0.000 0.000 0.000 0.000 0.000
0.989 0.011 0.000 0.000 0.000 0.000 0.000 0.000 0.000
0.964 0.036 0.000 0.000 0.000 0.000 0.000 0.000 0.000
0.864 0.019 0.000 0.000 0.000 0.000 0.000 0.117 0.000
0.819 0.016 0.000 0.000 0.000 0.000 0.000 0.166 0.000
0.936 0.000 0.000 0.000 0.000 0.000 0.000 0.063 0.000
0.945 0.000 0.001 0.000 0.000 0.000 0.000 0.054 0.000
0.967 0.000 0.000 0.000 0.000 0.000 0.000 0.032 0.000
0.967 0.000 0.001 0.000 0.000 0.000 0.000 0.032 0.000
0.966 0.000 0.001 0.000 0.000 0.000 0.000 0.032 0.000
0.985 0.006 0.000 0.003 0.000 0.000 0.000 0.006 0.001
0.982 0.006 0.000 0.002 0.000 0.000 0.000 0.010 0.000
0.978 0.007 0.000 0.003 0.000 0.000 0.000 0.012 0.000
0.975 0.010 0.000 0.005 0.000 0.000 0.000 0.009 0.000
0.982 0.008 0.000 0.004 0.000 0.000 0.000 0.006 0.000
0.983 0.007 0.000 0.004 0.000 0.000 0.000 0.004 0.001
0.996 0.004 0.000 0.000 0.000 0.000 0.000 0.000 0.000
0.993 0.007 0.000 0.000 0.000 0.000 0.000 0.000 0.000
0.987 0.013 0.000 0.000 0.000 0.000 0.000 0.000 0.000
0.876 0.017 0.000 0.000 0.000 0.000 0.000 0.107 0.000
0.851 0.015 0.000 0.000 0.000 0.000 0.000 0.134 0.000
0.963 0.000 0.000 0.000 0.000 0.000 0.000 0.036 0.000
0.968 0.000 0.000 0.000 0.000 0.000 0.000 0.031 0.000
0.962 0.000 0.001 0.000 0.000 0.000 0.000 0.037 0.000
0.958 0.000 0.001 0.000 0.000 0.000 0.000 0.041 0.000
0.985 0.005 0.000 0.003 0.000 0.000 0.000 0.007 0.000
0.983 0.005 0.000 0.003 0.000 0.000 0.000 0.009 0.000
0.974 0.008 0.000 0.003 0.000 0.000 0.000 0.014 0.000
0.976 0.009 0.000 0.005 0.000 0.000 0.000 0.010 0.000
0.982 0.007 0.000 0.004 0.000 0.000 0.000 0.006 0.000
0.982 0.008 0.000 0.005 0.000 0.000 0.000 0.004 0.001
0.996 0.004 0.000 0.000 0.000 0.000 0.000 0.000 0.000
0.988 0.012 0.000 0.000 0.000 0.000 0.000 0.000 0.000
0.873 0.019 0.000 0.000 0.000 0.000 0.000 0.108 0.000
0.874 0.016 0.000 0.000 0.000 0.000 0.000 0.111 0.000
0.829 0.016 0.000 0.000 0.000 0.000 0.000 0.155 0.000
0.959 0.000 0.000 0.000 0.000 0.000 0.000 0.040 0.000
0.963 0.000 0.000 0.000 0.000 0.000 0.000 0.036 0.000
0.964 0.000 0.001 0.000 0.000 0.000 0.000 0.035 0.000
0.961 0.000 0.001 0.001 0.000 0.000 0.000 0.037 0.000
0.984 0.005 0.000 0.004 0.000 0.000 0.000 0.007 0.001
0.979 0.005 0.000 0.003 0.000 0.000 0.000 0.013 0.000
0.976 0.007 0.000 0.004 0.000 0.000 0.000 0.013 0.000
0.981 0.007 0.000 0.005 0.000 0.000 0.000 0.006 0.001
0.996 0.003 0.000 0.000 0.000 0.000 0.000 0.000 0.000
0.989 0.011 0.000 0.000 0.000 0.000 0.000 0.000 0.000
0.982 0.018 0.000 0.000 0.000 0.000 0.000 0.000 0.000
0.873 0.018 0.000 0.000 0.000 0.000 0.000 0.109 0.000
0.856 0.015 0.000 0.000 0.000 0.000 0.000 0.129 0.000
0.961 0.000 0.000 0.000 0.000 0.000 0.000 0.038 0.000
0.964 0.000 0.000 0.000 0.000 0.000 0.000 0.035 0.000
0.965 0.000 0.001 0.000 0.000 0.000 0.000 0.034 0.000
0.963 0.000 0.001 0.000 0.000 0.000 0.000 0.036 0.000
0.971 0.000 0.001 0.000 0.000 0.000 0.000 0.028 0.000
0.982 0.005 0.000 0.004 0.000 0.000 0.000 0.009 0.001
0.981 0.005 0.000 0.003 0.000 0.000 0.000 0.011 0.000
0.977 0.006 0.000 0.004 0.000 0.000 0.000 0.013 0.000
0.976 0.008 0.000 0.006 0.000 0.000 0.000 0.009 0.001
0.980 0.007 0.000 0.005 0.000 0.000 0.000 0.008 0.000
0.984 0.006 0.000 0.005 0.000 0.000 0.000 0.005 0.001
0.994 0.006 0.000 0.000 0.000 0.000 0.000 0.000 0.000
0.996 0.004 0.000 0.000 0.000 0.000 0.000 0.000 0.000
0.987 0.013 0.000 0.000 0.000 0.000 0.000 0.000 0.000
0.890 0.018 0.000 0.000 0.000 0.000 0.000 0.092 0.000
0.862 0.018 0.000 0.000 0.000 0.000 0.000 0.120 0.000
0.821 0.016 0.000 0.000 0.000 0.000 0.000 0.163 0.000
0.953 0.000 0.000 0.001 0.000 0.000 0.000 0.046 0.000
0.961 0.000 0.000 0.001 0.000 0.000 0.000 0.038 0.000
0.968 0.000 0.000 0.000 0.000 0.000 0.000 0.031 0.000
0.972 0.000 0.000 0.000 0.000 0.000 0.000 0.027 0.000
0.972 0.000 0.001 0.000 0.000 0.000 0.000 0.027 0.000
0.975 0.000 0.001 0.000 0.000 0.000 0.000 0.024 0.000
0.983 0.005 0.000 0.004 0.000 0.000 0.000 0.007 0.001
0.978 0.005 0.000 0.004 0.000 0.000 0.000 0.012 0.000
0.972 0.008 0.000 0.005 0.000 0.000 0.000 0.014 0.000
0.975 0.008 0.000 0.005 0.000 0.000 0.000 0.011 0.000
0.979 0.007 0.000 0.005 0.000 0.000 0.000 0.008 0.000
0.998 0.002 0.000 0.000 0.000 0.000 0.000 0.000 0.000
0.886 0.018 0.000 0.000 0.000 0.000 0.000 0.096 0.000
0.951 0.000 0.001 0.001 0.000 0.000 0.000 0.048 0.000
0.958 0.000 0.001 0.001 0.000 0.000 0.000 0.040 0.000
0.970 0.000 0.000 0.001 0.000 0.000 0.000 0.029 0.000
0.974 0.000 0.001 0.001 0.000 0.000 0.000 0.024 0.000
0.976 0.000 0.001 0.001 0.000 0.000 0.000 0.023 0.000
0.973 0.000 0.001 0.001 0.000 0.000 0.000 0.026 0.000
0.982 0.005 0.000 0.004 0.000 0.000 0.000 0.008 0.001
0.978 0.005 0.000 0.004 0.000 0.000 0.000 0.012 0.000
0.974 0.007 0.000 0.004 0.000 0.000 0.000 0.015 0.000
0.978 0.007 0.000 0.005 0.000 0.000 0.000 0.010 0.000
0.993 0.007 0.000 0.000 0.000 0.000 0.000 0.000 0.000
0.989 0.011 0.000 0.000 0.000 0.000 0.000 0.000 0.000
0.907 0.018 0.000 0.000 0.000 0.000 0.000 0.075 0.000
0.867 0.018 0.000 0.000 0.000 0.000 0.000 0.114 0.000
0.806 0.015 0.000 0.000 0.000 0.000 0.000 0.179 0.000
0.952 0.000 0.001 0.001 0.000 0.000 0.000 0.047 0.000
0.964 0.000 0.001 0.001 0.000 0.000 0.000 0.034 0.000
0.973 0.000 0.001 0.001 0.000 0.000 0.000 0.026 0.000
0.976 0.000 0.001 0.001 0.000 0.000 0.000 0.022 0.000
0.972 0.000 0.001 0.001 0.000 0.000 0.000 0.027 0.000
0.971 0.000 0.001 0.001 0.000 0.000 0.000 0.028 0.000
0.981 0.005 0.000 0.004 0.000 0.000 0.000 0.009 0.001
0.979 0.005 0.000 0.003 0.000 0.000 0.000 0.012 0.000
0.978 0.007 0.000 0.004 0.000 0.000 0.000 0.011 0.000
0.980 0.007 0.000 0.004 0.000 0.000 0.000 0.008 0.000
0.997 0.003 0.000 0.000 0.000 0.000 0.000 0.000 0.000
0.989 0.011 0.000 0.000 0.000 0.000 0.000 0.000 0.000
0.968 0.031 0.000 0.000 0.000 0.000 0.000 0.000 0.000
0.899 0.022 0.000 0.000 0.000 0.000 0.000 0.079 0.000
0.899 0.020 0.000 0.000 0.000 0.000 0.000 0.081 0.000
0.847 0.016 0.000 0.000 0.000 0.000 0.000 0.137 0.000
0.954 0.000 0.001 0.001 0.000 0.000 0.000 0.044 0.000
0.963 0.000 0.001 0.001 0.000 0.000 0.000 0.035 0.000
0.975 0.000 0.001 0.001 0.000 0.000 0.000 0.024 0.000
0.976 0.000 0.001 0.001 0.000 0.000 0.000 0.022 0.000
0.973 0.000 0.001 0.001 0.000 0.000 0.000 0.025 0.000
0.974 0.000 0.001 0.001 0.000 0.000 0.000 0.024 0.000
0.982 0.005 0.000 0.004 0.000 0.000 0.000 0.008 0.001
0.975 0.007 0.000 0.004 0.000 0.000 0.000 0.014 0.000
0.974 0.007 0.000 0.004 0.000 0.000 0.000 0.016 0.000
0.977 0.008 0.000 0.005 0.000 0.000 0.000 0.010 0.000
0.979 0.008 0.000 0.004 0.000 0.000 0.000 0.008 0.000
0.997 0.003 0.000 0.000 0.000 0.000 0.000 0.000 0.000
0.994 0.006 0.000 0.000 0.000 0.000 0.000 0.000 0.000
0.984 0.015 0.000 0.000 0.000 0.000 0.000 0.000 0.000
0.913 0.020 0.000 0.000 0.000 0.000 0.000 0.067 0.000
0.831 0.015 0.000 0.000 0.000 0.000 0.000 0.153 0.000
0.965 0.000 0.001 0.001 0.000 0.000 0.000 0.034 0.000
0.974 0.000 0.001 0.001 0.000 0.000 0.000 0.024 0.000
0.981 0.000 0.001 0.001 0.000 0.000 0.000 0.018 0.000
0.981 0.000 0.001 0.001 0.000 0.000 0.000 0.017 0.000
0.977 0.000 0.001 0.001 0.000 0.000 0.000 0.021 0.000
0.979 0.005 0.000 0.004 0.000 0.000 0.000 0.011 0.000
0.976 0.006 0.000 0.003 0.000 0.000 0.000 0.014 0.000
0.974 0.008 0.000 0.004 0.000 0.000 0.000 0.014 0.000
0.977 0.008 0.000 0.004 0.000 0.000 0.000 0.010 0.000
0.977 0.009 0.000 0.005 0.000 0.000 0.000 0.008 0.000
0.991 0.009 0.000 0.000 0.000 0.000 0.000 0.000 0.000
0.996 0.003 0.000 0.000 0.000 0.000 0.000 0.000 0.000
0.987 0.012 0.000 0.000 0.000 0.000 0.000 0.000 0.000
0.911 0.019 0.000 0.000 0.000 0.000 0.000 0.070 0.000
0.888 0.017 0.000 0.000 0.000 0.000 0.000 0.095 0.000
0.954 0.000 0.001 0.001 0.000 0.000 0.000 0.044 0.000
0.966 0.000 0.001 0.002 0.000 0.000 0.000 0.032 0.000
0.971 0.000 0.001 0.001 0.000 0.000 0.000 0.027 0.000
0.978 0.000 0.001 0.001 0.000 0.000 0.000 0.020 0.000
0.979 0.000 0.001 0.001 0.000 0.000 0.000 0.019 0.000
0.975 0.000 0.001 0.001 0.000 0.000 0.000 0.023 0.000
0.981 0.006 0.000 0.005 0.000 0.000 0.000 0.008 0.001
0.981 0.006 0.000 0.004 0.000 0.000 0.000 0.010 0.000
0.973 0.007 0.000 0.004 0.000 0.000 0.000 0.015 0.000
0.972 0.009 0.000 0.004 0.000 0.000 0.000 0.014 0.000
0.978 0.008 0.000 0.004 0.000 0.000 0.000 0.009 0.000
0.980 0.009 0.000 0.005 0.000 0.000 0.000 0.006 0.001
0.997 0.003 0.000 0.000 0.000 0.000 0.000 0.000 0.000
0.978 0.021 0.000 0.001 0.000 0.000 0.000 0.000 0.000
0.918 0.021 0.000 0.000 0.000 0.000 0.000 0.061 0.000
0.904 0.018 0.000 0.000 0.000 0.000 0.000 0.078 0.000
0.864 0.016 0.000 0.000 0.000 0.000 0.000 0.120 0.000
0.963 0.000 0.001 0.002 0.000 0.000 0.000 0.035 0.000
0.978 0.000 0.001 0.001 0.000 0.000 0.000 0.020 0.000
0.981 0.000 0.001 0.001 0.000 0.000 0.000 0.017 0.000
0.979 0.007 0.000 0.005 0.000 0.000 0.000 0.009 0.001
0.971 0.007 0.000 0.004 0.000 0.000 0.000 0.017 0.000
0.970 0.011 0.000 0.005 0.000 0.000 0.000 0.013 0.000
0.972 0.013 0.000 0.007 0.000 0.000 0.000 0.008 0.001
0.993 0.007 0.000 0.000 0.000 0.000 0.000 0.000 0.000
0.994 0.005 0.000 0.000 0.000 0.000 0.000 0.000 0.000
0.990 0.010 0.000 0.000 0.000 0.000 0.000 0.000 0.000
0.912 0.023 0.000 0.000 0.000 0.000 0.000 0.064 0.000
0.916 0.020 0.000 0.000 0.000 0.000 0.000 0.064 0.000
0.887 0.018 0.000 0.000 0.000 0.000 0.000 0.095 0.000
0.967 0.000 0.001 0.002 0.000 0.000 0.000 0.030 0.000
0.977 0.000 0.001 0.002 0.000 0.000 0.000 0.021 0.000
0.979 0.000 0.001 0.001 0.000 0.000 0.000 0.019 0.000
0.978 0.000 0.001 0.002 0.000 0.000 0.000 0.019 0.000
0.979 0.000 0.001 0.001 0.000 0.000 0.000 0.018 0.000
0.976 0.007 0.000 0.005 0.000 0.000 0.000 0.011 0.001
0.970 0.008 0.000 0.003 0.000 0.000 0.000 0.018 0.000
0.967 0.010 0.000 0.004 0.000 0.000 0.000 0.018 0.000
0.970 0.011 0.000 0.005 0.000 0.000 0.000 0.013 0.000
0.974 0.011 0.000 0.005 0.000 0.000 0.000 0.010 0.000
0.991 0.009 0.000 0.000 0.000 0.000 0.000 0.000 0.000
0.974 0.025 0.000 0.001 0.000 0.000 0.000 0.000 0.000
0.919 0.023 0.000 0.000 0.000 0.000 0.000 0.058 0.000
0.909 0.018 0.000 0.000 0.000 0.000 0.000 0.072 0.000
0.866 0.018 0.000 0.000 0.000 0.000 0.000 0.115 0.000
0.966 0.000 0.001 0.002 0.000 0.000 0.000 0.031 0.000
0.976 0.000 0.001 0.002 0.000 0.000 0.000 0.022 0.000
0.976 0.000 0.001 0.002 0.000 0.000 0.000 0.022 0.000
0.975 0.000 0.001 0.001 0.000 0.000 0.000 0.023 0.000
0.978 0.006 0.000 0.003 0.000 0.000 0.000 0.012 0.000
0.966 0.011 0.000 0.004 0.000 0.000 0.000 0.018 0.000
0.972 0.010 0.000 0.004 0.000 0.000 0.000 0.013 0.000
0.974 0.012 0.000 0.005 0.000 0.000 0.000 0.009 0.000
0.997 0.003 0.000 0.000 0.000 0.000 0.000 0.000 0.000
0.993 0.006 0.000 0.000 0.000 0.000 0.000 0.000 0.000
0.985 0.014 0.000 0.001 0.000 0.000 0.000 0.000 0.000
0.924 0.023 0.000 0.000 0.000 0.000 0.000 0.052 0.000
0.925 0.020 0.000 0.000 0.000 0.000 0.000 0.054 0.000
0.902 0.018 0.000 0.000 0.000 0.000 0.000 0.080 0.000
0.958 0.000 0.001 0.002 0.000 0.000 0.000 0.038 0.000
0.973 0.000 0.001 0.002 0.000 0.000 0.000 0.025 0.000
0.977 0.000 0.001 0.002 0.000 0.000 0.000 0.021 0.000
0.974 0.000 0.001 0.001 0.000 0.000 0.000 0.023 0.000
0.969 0.000 0.001 0.001 0.000 0.000 0.000 0.029 0.000
0.963 0.000 0.001 0.002 0.000 0.000 0.000 0.034 0.000
0.978 0.007 0.000 0.005 0.000 0.000 0.000 0.010 0.001
0.977 0.007 0.000 0.004 0.000 0.000 0.000 0.012 0.000
0.970 0.008 0.000 0.003 0.000 0.000 0.000 0.018 0.000
0.968 0.011 0.000 0.004 0.000 0.000 0.000 0.017 0.000
0.973 0.011 0.000 0.005 0.000 0.000 0.000 0.011 0.000
0.975 0.012 0.000 0.004 0.000 0.000 0.000 0.008 0.000
0.997 0.003 0.000 0.000 0.000 0.000 0.000 0.000 0.000
0.992 0.008 0.000 0.001 0.000 0.000 0.000 0.000 0.000
0.930 0.022 0.000 0.000 0.000 0.000 0.000 0.047 0.000
0.915 0.020 0.000 0.000 0.000 0.000 0.000 0.064 0.000
0.960 0.000 0.001 0.003 0.000 0.000 0.000 0.036 0.000
0.967 0.000 0.001 0.002 0.000 0.000 0.000 0.030 0.000
0.973 0.000 0.001 0.001 0.000 0.000 0.000 0.025 0.000
0.974 0.000 0.001 0.001 0.000 0.000 0.000 0.023 0.000
0.966 0.000 0.001 0.001 0.000 0.000 0.000 0.031 0.000
0.978 0.008 0.000 0.005 0.000 0.000 0.000 0.009 0.001
0.973 0.008 0.000 0.003 0.000 0.000 0.000 0.016 0.000
0.969 0.009 0.000 0.003 0.000 0.000 0.000 0.019 0.000
0.970 0.011 0.000 0.004 0.000 0.000 0.000 0.015 0.000
0.973 0.012 0.000 0.004 0.000 0.000 0.000 0.011 0.000
0.971 0.016 0.000 0.005 0.000 0.000 0.000 0.008 0.000
0.993 0.007 0.000 0.001 0.000 0.000 0.000 0.000 0.000
0.932 0.025 0.000 0.000 0.000 0.000 0.000 0.042 0.000
0.966 0.000 0.001 0.002 0.000 0.000 0.000 0.030 0.000
0.967 0.000 0.001 0.002 0.000 0.000 0.000 0.031 0.000
0.959 0.000 0.001 0.002 0.000 0.000 0.000 0.038 0.000
0.954 0.000 0.002 0.003 0.000 0.000 0.000 0.041 0.000
0.978 0.007 0.000 0.003 0.000 0.000 0.000 0.012 0.000
0.975 0.007 0.000 0.003 0.000 0.000 0.000 0.014 0.000
0.974 0.009 0.000 0.004 0.000 0.000 0.000 0.013 0.000
0.974 0.012 0.000 0.004 0.000 0.000 0.000 0.009 0.000
0.995 0.004 0.000 0.000 0.000 0.000 0.000 0.000 0.000
0.997 0.003 0.000 0.000 0.000 0.000 0.000 0.000 0.000
0.991 0.008 0.000 0.001 0.000 0.000 0.000 0.000 0.000
0.929 0.028 0.000 0.000 0.000 0.000 0.000 0.042 0.000
0.932 0.024 0.000 0.000 0.000 0.000 0.000 0.043 0.000
0.913 0.023 0.000 0.000 0.000 0.000 0.000 0.063 0.000
0.957 0.000 0.001 0.002 0.000 0.000 0.000 0.040 0.000
0.959 0.000 0.001 0.002 0.000 0.000 0.000 0.038 0.000
0.964 0.000 0.001 0.002 0.000 0.000 0.000 0.034 0.000
0.965 0.000 0.001 0.002 0.000 0.000 0.000 0.032 0.000
0.960 0.000 0.001 0.002 0.000 0.000 0.000 0.037 0.000
0.980 0.007 0.000 0.005 0.000 0.000 0.000 0.007 0.001
0.979 0.007 0.000 0.004 0.000 0.000 0.000 0.010 0.000
0.969 0.011 0.000 0.004 0.000 0.000 0.000 0.015 0.000
0.971 0.013 0.000 0.005 0.000 0.000 0.000 0.011 0.000
0.998 0.001 0.000 0.000 0.000 0.000 0.000 0.000 0.000
0.994 0.005 0.000 0.001 0.000 0.000 0.000 0.000 0.000
0.978 0.020 0.000 0.002 0.000 0.000 0.000 0.000 0.000
0.927 0.037 0.000 0.000 0.000 0.000 0.000 0.036 0.000
0.929 0.030 0.000 0.000 0.000 0.000 0.000 0.040 0.000
0.919 0.025 0.000 0.000 0.000 0.000 0.000 0.056 0.000
0.892 0.026 0.000 0.000 0.000 0.000 0.000 0.081 0.000
0.950 0.000 0.001 0.003 0.000 0.000 0.000 0.046 0.000
0.960 0.000 0.001 0.002 0.000 0.000 0.000 0.037 0.000
0.952 0.000 0.001 0.002 0.000 0.000 0.000 0.045 0.000
0.950 0.000 0.001 0.002 0.000 0.000 0.000 0.047 0.000
0.980 0.007 0.000 0.005 0.000 0.000 0.000 0.007 0.001
0.974 0.008 0.000 0.004 0.000 0.000 0.000 0.014 0.000
0.968 0.010 0.000 0.004 0.000 0.000 0.000 0.018 0.000
0.966 0.014 0.000 0.005 0.000 0.000 0.000 0.015 0.000
0.973 0.012 0.000 0.004 0.000 0.000 0.000 0.010 0.000
0.972 0.015 0.000 0.004 0.000 0.000 0.000 0.009 0.000
0.996 0.003 0.000 0.000 0.000 0.000 0.000 0.000 0.000
0.992 0.008 0.000 0.001 0.000 0.000 0.000 0.000 0.000
0.934 0.034 0.000 0.001 0.000 0.000 0.000 0.032 0.000
0.902 0.025 0.000 0.001 0.000 0.000 0.000 0.072 0.000
0.880 0.022 0.000 0.001 0.000 0.000 0.000 0.096 0.000
0.940 0.000 0.001 0.003 0.000 0.000 0.000 0.056 0.000
0.955 0.000 0.001 0.002 0.000 0.000 0.000 0.042 0.000
0.957 0.000 0.001 0.001 0.000 0.000 0.000 0.040 0.000
0.940 0.000 0.001 0.002 0.000 0.000 0.000 0.056 0.000
0.929 0.000 0.002 0.006 0.000 0.000 0.000 0.062 0.000
0.977 0.010 0.000 0.007 0.000 0.000 0.000 0.006 0.001
0.973 0.010 0.000 0.005 0.000 0.000 0.000 0.012 0.000
0.971 0.009 0.000 0.004 0.000 0.000 0.000 0.016 0.000
0.969 0.013 0.000 0.004 0.000 0.000 0.000 0.014 0.000
0.973 0.012 0.000 0.004 0.000 0.000 0.000 0.010 0.000
0.972 0.016 0.000 0.004 0.000 0.000 0.000 0.008 0.000
0.998 0.002 0.000 0.000 0.000 0.000 0.000 0.000 0.000
