0.973 0.027 0.000 0.000 0.000 0.000 0.000 0.000 0.000
0.979 0.021 0.000 0.000 0.000 0.000 0.000 0.000 0.000
0.950 0.050 0.000 0.000 0.000 0.000 0.000 0.000 0.000
0.981 0.012 0.000 0.000 0.000 0.000 0.000 0.007 0.000
0.989 0.007 0.000 0.000 0.000 0.000 0.000 0.004 0.000
0.991 0.005 0.000 0.000 0.000 0.000 0.000 0.003 0.000
0.993 0.005 0.000 0.000 0.000 0.000 0.000 0.002 0.000
0.993 0.005 0.000 0.000 0.000 0.000 0.000 0.002 0.000
0.993 0.005 0.000 0.000 0.000 0.000 0.000 0.002 0.000
0.994 0.004 0.000 0.000 0.000 0.000 0.000 0.002 0.000
0.995 0.003 0.000 0.000 0.000 0.000 0.000 0.002 0.000
0.996 0.002 0.000 0.000 0.000 0.000 0.000 0.001 0.000
0.996 0.002 0.000 0.000 0.000 0.000 0.000 0.002 0.000
0.996 0.002 0.000 0.000 0.000 0.000 0.000 0.002 0.000
0.998 0.001 0.000 0.000 0.000 0.000 0.000 0.001 0.000
0.888 0.089 0.001 0.000 0.000 0.000 0.000 0.022 0.000
0.855 0.112 0.001 0.000 0.000 0.000 0.000 0.031 0.000
0.849 0.112 0.001 0.000 0.000 0.000 0.000 0.038 0.000
0.851 0.117 0.001 0.000 0.000 0.000 0.000 0.031 0.000
0.892 0.083 0.001 0.000 0.000 0.000 0.000 0.024 0.000
0.944 0.043 0.000 0.000 0.000 0.000 0.000 0.013 0.000
0.954 0.042 0.000 0.000 0.000 0.000 0.000 0.002 0.001
0.894 0.102 0.000 0.000 0.000 0.000 0.000 0.003 0.002
0.986 0.014 0.000 0.000 0.000 0.000 0.000 0.000 0.000
0.955 0.045 0.000 0.000 0.000 0.000 0.000 0.000 0.000
0.880 0.120 0.000 0.000 0.000 0.000 0.000 0.000 0.000
0.981 0.010 0.000 0.000 0.000 0.000 0.000 0.009 0.000
0.987 0.007 0.000 0.000 0.000 0.000 0.000 0.006 0.000
0.990 0.006 0.000 0.000 0.000 0.000 0.000 0.004 0.000
0.991 0.006 0.000 0.000 0.000 0.000 0.000 0.003 0.000
0.990 0.006 0.000 0.000 0.000 0.000 0.000 0.004 0.000
0.990 0.005 0.000 0.000 0.000 0.000 0.000 0.005 0.000
0.993 0.004 0.000 0.000 0.000 0.000 0.000 0.003 0.000
0.995 0.003 0.000 0.000 0.000 0.000 0.000 0.002 0.000
0.996 0.002 0.000 0.000 0.000 0.000 0.000 0.002 0.000
0.996 0.002 0.000 0.000 0.000 0.000 0.000 0.002 0.000
0.995 0.002 0.000 0.000 0.000 0.000 0.000 0.003 0.000
0.997 0.002 0.000 0.000 0.000 0.000 0.000 0.001 0.000
0.875 0.092 0.001 0.000 0.000 0.000 0.000 0.032 0.000
0.866 0.090 0.001 0.000 0.000 0.000 0.000 0.043 0.000
0.899 0.069 0.001 0.000 0.000 0.000 0.000 0.031 0.000
0.936 0.049 0.000 0.000 0.000 0.000 0.000 0.014 0.000
0.964 0.031 0.000 0.000 0.000 0.000 0.000 0.004 0.001
0.945 0.051 0.000 0.000 0.000 0.000 0.000 0.003 0.001
0.915 0.080 0.000 0.000 0.000 0.000 0.000 0.002 0.002
0.931 0.064 0.000 0.000 0.000 0.000 0.000 0.003 0.001
0.890 0.105 0.000 0.001 0.000 0.000 0.000 0.003 0.002
0.983 0.017 0.000 0.000 0.000 0.000 0.000 0.000 0.000
0.978 0.022 0.000 0.000 0.000 0.000 0.000 0.000 0.000
0.954 0.046 0.000 0.000 0.000 0.000 0.000 0.000 0.000
0.986 0.007 0.000 0.000 0.000 0.000 0.000 0.007 0.000
0.989 0.006 0.000 0.000 0.000 0.000 0.000 0.005 0.000
0.989 0.006 0.000 0.000 0.000 0.000 0.000 0.004 0.000
0.988 0.005 0.000 0.000 0.000 0.000 0.000 0.006 0.000
0.988 0.004 0.000 0.000 0.000 0.000 0.000 0.007 0.000
0.992 0.003 0.000 0.000 0.000 0.000 0.000 0.005 0.000
0.994 0.003 0.000 0.000 0.000 0.000 0.000 0.003 0.000
0.995 0.002 0.000 0.000 0.000 0.000 0.000 0.002 0.000
0.996 0.002 0.000 0.000 0.000 0.000 0.000 0.002 0.000
0.996 0.002 0.000 0.000 0.000 0.000 0.000 0.002 0.000
0.995 0.002 0.000 0.000 0.000 0.000 0.000 0.004 0.000
0.994 0.002 0.000 0.000 0.000 0.000 0.000 0.004 0.000
0.995 0.002 0.000 0.000 0.000 0.000 0.000 0.003 0.000
0.997 0.001 0.000 0.000 0.000 0.000 0.000 0.001 0.000
0.998 0.001 0.000 0.000 0.000 0.000 0.000 0.001 0.000
0.998 0.001 0.000 0.000 0.000 0.000 0.000 0.001 0.000
0.912 0.059 0.001 0.000 0.000 0.000 0.000 0.028 0.000
0.944 0.043 0.000 0.000 0.000 0.000 0.000 0.012 0.000
0.965 0.030 0.000 0.000 0.000 0.000 0.000 0.004 0.001
0.936 0.059 0.000 0.000 0.000 0.000 0.000 0.003 0.002
0.919 0.076 0.000 0.000 0.000 0.000 0.000 0.003 0.002
0.921 0.074 0.000 0.000 0.000 0.000 0.000 0.003 0.002
0.940 0.055 0.000 0.000 0.000 0.000 0.000 0.003 0.001
0.941 0.055 0.000 0.000 0.000 0.000 0.000 0.003 0.001
0.968 0.032 0.000 0.000 0.000 0.000 0.000 0.000 0.000
0.990 0.010 0.000 0.000 0.000 0.000 0.000 0.000 0.000
0.967 0.033 0.000 0.000 0.000 0.000 0.000 0.000 0.000
0.856 0.144 0.000 0.000 0.000 0.000 0.000 0.000 0.000
0.974 0.010 0.000 0.000 0.000 0.000 0.000 0.015 0.000
0.980 0.009 0.000 0.000 0.000 0.000 0.000 0.011 0.000
0.984 0.008 0.000 0.000 0.000 0.000 0.000 0.008 0.000
0.986 0.008 0.000 0.000 0.000 0.000 0.000 0.006 0.000
0.983 0.009 0.000 0.000 0.000 0.000 0.000 0.008 0.000
0.982 0.007 0.000 0.000 0.000 0.000 0.000 0.011 0.000
0.989 0.004 0.000 0.000 0.000 0.000 0.000 0.007 0.000
0.991 0.004 0.000 0.000 0.000 0.000 0.000 0.005 0.000
0.994 0.003 0.000 0.000 0.000 0.000 0.000 0.003 0.000
0.994 0.002 0.000 0.000 0.000 0.000 0.000 0.003 0.000
0.994 0.002 0.000 0.000 0.000 0.000 0.000 0.004 0.000
0.992 0.002 0.000 0.000 0.000 0.000 0.000 0.006 0.000
0.992 0.002 0.000 0.000 0.000 0.000 0.000 0.006 0.000
0.997 0.001 0.000 0.000 0.000 0.000 0.000 0.002 0.000
0.997 0.001 0.000 0.000 0.000 0.000 0.000 0.002 0.000
0.997 0.001 0.000 0.000 0.000 0.000 0.000 0.002 0.000
0.993 0.005 0.000 0.000 0.000 0.000 0.000 0.001 0.000
0.993 0.006 0.000 0.000 0.000 0.000 0.000 0.001 0.000
0.899 0.094 0.000 0.001 0.000 0.000 0.000 0.004 0.002
0.928 0.066 0.000 0.000 0.000 0.000 0.000 0.003 0.002
0.926 0.068 0.000 0.000 0.000 0.000 0.000 0.003 0.002
0.920 0.074 0.000 0.000 0.000 0.000 0.000 0.004 0.001
0.920 0.074 0.000 0.001 0.000 0.000 0.000 0.004 0.002
0.947 0.049 0.000 0.001 0.000 0.000 0.000 0.002 0.002
0.957 0.038 0.000 0.000 0.000 0.000 0.000 0.003 0.001
0.991 0.009 0.000 0.000 0.000 0.000 0.000 0.000 0.000
0.975 0.025 0.000 0.000 0.000 0.000 0.000 0.000 0.000
0.938 0.062 0.000 0.000 0.000 0.000 0.000 0.000 0.000
0.965 0.014 0.000 0.000 0.000 0.000 0.000 0.021 0.000
0.974 0.010 0.000 0.000 0.000 0.000 0.000 0.016 0.000
0.974 0.006 0.000 0.000 0.000 0.000 0.000 0.020 0.000
0.977 0.006 0.000 0.000 0.000 0.000 0.000 0.017 0.000
0.978 0.006 0.000 0.000 0.000 0.000 0.000 0.016 0.000
0.983 0.005 0.000 0.000 0.000 0.000 0.000 0.012 0.000
0.986 0.004 0.000 0.000 0.000 0.000 0.000 0.010 0.000
0.989 0.003 0.000 0.000 0.000 0.000 0.000 0.007 0.000
0.990 0.003 0.000 0.000 0.000 0.000 0.000 0.007 0.000
0.990 0.002 0.000 0.000 0.000 0.000 0.000 0.008 0.000
0.997 0.001 0.000 0.000 0.000 0.000 0.000 0.002 0.000
0.992 0.006 0.001 0.000 0.000 0.000 0.000 0.001 0.000
0.986 0.010 0.001 0.000 0.000 0.000 0.000 0.003 0.000
0.877 0.114 0.000 0.001 0.000 0.000 0.000 0.007 0.002
0.930 0.063 0.000 0.000 0.000 0.000 0.000 0.004 0.002
0.949 0.045 0.000 0.000 0.000 0.000 0.000 0.004 0.001
0.933 0.060 0.000 0.000 0.000 0.000 0.000 0.006 0.001
0.905 0.088 0.000 0.001 0.000 0.000 0.000 0.005 0.002
0.930 0.064 0.000 0.001 0.000 0.000 0.000 0.003 0.002
0.947 0.048 0.000 0.001 0.000 0.000 0.000 0.003 0.001
0.969 0.026 0.000 0.000 0.000 0.000 0.000 0.004 0.001
0.985 0.015 0.000 0.000 0.000 0.000 0.000 0.000 0.000
0.962 0.038 0.000 0.000 0.000 0.000 0.000 0.000 0.000
0.937 0.015 0.000 0.000 0.000 0.000 0.000 0.048 0.000
0.953 0.014 0.000 0.000 0.000 0.000 0.000 0.033 0.000
0.968 0.012 0.000 0.000 0.000 0.000 0.000 0.020 0.000
0.971 0.005 0.000 0.000 0.000 0.000 0.000 0.024 0.000
0.974 0.005 0.000 0.000 0.000 0.000 0.000 0.021 0.000
0.983 0.004 0.000 0.000 0.000 0.000 0.000 0.013 0.000
0.986 0.003 0.000 0.000 0.000 0.000 0.000 0.011 0.000
0.987 0.002 0.000 0.000 0.000 0.000 0.000 0.011 0.000
0.996 0.000 0.000 0.000 0.000 0.000 0.000 0.003 0.000
0.995 0.001 0.000 0.000 0.000 0.000 0.000 0.004 0.000
0.995 0.000 0.000 0.000 0.000 0.000 0.000 0.005 0.000
0.993 0.001 0.001 0.000 0.000 0.000 0.000 0.006 0.000
0.869 0.119 0.000 0.001 0.000 0.000 0.000 0.009 0.002
0.886 0.104 0.000 0.001 0.000 0.000 0.000 0.007 0.002
0.950 0.044 0.000 0.000 0.000 0.000 0.000 0.005 0.001
0.943 0.049 0.000 0.000 0.000 0.000 0.000 0.007 0.001
0.927 0.065 0.000 0.001 0.000 0.000 0.000 0.006 0.001
0.938 0.057 0.000 0.001 0.000 0.000 0.000 0.003 0.002
0.953 0.042 0.000 0.001 0.000 0.000 0.000 0.003 0.001
0.965 0.031 0.000 0.001 0.000 0.000 0.000 0.003 0.001
0.972 0.023 0.000 0.000 0.000 0.000 0.000 0.004 0.001
0.991 0.009 0.000 0.000 0.000 0.000 0.000 0.000 0.000
0.973 0.027 0.000 0.000 0.000 0.000 0.000 0.000 0.000
0.938 0.062 0.000 0.000 0.000 0.000 0.000 0.000 0.000
0.894 0.016 0.000 0.000 0.000 0.000 0.000 0.090 0.000
0.921 0.015 0.000 0.000 0.000 0.000 0.000 0.064 0.000
0.934 0.014 0.000 0.000 0.000 0.000 0.000 0.052 0.000
0.958 0.004 0.000 0.000 0.000 0.000 0.000 0.038 0.000
0.970 0.004 0.000 0.000 0.000 0.000 0.000 0.026 0.000
0.981 0.003 0.000 0.000 0.000 0.000 0.000 0.017 0.000
0.983 0.002 0.000 0.000 0.000 0.000 0.000 0.015 0.000
0.982 0.002 0.000 0.000 0.000 0.000 0.000 0.016 0.000
0.995 0.000 0.000 0.000 0.000 0.000 0.000 0.004 0.000
0.996 0.000 0.000 0.000 0.000 0.000 0.000 0.004 0.000
0.994 0.000 0.001 0.000 0.000 0.000 0.000 0.005 0.000
0.993 0.002 0.001 0.000 0.000 0.000 0.000 0.004 0.000
0.989 0.006 0.001 0.000 0.000 0.000 0.000 0.004 0.000
0.956 0.038 0.000 0.000 0.000 0.000 0.000 0.004 0.001
0.966 0.028 0.000 0.000 0.000 0.000 0.000 0.004 0.001
0.969 0.025 0.000 0.000 0.000 0.000 0.000 0.005 0.001
0.932 0.060 0.000 0.001 0.000 0.000 0.000 0.006 0.001
0.942 0.051 0.000 0.001 0.000 0.000 0.000 0.004 0.001
0.947 0.047 0.000 0.001 0.000 0.000 0.000 0.003 0.001
0.964 0.031 0.000 0.001 0.000 0.000 0.000 0.003 0.001
0.973 0.023 0.000 0.000 0.000 0.000 0.000 0.003 0.001
0.985 0.015 0.000 0.000 0.000 0.000 0.000 0.000 0.000
0.967 0.033 0.000 0.000 0.000 0.000 0.000 0.000 0.000
0.869 0.018 0.000 0.000 0.000 0.000 0.000 0.113 0.000
0.891 0.017 0.000 0.000 0.000 0.000 0.000 0.092 0.000
0.957 0.003 0.000 0.000 0.000 0.000 0.000 0.040 0.000
0.966 0.003 0.000 0.000 0.000 0.000 0.000 0.031 0.000
0.972 0.002 0.000 0.000 0.000 0.000 0.000 0.025 0.000
0.976 0.002 0.000 0.000 0.000 0.000 0.000 0.022 0.000
0.973 0.001 0.000 0.000 0.000 0.000 0.000 0.026 0.000
0.974 0.001 0.000 0.000 0.000 0.000 0.000 0.025 0.000
0.963 0.002 0.001 0.000 0.000 0.000 0.000 0.035 0.000
0.996 0.000 0.000 0.000 0.000 0.000 0.000 0.003 0.000
0.995 0.000 0.000 0.000 0.000 0.000 0.000 0.004 0.000
0.995 0.000 0.001 0.000 0.000 0.000 0.000 0.005 0.000
0.993 0.001 0.001 0.000 0.000 0.000 0.000 0.005 0.000
0.991 0.003 0.001 0.000 0.000 0.000 0.000 0.004 0.000
0.991 0.004 0.001 0.000 0.000 0.000 0.000 0.003 0.000
0.959 0.035 0.000 0.001 0.000 0.000 0.000 0.003 0.002
0.967 0.028 0.000 0.000 0.000 0.000 0.000 0.003 0.001
0.970 0.023 0.000 0.000 0.000 0.000 0.000 0.006 0.001
0.957 0.035 0.000 0.000 0.000 0.000 0.000 0.006 0.001
0.952 0.042 0.000 0.001 0.000 0.000 0.000 0.005 0.001
0.953 0.041 0.000 0.001 0.000 0.000 0.000 0.004 0.001
0.960 0.034 0.000 0.001 0.000 0.000 0.000 0.003 0.001
0.981 0.015 0.000 0.000 0.000 0.000 0.000 0.003 0.001
0.942 0.058 0.000 0.000 0.000 0.000 0.000 0.000 0.000
0.976 0.024 0.000 0.000 0.000 0.000 0.000 0.000 0.000
0.813 0.019 0.000 0.000 0.000 0.000 0.000 0.169 0.000
0.840 0.016 0.000 0.000 0.000 0.000 0.000 0.144 0.000
0.863 0.014 0.000 0.000 0.000 0.000 0.000 0.123 0.000
0.964 0.002 0.000 0.000 0.000 0.000 0.000 0.034 0.000
0.965 0.002 0.000 0.000 0.000 0.000 0.000 0.033 0.000
0.965 0.001 0.000 0.000 0.000 0.000 0.000 0.033 0.000
0.948 0.001 0.001 0.000 0.000 0.000 0.000 0.051 0.000
0.991 0.000 0.000 0.000 0.000 0.000 0.000 0.008 0.000
0.998 0.001 0.000 0.000 0.000 0.000 0.000 0.001 0.000
0.995 0.000 0.000 0.000 0.000 0.000 0.000 0.004 0.000
0.995 0.000 0.000 0.000 0.000 0.000 0.000 0.004 0.000
0.994 0.000 0.000 0.000 0.000 0.000 0.000 0.005 0.000
0.994 0.000 0.001 0.000 0.000 0.000 0.000 0.005 0.000
0.992 0.001 0.001 0.000 0.000 0.000 0.000 0.005 0.000
0.991 0.002 0.001 0.000 0.000 0.000 0.000 0.006 0.000
0.958 0.036 0.000 0.001 0.000 0.000 0.000 0.003 0.002
0.972 0.023 0.000 0.000 0.000 0.000 0.000 0.004 0.001
0.969 0.025 0.000 0.000 0.000 0.000 0.000 0.005 0.001
0.959 0.033 0.000 0.001 0.000 0.000 0.000 0.006 0.001
0.956 0.036 0.000 0.001 0.000 0.000 0.000 0.006 0.001
0.957 0.036 0.000 0.001 0.000 0.000 0.000 0.005 0.001
0.965 0.030 0.000 0.001 0.000 0.000 0.000 0.003 0.001
0.972 0.023 0.000 0.001 0.000 0.000 0.000 0.003 0.001
0.982 0.018 0.000 0.000 0.000 0.000 0.000 0.000 0.000
0.968 0.032 0.000 0.000 0.000 0.000 0.000 0.000 0.000
0.742 0.024 0.000 0.000 0.000 0.000 0.000 0.233 0.000
0.771 0.018 0.000 0.000 0.000 0.000 0.000 0.211 0.000
0.803 0.015 0.000 0.000 0.000 0.000 0.000 0.181 0.000
0.951 0.001 0.000 0.000 0.000 0.000 0.000 0.047 0.000
0.946 0.001 0.000 0.000 0.000 0.000 0.000 0.053 0.000
0.972 0.001 0.000 0.000 0.000 0.000 0.000 0.027 0.000
0.977 0.004 0.000 0.000 0.000 0.000 0.000 0.019 0.000
0.980 0.003 0.000 0.000 0.000 0.000 0.000 0.017 0.000
0.948 0.001 0.001 0.000 0.000 0.000 0.000 0.050 0.000
0.996 0.000 0.000 0.000 0.000 0.000 0.000 0.004 0.000
0.994 0.000 0.001 0.000 0.000 0.000 0.000 0.005 0.000
0.994 0.000 0.001 0.000 0.000 0.000 0.000 0.006 0.000
0.992 0.000 0.001 0.000 0.000 0.000 0.000 0.007 0.000
0.991 0.001 0.001 0.000 0.000 0.000 0.000 0.007 0.000
0.964 0.030 0.000 0.001 0.000 0.000 0.000 0.004 0.002
0.973 0.020 0.000 0.000 0.000 0.000 0.000 0.005 0.001
0.960 0.031 0.000 0.001 0.000 0.000 0.000 0.007 0.001
0.963 0.028 0.000 0.001 0.000 0.000 0.000 0.007 0.001
0.965 0.029 0.000 0.001 0.000 0.000 0.000 0.005 0.001
0.966 0.028 0.000 0.001 0.000 0.000 0.000 0.004 0.001
0.971 0.023 0.000 0.001 0.000 0.000 0.000 0.003 0.001
0.970 0.030 0.000 0.000 0.000 0.000 0.000 0.000 0.000
0.993 0.007 0.000 0.000 0.000 0.000 0.000 0.000 0.000
0.980 0.020 0.000 0.000 0.000 0.000 0.000 0.000 0.000
0.779 0.016 0.000 0.000 0.000 0.000 0.000 0.205 0.000
0.760 0.013 0.000 0.000 0.000 0.000 0.000 0.227 0.000
0.735 0.015 0.000 0.000 0.000 0.000 0.000 0.250 0.000
0.955 0.001 0.000 0.000 0.000 0.000 0.000 0.044 0.000
0.958 0.001 0.000 0.000 0.000 0.000 0.000 0.041 0.000
0.948 0.001 0.000 0.000 0.000 0.000 0.000 0.051 0.000
0.948 0.000 0.000 0.000 0.000 0.000 0.000 0.051 0.000
0.948 0.001 0.001 0.000 0.000 0.000 0.000 0.051 0.000
0.955 0.000 0.001 0.000 0.000 0.000 0.000 0.044 0.000
0.994 0.000 0.000 0.000 0.000 0.000 0.000 0.005 0.000
0.994 0.000 0.001 0.000 0.000 0.000 0.000 0.006 0.000
0.993 0.000 0.001 0.000 0.000 0.000 0.000 0.007 0.000
0.991 0.000 0.001 0.000 0.000 0.000 0.000 0.008 0.000
0.965 0.029 0.000 0.001 0.000 0.000 0.000 0.004 0.002
0.970 0.024 0.000 0.001 0.000 0.000 0.000 0.004 0.001
0.978 0.016 0.000 0.000 0.000 0.000 0.000 0.005 0.001
0.976 0.016 0.000 0.000 0.000 0.000 0.000 0.006 0.001
0.962 0.029 0.000 0.001 0.000 0.000 0.000 0.008 0.001
0.965 0.027 0.000 0.001 0.000 0.000 0.000 0.007 0.001
0.972 0.021 0.000 0.001 0.000 0.000 0.000 0.005 0.001
0.973 0.021 0.000 0.001 0.000 0.000 0.000 0.004 0.001
0.995 0.005 0.000 0.000 0.000 0.000 0.000 0.000 0.000
0.983 0.017 0.000 0.000 0.000 0.000 0.000 0.000 0.000
0.967 0.032 0.000 0.000 0.000 0.000 0.000 0.000 0.000
0.751 0.022 0.000 0.000 0.000 0.000 0.000 0.226 0.000
0.780 0.018 0.000 0.000 0.000 0.000 0.000 0.202 0.000
0.749 0.015 0.000 0.000 0.000 0.000 0.000 0.235 0.000
0.955 0.001 0.000 0.000 0.000 0.000 0.000 0.044 0.000
0.952 0.000 0.000 0.000 0.000 0.000 0.000 0.048 0.000
0.945 0.000 0.000 0.000 0.000 0.000 0.000 0.054 0.000
0.950 0.000 0.001 0.000 0.000 0.000 0.000 0.049 0.000
0.995 0.000 0.000 0.000 0.000 0.000 0.000 0.005 0.000
0.993 0.000 0.001 0.000 0.000 0.000 0.000 0.006 0.000
0.994 0.000 0.001 0.000 0.000 0.000 0.000 0.006 0.000
0.971 0.022 0.000 0.001 0.000 0.000 0.000 0.004 0.001
0.975 0.019 0.000 0.001 0.000 0.000 0.000 0.005 0.001
0.974 0.018 0.000 0.001 0.000 0.000 0.000 0.008 0.001
0.967 0.024 0.000 0.001 0.000 0.000 0.000 0.007 0.001
0.971 0.022 0.000 0.001 0.000 0.000 0.000 0.006 0.001
0.971 0.022 0.000 0.001 0.000 0.000 0.000 0.005 0.001
0.992 0.008 0.000 0.000 0.000 0.000 0.000 0.000 0.000
0.993 0.007 0.000 0.000 0.000 0.000 0.000 0.000 0.000
0.701 0.027 0.000 0.000 0.000 0.000 0.000 0.272 0.000
0.764 0.021 0.000 0.000 0.000 0.000 0.000 0.215 0.000
0.754 0.018 0.000 0.000 0.000 0.000 0.000 0.228 0.000
0.944 0.000 0.000 0.000 0.000 0.000 0.000 0.055 0.000
0.931 0.000 0.001 0.000 0.000 0.000 0.000 0.069 0.000
0.937 0.000 0.001 0.000 0.000 0.000 0.000 0.062 0.000
0.952 0.000 0.001 0.000 0.000 0.000 0.000 0.047 0.000
0.994 0.000 0.000 0.000 0.000 0.000 0.000 0.005 0.000
0.994 0.000 0.001 0.000 0.000 0.000 0.000 0.005 0.000
0.991 0.000 0.001 0.000 0.000 0.000 0.000 0.009 0.000
0.973 0.020 0.000 0.001 0.000 0.000 0.000 0.005 0.001
0.980 0.013 0.000 0.001 0.000 0.000 0.000 0.006 0.001
0.972 0.018 0.000 0.001 0.000 0.000 0.000 0.008 0.001
0.968 0.022 0.000 0.001 0.000 0.000 0.000 0.008 0.001
0.974 0.018 0.000 0.001 0.000 0.000 0.000 0.007 0.001
0.986 0.014 0.000 0.000 0.000 0.000 0.000 0.000 0.000
0.953 0.046 0.000 0.000 0.000 0.000 0.000 0.000 0.000
0.747 0.020 0.000 0.000 0.000 0.000 0.000 0.232 0.000
0.759 0.019 0.000 0.000 0.000 0.000 0.000 0.222 0.000
0.933 0.000 0.001 0.000 0.000 0.000 0.000 0.066 0.000
0.938 0.000 0.001 0.000 0.000 0.000 0.000 0.061 0.000
0.953 0.000 0.001 0.000 0.000 0.000 0.000 0.046 0.000
0.967 0.000 0.001 0.000 0.000 0.000 0.000 0.032 0.000
0.991 0.000 0.001 0.000 0.000 0.000 0.000 0.008 0.000
0.992 0.000 0.001 0.000 0.000 0.000 0.000 0.007 0.000
0.977 0.016 0.000 0.001 0.000 0.000 0.000 0.005 0.001
0.976 0.017 0.000 0.001 0.000 0.000 0.000 0.005 0.001
0.978 0.014 0.000 0.001 0.000 0.000 0.000 0.007 0.001
0.974 0.015 0.000 0.001 0.000 0.000 0.000 0.010 0.000
0.969 0.019 0.000 0.001 0.000 0.000 0.000 0.010 0.001
0.964 0.023 0.000 0.001 0.000 0.000 0.000 0.010 0.001
0.963 0.025 0.000 0.001 0.000 0.000 0.000 0.010 0.001
0.977 0.016 0.000 0.001 0.000 0.000 0.000 0.005 0.001
0.990 0.010 0.000 0.000 0.000 0.000 0.000 0.000 0.000
0.764 0.021 0.000 0.000 0.000 0.000 0.000 0.214 0.000
0.751 0.019 0.000 0.000 0.000 0.000 0.000 0.231 0.000
0.944 0.000 0.000 0.000 0.000 0.000 0.000 0.055 0.000
0.941 0.000 0.000 0.000 0.000 0.000 0.000 0.058 0.000
0.949 0.000 0.000 0.000 0.000 0.000 0.000 0.050 0.000
0.958 0.000 0.000 0.000 0.000 0.000 0.000 0.042 0.000
0.992 0.000 0.001 0.000 0.000 0.000 0.000 0.007 0.000
0.991 0.000 0.001 0.000 0.000 0.000 0.000 0.008 0.000
0.990 0.000 0.001 0.000 0.000 0.000 0.000 0.009 0.000
0.980 0.013 0.000 0.001 0.000 0.000 0.000 0.005 0.001
0.981 0.012 0.000 0.001 0.000 0.000 0.000 0.006 0.001
0.980 0.012 0.000 0.001 0.000 0.000 0.000 0.007 0.001
0.976 0.012 0.000 0.001 0.000 0.000 0.000 0.010 0.000
0.969 0.014 0.000 0.001 0.000 0.000 0.000 0.015 0.000
0.979 0.014 0.000 0.001 0.000 0.000 0.000 0.006 0.000
0.978 0.015 0.000 0.001 0.000 0.000 0.000 0.006 0.000
0.987 0.013 0.000 0.000 0.000 0.000 0.000 0.000 0.000
0.955 0.045 0.000 0.000 0.000 0.000 0.000 0.000 0.000
0.773 0.019 0.000 0.000 0.000 0.000 0.000 0.208 0.000
0.943 0.000 0.000 0.000 0.000 0.000 0.000 0.056 0.000
0.953 0.000 0.000 0.000 0.000 0.000 0.000 0.046 0.000
0.950 0.000 0.000 0.000 0.000 0.000 0.000 0.049 0.000
0.954 0.000 0.000 0.000 0.000 0.000 0.000 0.045 0.000
0.905 0.000 0.001 0.000 0.000 0.000 0.000 0.094 0.000
0.990 0.000 0.001 0.000 0.000 0.000 0.000 0.009 0.000
0.991 0.000 0.001 0.000 0.000 0.000 0.000 0.008 0.000
0.989 0.000 0.001 0.000 0.000 0.000 0.000 0.010 0.000
0.985 0.000 0.001 0.000 0.000 0.000 0.000 0.014 0.000
0.980 0.012 0.000 0.001 0.000 0.000 0.000 0.006 0.001
0.982 0.009 0.000 0.001 0.000 0.000 0.000 0.007 0.001
0.970 0.006 0.000 0.000 0.000 0.000 0.000 0.023 0.000
0.974 0.010 0.000 0.001 0.000 0.000 0.000 0.015 0.000
0.976 0.014 0.000 0.001 0.000 0.000 0.000 0.008 0.000
0.988 0.012 0.000 0.000 0.000 0.000 0.000 0.000 0.000
0.979 0.021 0.000 0.000 0.000 0.000 0.000 0.000 0.000
0.765 0.026 0.000 0.000 0.000 0.000 0.000 0.209 0.000
0.775 0.022 0.000 0.000 0.000 0.000 0.000 0.203 0.000
0.765 0.019 0.000 0.000 0.000 0.000 0.000 0.216 0.000
0.901 0.000 0.001 0.000 0.000 0.000 0.000 0.098 0.000
0.923 0.000 0.000 0.000 0.000 0.000 0.000 0.076 0.000
0.978 0.000 0.000 0.000 0.000 0.000 0.000 0.022 0.000
0.891 0.000 0.001 0.000 0.000 0.000 0.000 0.109 0.000
0.963 0.000 0.001 0.000 0.000 0.000 0.000 0.036 0.000
0.981 0.000 0.001 0.000 0.000 0.000 0.000 0.018 0.000
0.985 0.000 0.001 0.000 0.000 0.000 0.000 0.014 0.000
0.988 0.000 0.001 0.000 0.000 0.000 0.000 0.011 0.000
0.990 0.000 0.001 0.000 0.000 0.000 0.000 0.009 0.000
0.981 0.000 0.001 0.000 0.000 0.000 0.000 0.018 0.000
0.985 0.006 0.000 0.001 0.000 0.000 0.000 0.008 0.000
0.973 0.015 0.000 0.001 0.000 0.000 0.000 0.010 0.000
0.979 0.012 0.000 0.001 0.000 0.000 0.000 0.007 0.000
0.978 0.014 0.000 0.001 0.000 0.000 0.000 0.006 0.000
0.992 0.008 0.000 0.000 0.000 0.000 0.000 0.000 0.000
0.996 0.004 0.000 0.000 0.000 0.000 0.000 0.000 0.000
0.986 0.014 0.000 0.000 0.000 0.000 0.000 0.000 0.000
0.906 0.094 0.000 0.000 0.000 0.000 0.000 0.000 0.000
0.720 0.057 0.000 0.000 0.000 0.000 0.000 0.223 0.000
0.767 0.027 0.000 0.000 0.000 0.000 0.000 0.205 0.000
0.753 0.022 0.000 0.000 0.000 0.000 0.000 0.224 0.000
0.967 0.000 0.000 0.000 0.000 0.000 0.000 0.033 0.000
0.969 0.000 0.000 0.000 0.000 0.000 0.000 0.031 0.000
0.964 0.000 0.000 0.000 0.000 0.000 0.000 0.036 0.000
0.966 0.000 0.000 0.000 0.000 0.000 0.000 0.033 0.000
0.917 0.000 0.001 0.000 0.000 0.000 0.000 0.083 0.000
0.945 0.000 0.001 0.000 0.000 0.000 0.000 0.054 0.000
0.945 0.000 0.001 0.000 0.000 0.000 0.000 0.054 0.000
0.959 0.000 0.001 0.000 0.000 0.000 0.000 0.040 0.000
0.955 0.000 0.001 0.000 0.000 0.000 0.000 0.044 0.000
0.962 0.000 0.001 0.000 0.000 0.000 0.000 0.037 0.000
0.975 0.000 0.001 0.000 0.000 0.000 0.000 0.024 0.000
0.985 0.000 0.001 0.000 0.000 0.000 0.000 0.014 0.000
0.988 0.000 0.001 0.000 0.000 0.000 0.000 0.012 0.000
0.988 0.000 0.001 0.000 0.000 0.000 0.000 0.011 0.000
0.986 0.000 0.001 0.000 0.000 0.000 0.000 0.013 0.000
0.983 0.008 0.000 0.001 0.000 0.000 0.000 0.007 0.001
0.978 0.009 0.000 0.001 0.000 0.000 0.000 0.012 0.000
0.972 0.013 0.000 0.001 0.000 0.000 0.000 0.014 0.000
0.974 0.014 0.000 0.001 0.000 0.000 0.000 0.011 0.000
0.979 0.012 0.000 0.001 0.000 0.000 0.000 0.008 0.000
0.977 0.014 0.000 0.001 0.000 0.000 0.000 0.007 0.000
0.998 0.002 0.000 0.000 0.000 0.000 0.000 0.000 0.000
0.990 0.010 0.000 0.000 0.000 0.000 0.000 0.000 0.000
0.976 0.024 0.000 0.000 0.000 0.000 0.000 0.000 0.000
0.757 0.024 0.000 0.000 0.000 0.000 0.000 0.219 0.000
0.778 0.024 0.000 0.000 0.000 0.000 0.000 0.197 0.000
0.742 0.022 0.000 0.000 0.000 0.000 0.000 0.237 0.000
0.954 0.000 0.000 0.000 0.000 0.000 0.000 0.046 0.000
0.962 0.000 0.000 0.000 0.000 0.000 0.000 0.038 0.000
0.961 0.000 0.000 0.000 0.000 0.000 0.000 0.038 0.000
0.958 0.000 0.001 0.000 0.000 0.000 0.000 0.042 0.000
0.960 0.000 0.001 0.000 0.000 0.000 0.000 0.039 0.000
0.958 0.000 0.001 0.000 0.000 0.000 0.000 0.041 0.000
0.961 0.000 0.001 0.000 0.000 0.000 0.000 0.038 0.000
0.956 0.000 0.001 0.000 0.000 0.000 0.000 0.043 0.000
0.965 0.000 0.001 0.000 0.000 0.000 0.000 0.034 0.000
0.974 0.000 0.001 0.000 0.000 0.000 0.000 0.025 0.000
0.984 0.000 0.001 0.000 0.000 0.000 0.000 0.015 0.000
0.986 0.000 0.001 0.000 0.000 0.000 0.000 0.013 0.000
0.984 0.000 0.001 0.000 0.000 0.000 0.000 0.015 0.000
0.982 0.000 0.001 0.000 0.000 0.000 0.000 0.017 0.000
0.982 0.008 0.000 0.001 0.000 0.000 0.000 0.009 0.001
0.980 0.008 0.000 0.001 0.000 0.000 0.000 0.011 0.000
0.974 0.011 0.000 0.001 0.000 0.000 0.000 0.013 0.000
0.971 0.016 0.000 0.001 0.000 0.000 0.000 0.011 0.000
0.975 0.014 0.000 0.001 0.000 0.000 0.000 0.009 0.000
0.980 0.012 0.000 0.001 0.000 0.000 0.000 0.007 0.000
0.996 0.004 0.000 0.000 0.000 0.000 0.000 0.000 0.000
0.995 0.005 0.000 0.000 0.000 0.000 0.000 0.000 0.000
0.987 0.013 0.000 0.000 0.000 0.000 0.000 0.000 0.000
0.785 0.027 0.000 0.000 0.000 0.000 0.000 0.188 0.000
0.758 0.024 0.000 0.000 0.000 0.000 0.000 0.218 0.000
0.938 0.000 0.001 0.000 0.000 0.000 0.000 0.062 0.000
0.949 0.000 0.001 0.000 0.000 0.000 0.000 0.050 0.000
0.955 0.000 0.001 0.000 0.000 0.000 0.000 0.044 0.000
0.961 0.000 0.001 0.000 0.000 0.000 0.000 0.038 0.000
0.959 0.000 0.001 0.000 0.000 0.000 0.000 0.041 0.000
0.955 0.000 0.001 0.000 0.000 0.000 0.000 0.045 0.000
0.960 0.000 0.001 0.000 0.000 0.000 0.000 0.039 0.000
0.968 0.000 0.001 0.000 0.000 0.000 0.000 0.032 0.000
0.976 0.000 0.001 0.000 0.000 0.000 0.000 0.023 0.000
0.981 0.000 0.001 0.000 0.000 0.000 0.000 0.018 0.000
0.985 0.000 0.001 0.000 0.000 0.000 0.000 0.014 0.000
0.983 0.007 0.000 0.001 0.000 0.000 0.000 0.008 0.001
0.980 0.008 0.000 0.001 0.000 0.000 0.000 0.011 0.000
0.968 0.013 0.000 0.001 0.000 0.000 0.000 0.018 0.000
0.968 0.016 0.000 0.001 0.000 0.000 0.000 0.014 0.000
0.978 0.013 0.000 0.001 0.000 0.000 0.000 0.008 0.000
0.978 0.013 0.000 0.001 0.000 0.000 0.000 0.007 0.000
0.999 0.001 0.000 0.000 0.000 0.000 0.000 0.000 0.000
0.991 0.009 0.000 0.000 0.000 0.000 0.000 0.000 0.000
0.964 0.036 0.000 0.000 0.000 0.000 0.000 0.000 0.000
0.775 0.026 0.000 0.000 0.000 0.000 0.000 0.199 0.000
0.713 0.026 0.000 0.000 0.000 0.000 0.000 0.261 0.000
0.962 0.000 0.001 0.000 0.000 0.000 0.000 0.037 0.000
0.969 0.000 0.001 0.000 0.000 0.000 0.000 0.030 0.000
0.984 0.000 0.001 0.000 0.000 0.000 0.000 0.015 0.000
0.984 0.000 0.001 0.000 0.000 0.000 0.000 0.015 0.000
0.982 0.000 0.001 0.000 0.000 0.000 0.000 0.017 0.000
0.983 0.007 0.000 0.001 0.000 0.000 0.000 0.008 0.000
0.977 0.008 0.000 0.001 0.000 0.000 0.000 0.014 0.000
0.971 0.010 0.000 0.001 0.000 0.000 0.000 0.018 0.000
0.968 0.016 0.000 0.002 0.000 0.000 0.000 0.014 0.000
0.977 0.013 0.000 0.001 0.000 0.000 0.000 0.009 0.000
0.979 0.013 0.000 0.001 0.000 0.000 0.000 0.007 0.000
0.999 0.001 0.000 0.000 0.000 0.000 0.000 0.000 0.000
0.995 0.005 0.000 0.000 0.000 0.000 0.000 0.000 0.000
0.989 0.011 0.000 0.000 0.000 0.000 0.000 0.000 0.000
0.803 0.026 0.000 0.000 0.000 0.000 0.000 0.171 0.000
0.771 0.024 0.000 0.000 0.000 0.000 0.000 0.205 0.000
0.982 0.000 0.001 0.000 0.000 0.000 0.000 0.017 0.000
0.985 0.000 0.001 0.000 0.000 0.000 0.000 0.014 0.000
0.982 0.000 0.001 0.000 0.000 0.000 0.000 0.017 0.000
0.978 0.000 0.001 0.000 0.000 0.000 0.000 0.022 0.000
0.982 0.006 0.000 0.001 0.000 0.000 0.000 0.010 0.000
0.980 0.007 0.000 0.001 0.000 0.000 0.000 0.012 0.000
0.968 0.012 0.000 0.001 0.000 0.000 0.000 0.019 0.000
0.970 0.015 0.000 0.002 0.000 0.000 0.000 0.014 0.000
0.978 0.012 0.000 0.001 0.000 0.000 0.000 0.008 0.000
0.978 0.014 0.000 0.002 0.000 0.000 0.000 0.006 0.000
0.998 0.002 0.000 0.000 0.000 0.000 0.000 0.000 0.000
0.991 0.009 0.000 0.000 0.000 0.000 0.000 0.000 0.000
0.800 0.029 0.000 0.000 0.000 0.000 0.000 0.171 0.000
0.805 0.028 0.000 0.000 0.000 0.000 0.000 0.167 0.000
0.744 0.028 0.000 0.000 0.000 0.000 0.000 0.228 0.000
0.980 0.000 0.001 0.000 0.000 0.000 0.000 0.020 0.000
0.983 0.000 0.001 0.000 0.000 0.000 0.000 0.017 0.000
0.983 0.000 0.001 0.000 0.000 0.000 0.000 0.016 0.000
0.982 0.000 0.001 0.000 0.000 0.000 0.000 0.017 0.000
0.982 0.007 0.000 0.001 0.000 0.000 0.000 0.009 0.000
0.976 0.008 0.000 0.001 0.000 0.000 0.000 0.015 0.000
0.971 0.011 0.000 0.001 0.000 0.000 0.000 0.016 0.000
0.977 0.013 0.000 0.001 0.000 0.000 0.000 0.008 0.000
0.999 0.001 0.000 0.000 0.000 0.000 0.000 0.000 0.000
0.991 0.009 0.000 0.000 0.000 0.000 0.000 0.000 0.000
0.985 0.015 0.000 0.000 0.000 0.000 0.000 0.000 0.000
0.806 0.030 0.000 0.000 0.000 0.000 0.000 0.164 0.000
0.785 0.028 0.000 0.000 0.000 0.000 0.000 0.187 0.000
0.980 0.000 0.001 0.000 0.000 0.000 0.000 0.020 0.000
0.982 0.000 0.001 0.000 0.000 0.000 0.000 0.017 0.000
0.983 0.000 0.001 0.000 0.000 0.000 0.000 0.016 0.000
0.982 0.000 0.001 0.000 0.000 0.000 0.000 0.017 0.000
0.987 0.000 0.001 0.000 0.000 0.000 0.000 0.012 0.000
0.981 0.007 0.000 0.001 0.000 0.000 0.000 0.010 0.000
0.980 0.007 0.000 0.001 0.000 0.000 0.000 0.012 0.000
0.973 0.011 0.000 0.001 0.000 0.000 0.000 0.014 0.000
0.972 0.015 0.000 0.002 0.000 0.000 0.000 0.011 0.000
0.974 0.015 0.000 0.002 0.000 0.000 0.000 0.009 0.000
0.979 0.014 0.000 0.001 0.000 0.000 0.000 0.006 0.000
0.997 0.003 0.000 0.000 0.000 0.000 0.000 0.000 0.000
0.997 0.003 0.000 0.000 0.000 0.000 0.000 0.000 0.000
0.989 0.011 0.000 0.000 0.000 0.000 0.000 0.000 0.000
0.831 0.029 0.000 0.000 0.000 0.000 0.000 0.140 0.000
0.792 0.033 0.000 0.000 0.000 0.000 0.000 0.175 0.000
0.743 0.028 0.000 0.000 0.000 0.000 0.000 0.229 0.000
0.973 0.000 0.001 0.000 0.000 0.000 0.000 0.026 0.000
0.979 0.000 0.001 0.000 0.000 0.000 0.000 0.021 0.000
0.984 0.000 0.000 0.000 0.000 0.000 0.000 0.016 0.000
0.987 0.000 0.000 0.000 0.000 0.000 0.000 0.013 0.000
0.987 0.000 0.000 0.000 0.000 0.000 0.000 0.012 0.000
0.989 0.000 0.000 0.000 0.000 0.000 0.000 0.011 0.000
0.984 0.007 0.000 0.001 0.000 0.000 0.000 0.008 0.000
0.977 0.009 0.000 0.001 0.000 0.000 0.000 0.013 0.000
0.968 0.014 0.000 0.002 0.000 0.000 0.000 0.016 0.000
0.970 0.015 0.000 0.002 0.000 0.000 0.000 0.013 0.000
0.973 0.015 0.000 0.002 0.000 0.000 0.000 0.009 0.000
0.999 0.001 0.000 0.000 0.000 0.000 0.000 0.000 0.000
0.829 0.030 0.000 0.000 0.000 0.000 0.000 0.141 0.000
0.971 0.000 0.001 0.000 0.000 0.000 0.000 0.029 0.000
0.976 0.000 0.001 0.000 0.000 0.000 0.000 0.023 0.000
0.984 0.000 0.001 0.000 0.000 0.000 0.000 0.015 0.000
0.987 0.000 0.001 0.000 0.000 0.000 0.000 0.012 0.000
0.988 0.000 0.001 0.000 0.000 0.000 0.000 0.011 0.000
0.987 0.000 0.001 0.000 0.000 0.000 0.000 0.012 0.000
0.982 0.007 0.000 0.001 0.000 0.000 0.000 0.009 0.000
0.977 0.008 0.000 0.001 0.000 0.000 0.000 0.013 0.000
0.971 0.011 0.000 0.001 0.000 0.000 0.000 0.016 0.000
0.973 0.013 0.000 0.001 0.000 0.000 0.000 0.012 0.000
0.993 0.007 0.000 0.000 0.000 0.000 0.000 0.000 0.000
0.989 0.011 0.000 0.000 0.000 0.000 0.000 0.000 0.000
0.856 0.031 0.000 0.000 0.000 0.000 0.000 0.113 0.000
0.799 0.034 0.000 0.000 0.000 0.000 0.000 0.167 0.000
0.719 0.027 0.000 0.000 0.000 0.000 0.000 0.255 0.000
0.971 0.000 0.001 0.000 0.000 0.000 0.000 0.028 0.000
0.980 0.000 0.001 0.000 0.000 0.000 0.000 0.019 0.000
0.986 0.000 0.001 0.000 0.000 0.000 0.000 0.013 0.000
0.988 0.000 0.000 0.000 0.000 0.000 0.000 0.011 0.000
0.987 0.000 0.001 0.000 0.000 0.000 0.000 0.013 0.000
0.986 0.000 0.001 0.000 0.000 0.000 0.000 0.014 0.000
0.981 0.007 0.000 0.001 0.000 0.000 0.000 0.010 0.000
0.978 0.008 0.000 0.001 0.000 0.000 0.000 0.013 0.000
0.973 0.012 0.000 0.001 0.000 0.000 0.000 0.013 0.000
0.974 0.014 0.000 0.001 0.000 0.000 0.000 0.010 0.000
0.998 0.002 0.000 0.000 0.000 0.000 0.000 0.000 0.000
0.989 0.010 0.000 0.000 0.000 0.000 0.000 0.000 0.000
0.966 0.034 0.000 0.000 0.000 0.000 0.000 0.000 0.000
0.840 0.035 0.000 0.000 0.000 0.000 0.000 0.125 0.000
0.844 0.037 0.000 0.000 0.000 0.000 0.000 0.118 0.000
0.774 0.028 0.000 0.000 0.000 0.000 0.000 0.199 0.000
0.973 0.000 0.001 0.000 0.000 0.000 0.000 0.027 0.000
0.979 0.000 0.001 0.000 0.000 0.000 0.000 0.021 0.000
0.987 0.000 0.001 0.000 0.000 0.000 0.000 0.013 0.000
0.988 0.000 0.001 0.000 0.000 0.000 0.000 0.011 0.000
0.987 0.000 0.001 0.000 0.000 0.000 0.000 0.013 0.000
0.988 0.000 0.001 0.000 0.000 0.000 0.000 0.012 0.000
0.983 0.007 0.000 0.001 0.000 0.000 0.000 0.009 0.000
0.973 0.010 0.000 0.001 0.000 0.000 0.000 0.015 0.000
0.970 0.012 0.000 0.001 0.000 0.000 0.000 0.017 0.000
0.972 0.014 0.000 0.002 0.000 0.000 0.000 0.012 0.000
0.974 0.015 0.000 0.001 0.000 0.000 0.000 0.009 0.000
0.999 0.001 0.000 0.000 0.000 0.000 0.000 0.000 0.000
0.993 0.007 0.000 0.000 0.000 0.000 0.000 0.000 0.000
0.983 0.016 0.000 0.000 0.000 0.000 0.000 0.000 0.000
0.861 0.036 0.000 0.000 0.000 0.000 0.000 0.102 0.000
0.749 0.029 0.000 0.000 0.000 0.000 0.000 0.222 0.000
0.979 0.000 0.001 0.000 0.000 0.000 0.000 0.020 0.000
0.986 0.000 0.001 0.000 0.000 0.000 0.000 0.013 0.000
0.990 0.000 0.001 0.000 0.000 0.000 0.000 0.009 0.000
0.991 0.000 0.001 0.000 0.000 0.000 0.000 0.008 0.000
0.989 0.000 0.001 0.000 0.000 0.000 0.000 0.011 0.000
0.980 0.007 0.000 0.001 0.000 0.000 0.000 0.012 0.000
0.975 0.009 0.000 0.001 0.000 0.000 0.000 0.015 0.000
0.970 0.013 0.000 0.001 0.000 0.000 0.000 0.015 0.000
0.972 0.015 0.000 0.002 0.000 0.000 0.000 0.012 0.000
0.971 0.018 0.000 0.002 0.000 0.000 0.000 0.010 0.000
0.994 0.006 0.000 0.000 0.000 0.000 0.000 0.000 0.000
0.996 0.004 0.000 0.000 0.000 0.000 0.000 0.000 0.000
0.987 0.013 0.000 0.000 0.000 0.000 0.000 0.000 0.000
0.858 0.037 0.000 0.000 0.000 0.000 0.000 0.105 0.000
0.824 0.037 0.000 0.000 0.000 0.000 0.000 0.139 0.000
0.971 0.000 0.001 0.000 0.000 0.000 0.000 0.029 0.000
0.980 0.000 0.001 0.000 0.000 0.000 0.000 0.019 0.000
0.984 0.000 0.001 0.000 0.000 0.000 0.000 0.016 0.000
0.988 0.000 0.001 0.000 0.000 0.000 0.000 0.011 0.000
0.989 0.000 0.001 0.000 0.000 0.000 0.000 0.010 0.000
0.987 0.000 0.001 0.000 0.000 0.000 0.000 0.012 0.000
0.982 0.007 0.000 0.002 0.000 0.000 0.000 0.009 0.000
0.982 0.007 0.000 0.001 0.000 0.000 0.000 0.010 0.000
0.971 0.011 0.000 0.001 0.000 0.000 0.000 0.016 0.000
0.968 0.014 0.000 0.002 0.000 0.000 0.000 0.016 0.000
0.973 0.014 0.000 0.001 0.000 0.000 0.000 0.011 0.000
0.975 0.016 0.000 0.002 0.000 0.000 0.000 0.007 0.000
0.998 0.002 0.000 0.000 0.000 0.000 0.000 0.000 0.000
0.974 0.025 0.000 0.000 0.000 0.000 0.000 0.000 0.000
0.865 0.039 0.000 0.000 0.000 0.000 0.000 0.096 0.000
0.846 0.038 0.000 0.000 0.000 0.000 0.000 0.116 0.000
0.788 0.035 0.000 0.000 0.000 0.000 0.000 0.176 0.000
0.977 0.000 0.001 0.000 0.000 0.000 0.000 0.022 0.000
0.988 0.000 0.001 0.000 0.000 0.000 0.000 0.011 0.000
0.990 0.000 0.001 0.000 0.000 0.000 0.000 0.009 0.000
0.981 0.007 0.000 0.002 0.000 0.000 0.000 0.009 0.000
0.969 0.011 0.000 0.001 0.000 0.000 0.000 0.019 0.000
0.965 0.017 0.000 0.002 0.000 0.000 0.000 0.015 0.000
0.965 0.022 0.000 0.002 0.000 0.000 0.000 0.010 0.000
0.995 0.005 0.000 0.000 0.000 0.000 0.000 0.000 0.000
0.993 0.007 0.000 0.000 0.000 0.000 0.000 0.000 0.000
0.987 0.012 0.000 0.000 0.000 0.000 0.000 0.000 0.000
0.849 0.039 0.000 0.000 0.000 0.000 0.000 0.112 0.000
0.859 0.039 0.000 0.000 0.000 0.000 0.000 0.101 0.000
0.816 0.040 0.000 0.000 0.000 0.000 0.000 0.144 0.000
0.979 0.000 0.001 0.000 0.000 0.000 0.000 0.020 0.000
0.987 0.000 0.001 0.000 0.000 0.000 0.000 0.012 0.000
0.988 0.000 0.001 0.000 0.000 0.000 0.000 0.011 0.000
0.988 0.000 0.001 0.000 0.000 0.000 0.000 0.011 0.000
0.989 0.000 0.001 0.000 0.000 0.000 0.000 0.010 0.000
0.978 0.008 0.000 0.002 0.000 0.000 0.000 0.012 0.000
0.969 0.010 0.000 0.001 0.000 0.000 0.000 0.020 0.000
0.963 0.014 0.000 0.002 0.000 0.000 0.000 0.021 0.000
0.965 0.017 0.000 0.002 0.000 0.000 0.000 0.016 0.000
0.967 0.019 0.000 0.002 0.000 0.000 0.000 0.012 0.000
0.988 0.011 0.000 0.000 0.000 0.000 0.000 0.000 0.000
0.965 0.034 0.000 0.001 0.000 0.000 0.000 0.000 0.000
0.855 0.042 0.000 0.000 0.000 0.000 0.000 0.103 0.000
0.841 0.038 0.000 0.000 0.000 0.000 0.000 0.121 0.000
0.776 0.039 0.000 0.000 0.000 0.000 0.000 0.185 0.000
0.979 0.000 0.001 0.000 0.000 0.000 0.000 0.020 0.000
0.986 0.000 0.001 0.000 0.000 0.000 0.000 0.013 0.000
0.987 0.000 0.001 0.000 0.000 0.000 0.000 0.012 0.000
0.987 0.000 0.001 0.000 0.000 0.000 0.000 0.012 0.000
0.978 0.007 0.000 0.001 0.000 0.000 0.000 0.013 0.000
0.960 0.016 0.000 0.002 0.000 0.000 0.000 0.022 0.000
0.966 0.016 0.000 0.002 0.000 0.000 0.000 0.016 0.000
0.968 0.019 0.000 0.002 0.000 0.000 0.000 0.011 0.000
0.998 0.002 0.000 0.000 0.000 0.000 0.000 0.000 0.000
0.990 0.010 0.000 0.000 0.000 0.000 0.000 0.000 0.000
0.980 0.020 0.000 0.000 0.000 0.000 0.000 0.000 0.000
0.855 0.040 0.000 0.000 0.000 0.000 0.000 0.105 0.000
0.858 0.041 0.000 0.000 0.000 0.000 0.000 0.101 0.000
0.820 0.039 0.000 0.000 0.000 0.000 0.000 0.141 0.000
0.975 0.000 0.001 0.000 0.000 0.000 0.000 0.024 0.000
0.985 0.000 0.001 0.000 0.000 0.000 0.000 0.014 0.000
0.988 0.000 0.001 0.000 0.000 0.000 0.000 0.011 0.000
0.987 0.000 0.001 0.000 0.000 0.000 0.000 0.012 0.000
0.984 0.000 0.001 0.000 0.000 0.000 0.000 0.015 0.000
0.981 0.000 0.001 0.000 0.000 0.000 0.000 0.018 0.000
0.980 0.007 0.000 0.002 0.000 0.000 0.000 0.011 0.000
0.977 0.008 0.000 0.001 0.000 0.000 0.000 0.014 0.000
0.967 0.011 0.000 0.001 0.000 0.000 0.000 0.021 0.000
0.962 0.016 0.000 0.002 0.000 0.000 0.000 0.021 0.000
0.966 0.018 0.000 0.002 0.000 0.000 0.000 0.014 0.000
0.969 0.018 0.000 0.002 0.000 0.000 0.000 0.011 0.000
0.996 0.004 0.000 0.000 0.000 0.000 0.000 0.000 0.000
0.988 0.011 0.000 0.000 0.000 0.000 0.000 0.000 0.000
0.861 0.042 0.000 0.000 0.000 0.000 0.000 0.098 0.000
0.833 0.042 0.000 0.000 0.000 0.000 0.000 0.125 0.000
0.977 0.000 0.001 0.000 0.000 0.000 0.000 0.022 0.000
0.982 0.000 0.001 0.000 0.000 0.000 0.000 0.017 0.000
0.987 0.000 0.001 0.000 0.000 0.000 0.000 0.013 0.000
0.988 0.000 0.001 0.000 0.000 0.000 0.000 0.011 0.000
0.984 0.000 0.001 0.000 0.000 0.000 0.000 0.015 0.000
0.980 0.007 0.000 0.002 0.000 0.000 0.000 0.011 0.000
0.972 0.009 0.000 0.002 0.000 0.000 0.000 0.018 0.000
0.966 0.011 0.000 0.001 0.000 0.000 0.000 0.022 0.000
0.964 0.016 0.000 0.002 0.000 0.000 0.000 0.018 0.000
0.967 0.018 0.000 0.002 0.000 0.000 0.000 0.014 0.000
0.964 0.023 0.000 0.002 0.000 0.000 0.000 0.010 0.000
0.989 0.011 0.000 0.000 0.000 0.000 0.000 0.000 0.000
0.855 0.046 0.000 0.000 0.000 0.000 0.000 0.099 0.000
0.983 0.000 0.001 0.000 0.000 0.000 0.000 0.016 0.000
0.984 0.000 0.001 0.000 0.000 0.000 0.000 0.015 0.000
0.980 0.000 0.001 0.000 0.000 0.000 0.000 0.018 0.000
0.979 0.000 0.001 0.000 0.000 0.000 0.000 0.020 0.000
0.978 0.007 0.000 0.001 0.000 0.000 0.000 0.013 0.000
0.973 0.009 0.000 0.001 0.000 0.000 0.000 0.016 0.000
0.968 0.014 0.000 0.002 0.000 0.000 0.000 0.017 0.000
0.969 0.017 0.000 0.002 0.000 0.000 0.000 0.012 0.000
0.996 0.004 0.000 0.000 0.000 0.000 0.000 0.000 0.000
0.995 0.005 0.000 0.000 0.000 0.000 0.000 0.000 0.000
0.986 0.014 0.000 0.000 0.000 0.000 0.000 0.000 0.000
0.842 0.045 0.000 0.000 0.000 0.000 0.000 0.113 0.000
0.848 0.046 0.000 0.000 0.000 0.000 0.000 0.105 0.000
0.811 0.044 0.000 0.000 0.000 0.000 0.000 0.144 0.000
0.977 0.000 0.001 0.000 0.000 0.000 0.000 0.021 0.000
0.979 0.000 0.001 0.000 0.000 0.000 0.000 0.020 0.000
0.983 0.000 0.001 0.000 0.000 0.000 0.000 0.016 0.000
0.984 0.000 0.001 0.000 0.000 0.000 0.000 0.015 0.000
0.982 0.000 0.001 0.000 0.000 0.000 0.000 0.017 0.000
0.982 0.006 0.000 0.002 0.000 0.000 0.000 0.009 0.000
0.979 0.007 0.000 0.002 0.000 0.000 0.000 0.012 0.000
0.963 0.015 0.000 0.002 0.000 0.000 0.000 0.020 0.000
0.965 0.018 0.000 0.002 0.000 0.000 0.000 0.015 0.000
0.998 0.002 0.000 0.000 0.000 0.000 0.000 0.000 0.000
0.989 0.010 0.000 0.000 0.000 0.000 0.000 0.000 0.000
0.957 0.042 0.000 0.001 0.000 0.000 0.000 0.000 0.000
0.836 0.056 0.000 0.000 0.000 0.000 0.000 0.108 0.000
0.836 0.052 0.000 0.000 0.000 0.000 0.000 0.112 0.000
0.808 0.047 0.000 0.000 0.000 0.000 0.000 0.144 0.000
0.757 0.049 0.000 0.000 0.000 0.000 0.000 0.194 0.000
0.974 0.000 0.001 0.000 0.000 0.000 0.000 0.025 0.000
0.981 0.000 0.001 0.000 0.000 0.000 0.000 0.018 0.000
0.978 0.000 0.001 0.000 0.000 0.000 0.000 0.021 0.000
0.977 0.000 0.001 0.000 0.000 0.000 0.000 0.022 0.000
0.982 0.007 0.000 0.002 0.000 0.000 0.000 0.009 0.000
0.972 0.009 0.000 0.002 0.000 0.000 0.000 0.017 0.000
0.963 0.013 0.000 0.002 0.000 0.000 0.000 0.022 0.000
0.959 0.018 0.000 0.002 0.000 0.000 0.000 0.020 0.000
0.967 0.017 0.000 0.002 0.000 0.000 0.000 0.013 0.000
0.966 0.020 0.000 0.002 0.000 0.000 0.000 0.012 0.000
0.992 0.007 0.000 0.000 0.000 0.000 0.000 0.000 0.000
0.985 0.015 0.000 0.000 0.000 0.000 0.000 0.000 0.000
0.842 0.058 0.000 0.000 0.000 0.000 0.000 0.100 0.000
0.759 0.046 0.000 0.000 0.000 0.000 0.000 0.195 0.000
0.714 0.044 0.000 0.000 0.000 0.000 0.000 0.242 0.000
0.969 0.000 0.001 0.000 0.000 0.000 0.000 0.029 0.000
0.979 0.000 0.001 0.000 0.000 0.000 0.000 0.020 0.000
0.981 0.000 0.001 0.000 0.000 0.000 0.000 0.018 0.000
0.973 0.000 0.001 0.000 0.000 0.000 0.000 0.026 0.000
0.968 0.000 0.002 0.000 0.000 0.000 0.000 0.030 0.000
0.981 0.008 0.000 0.003 0.000 0.000 0.000 0.008 0.000
0.973 0.010 0.000 0.002 0.000 0.000 0.000 0.015 0.000
0.968 0.010 0.000 0.002 0.000 0.000 0.000 0.020 0.000
0.962 0.017 0.000 0.002 0.000 0.000 0.000 0.018 0.000
0.967 0.017 0.000 0.002 0.000 0.000 0.000 0.013 0.000
0.967 0.020 0.000 0.002 0.000 0.000 0.000 0.011 0.000
0.997 0.003 0.000 0.000 0.000 0.000 0.000 0.000 0.000
