0.985 0.015 0.000 0.000 0.000 0.000 0.000 0.000 0.000
0.993 0.007 0.000 0.000 0.000 0.000 0.000 0.000 0.000
0.987 0.013 0.000 0.000 0.000 0.000 0.000 0.000 0.000
0.971 0.007 0.000 0.000 0.000 0.000 0.000 0.022 0.000
0.984 0.004 0.000 0.000 0.000 0.000 0.000 0.012 0.000
0.987 0.003 0.000 0.000 0.000 0.000 0.000 0.010 0.000
0.991 0.002 0.000 0.000 0.000 0.000 0.000 0.006 0.000
0.991 0.002 0.000 0.000 0.000 0.000 0.000 0.007 0.000
0.988 0.002 0.000 0.000 0.000 0.000 0.000 0.009 0.000
0.989 0.002 0.000 0.000 0.000 0.000 0.000 0.009 0.000
0.991 0.001 0.000 0.000 0.000 0.000 0.000 0.008 0.000
0.993 0.001 0.000 0.000 0.000 0.000 0.000 0.006 0.000
0.991 0.001 0.000 0.000 0.000 0.000 0.000 0.008 0.000
0.990 0.001 0.000 0.000 0.000 0.000 0.000 0.009 0.000
0.996 0.000 0.000 0.000 0.000 0.000 0.000 0.003 0.000
0.902 0.050 0.042 0.001 0.000 0.000 0.000 0.005 0.001
0.882 0.065 0.045 0.001 0.000 0.000 0.000 0.007 0.001
0.883 0.064 0.044 0.001 0.000 0.000 0.000 0.008 0.000
0.885 0.074 0.034 0.001 0.000 0.000 0.000 0.006 0.000
0.918 0.051 0.025 0.001 0.000 0.000 0.000 0.005 0.000
0.956 0.026 0.014 0.000 0.000 0.000 0.000 0.002 0.001
0.974 0.020 0.003 0.001 0.000 0.000 0.000 0.000 0.002
0.905 0.086 0.003 0.001 0.000 0.000 0.000 0.000 0.003
0.994 0.006 0.000 0.000 0.000 0.000 0.000 0.000 0.000
0.986 0.014 0.000 0.000 0.000 0.000 0.000 0.000 0.000
0.962 0.038 0.000 0.000 0.000 0.000 0.000 0.000 0.000
0.970 0.005 0.000 0.000 0.000 0.000 0.000 0.025 0.000
0.980 0.004 0.000 0.000 0.000 0.000 0.000 0.016 0.000
0.986 0.003 0.000 0.000 0.000 0.000 0.000 0.011 0.000
0.988 0.003 0.000 0.000 0.000 0.000 0.000 0.009 0.000
0.985 0.003 0.000 0.000 0.000 0.000 0.000 0.012 0.000
0.980 0.003 0.000 0.000 0.000 0.000 0.000 0.017 0.000
0.986 0.002 0.000 0.000 0.000 0.000 0.000 0.013 0.000
0.990 0.001 0.000 0.000 0.000 0.000 0.000 0.009 0.000
0.991 0.001 0.000 0.000 0.000 0.000 0.000 0.008 0.000
0.989 0.001 0.000 0.000 0.000 0.000 0.000 0.010 0.000
0.986 0.001 0.000 0.000 0.000 0.000 0.000 0.013 0.000
0.992 0.001 0.000 0.000 0.000 0.000 0.000 0.007 0.000
0.897 0.053 0.042 0.001 0.000 0.000 0.000 0.008 0.001
0.890 0.054 0.044 0.001 0.000 0.000 0.000 0.010 0.000
0.920 0.041 0.031 0.001 0.000 0.000 0.000 0.007 0.000
0.953 0.028 0.015 0.001 0.000 0.000 0.000 0.003 0.001
0.978 0.014 0.005 0.001 0.000 0.000 0.000 0.001 0.001
0.969 0.024 0.004 0.001 0.000 0.000 0.000 0.000 0.002
0.940 0.051 0.003 0.002 0.000 0.000 0.000 0.000 0.004
0.954 0.039 0.003 0.001 0.000 0.000 0.000 0.000 0.003
0.902 0.090 0.003 0.002 0.000 0.000 0.000 0.000 0.004
0.990 0.010 0.000 0.000 0.000 0.000 0.000 0.000 0.000
0.992 0.008 0.000 0.000 0.000 0.000 0.000 0.000 0.000
0.986 0.014 0.000 0.000 0.000 0.000 0.000 0.000 0.000
0.980 0.003 0.000 0.000 0.000 0.000 0.000 0.017 0.000
0.986 0.003 0.000 0.000 0.000 0.000 0.000 0.012 0.000
0.986 0.002 0.000 0.000 0.000 0.000 0.000 0.012 0.000
0.979 0.002 0.000 0.000 0.000 0.000 0.000 0.019 0.000
0.974 0.002 0.000 0.000 0.000 0.000 0.000 0.024 0.000
0.983 0.001 0.000 0.000 0.000 0.000 0.000 0.016 0.000
0.988 0.001 0.000 0.000 0.000 0.000 0.000 0.011 0.000
0.991 0.001 0.000 0.000 0.000 0.000 0.000 0.008 0.000
0.991 0.001 0.000 0.000 0.000 0.000 0.000 0.008 0.000
0.989 0.001 0.000 0.000 0.000 0.000 0.000 0.010 0.000
0.984 0.001 0.000 0.000 0.000 0.000 0.000 0.016 0.000
0.980 0.001 0.000 0.000 0.000 0.000 0.000 0.019 0.000
0.984 0.001 0.000 0.000 0.000 0.000 0.000 0.015 0.000
0.993 0.000 0.000 0.000 0.000 0.000 0.000 0.007 0.000
0.994 0.000 0.000 0.000 0.000 0.000 0.000 0.006 0.000
0.993 0.000 0.000 0.000 0.000 0.000 0.000 0.007 0.000
0.931 0.031 0.030 0.001 0.000 0.000 0.000 0.007 0.001
0.961 0.020 0.014 0.001 0.000 0.000 0.000 0.003 0.001
0.978 0.014 0.006 0.001 0.000 0.000 0.000 0.001 0.002
0.962 0.029 0.004 0.001 0.000 0.000 0.000 0.000 0.003
0.948 0.043 0.004 0.001 0.000 0.000 0.000 0.001 0.004
0.949 0.043 0.003 0.001 0.000 0.000 0.000 0.000 0.004
0.964 0.029 0.003 0.001 0.000 0.000 0.000 0.000 0.003
0.957 0.037 0.002 0.001 0.000 0.000 0.000 0.000 0.003
0.976 0.024 0.000 0.000 0.000 0.000 0.000 0.000 0.000
0.996 0.004 0.000 0.000 0.000 0.000 0.000 0.000 0.000
0.988 0.012 0.000 0.000 0.000 0.000 0.000 0.000 0.000
0.945 0.055 0.000 0.000 0.000 0.000 0.000 0.000 0.000
0.965 0.004 0.000 0.000 0.000 0.000 0.000 0.030 0.000
0.972 0.004 0.000 0.000 0.000 0.000 0.000 0.024 0.000
0.980 0.003 0.000 0.000 0.000 0.000 0.000 0.017 0.000
0.984 0.003 0.000 0.000 0.000 0.000 0.000 0.013 0.000
0.977 0.003 0.000 0.000 0.000 0.000 0.000 0.020 0.000
0.968 0.003 0.000 0.000 0.000 0.000 0.000 0.029 0.000
0.979 0.002 0.000 0.000 0.000 0.000 0.000 0.020 0.000
0.984 0.001 0.000 0.000 0.000 0.000 0.000 0.015 0.000
0.990 0.001 0.000 0.000 0.000 0.000 0.000 0.009 0.000
0.987 0.001 0.000 0.000 0.000 0.000 0.000 0.012 0.000
0.984 0.001 0.000 0.000 0.000 0.000 0.000 0.015 0.000
0.975 0.001 0.000 0.000 0.000 0.000 0.000 0.024 0.000
0.972 0.001 0.000 0.000 0.000 0.000 0.000 0.027 0.000
0.991 0.000 0.000 0.000 0.000 0.000 0.000 0.008 0.000
0.992 0.000 0.000 0.000 0.000 0.000 0.000 0.008 0.000
0.992 0.000 0.000 0.000 0.000 0.000 0.000 0.008 0.000
0.992 0.002 0.000 0.000 0.000 0.000 0.000 0.006 0.000
0.996 0.002 0.000 0.000 0.000 0.000 0.000 0.002 0.000
0.939 0.049 0.005 0.002 0.000 0.000 0.000 0.001 0.005
0.959 0.031 0.004 0.001 0.000 0.000 0.000 0.001 0.004
0.952 0.039 0.004 0.001 0.000 0.000 0.000 0.001 0.003
0.950 0.042 0.004 0.001 0.000 0.000 0.000 0.001 0.003
0.946 0.046 0.003 0.002 0.000 0.000 0.000 0.001 0.003
0.965 0.028 0.002 0.001 0.000 0.000 0.000 0.000 0.003
0.972 0.023 0.002 0.001 0.000 0.000 0.000 0.000 0.002
0.995 0.005 0.000 0.000 0.000 0.000 0.000 0.000 0.000
0.989 0.011 0.000 0.000 0.000 0.000 0.000 0.000 0.000
0.976 0.024 0.000 0.000 0.000 0.000 0.000 0.000 0.000
0.957 0.006 0.000 0.000 0.000 0.000 0.000 0.037 0.000
0.967 0.004 0.000 0.000 0.000 0.000 0.000 0.030 0.000
0.949 0.002 0.000 0.000 0.000 0.000 0.000 0.049 0.000
0.956 0.002 0.000 0.000 0.000 0.000 0.000 0.042 0.000
0.956 0.002 0.000 0.000 0.000 0.000 0.000 0.042 0.000
0.966 0.002 0.000 0.000 0.000 0.000 0.000 0.032 0.000
0.970 0.001 0.000 0.000 0.000 0.000 0.000 0.029 0.000
0.979 0.001 0.000 0.000 0.000 0.000 0.000 0.020 0.000
0.978 0.001 0.000 0.000 0.000 0.000 0.000 0.021 0.000
0.973 0.001 0.000 0.000 0.000 0.000 0.000 0.026 0.000
0.989 0.000 0.000 0.000 0.000 0.000 0.000 0.011 0.000
0.991 0.003 0.000 0.000 0.000 0.000 0.000 0.006 0.000
0.983 0.006 0.000 0.000 0.000 0.000 0.000 0.011 0.000
0.916 0.071 0.006 0.002 0.000 0.000 0.000 0.002 0.003
0.958 0.033 0.004 0.001 0.000 0.000 0.000 0.001 0.003
0.971 0.022 0.003 0.001 0.000 0.000 0.000 0.001 0.002
0.956 0.036 0.003 0.001 0.000 0.000 0.000 0.001 0.002
0.930 0.062 0.003 0.002 0.000 0.000 0.000 0.001 0.003
0.949 0.044 0.002 0.002 0.000 0.000 0.000 0.001 0.003
0.962 0.032 0.001 0.002 0.000 0.000 0.000 0.000 0.003
0.981 0.015 0.001 0.001 0.000 0.000 0.000 0.001 0.001
0.993 0.007 0.000 0.000 0.000 0.000 0.000 0.000 0.000
0.983 0.017 0.000 0.000 0.000 0.000 0.000 0.000 0.000
0.918 0.006 0.000 0.000 0.000 0.000 0.000 0.077 0.000
0.941 0.005 0.000 0.000 0.000 0.000 0.000 0.053 0.000
0.963 0.004 0.000 0.000 0.000 0.000 0.000 0.033 0.000
0.938 0.002 0.000 0.000 0.000 0.000 0.000 0.060 0.000
0.942 0.001 0.000 0.000 0.000 0.000 0.000 0.056 0.000
0.963 0.001 0.000 0.000 0.000 0.000 0.000 0.036 0.000
0.967 0.001 0.000 0.000 0.000 0.000 0.000 0.032 0.000
0.967 0.001 0.000 0.000 0.000 0.000 0.000 0.033 0.000
0.986 0.000 0.000 0.000 0.000 0.000 0.000 0.014 0.000
0.982 0.000 0.000 0.000 0.000 0.000 0.000 0.018 0.000
0.980 0.000 0.000 0.000 0.000 0.000 0.000 0.020 0.000
0.977 0.000 0.000 0.000 0.000 0.000 0.000 0.022 0.000
0.907 0.079 0.006 0.002 0.000 0.000 0.000 0.003 0.003
0.921 0.068 0.004 0.002 0.000 0.000 0.000 0.002 0.003
0.970 0.023 0.003 0.001 0.000 0.000 0.000 0.001 0.002
0.964 0.029 0.003 0.001 0.000 0.000 0.000 0.002 0.002
0.950 0.043 0.002 0.002 0.000 0.000 0.000 0.001 0.002
0.952 0.041 0.001 0.002 0.000 0.000 0.000 0.001 0.003
0.965 0.028 0.001 0.002 0.000 0.000 0.000 0.001 0.003
0.977 0.019 0.001 0.001 0.000 0.000 0.000 0.001 0.002
0.982 0.014 0.001 0.001 0.000 0.000 0.000 0.001 0.001
0.994 0.006 0.000 0.000 0.000 0.000 0.000 0.000 0.000
0.987 0.013 0.000 0.000 0.000 0.000 0.000 0.000 0.000
0.970 0.030 0.000 0.000 0.000 0.000 0.000 0.000 0.000
0.871 0.006 0.000 0.000 0.000 0.000 0.000 0.124 0.000
0.904 0.005 0.000 0.000 0.000 0.000 0.000 0.091 0.000
0.918 0.005 0.000 0.000 0.000 0.000 0.000 0.077 0.000
0.909 0.001 0.000 0.000 0.000 0.000 0.000 0.090 0.000
0.934 0.001 0.000 0.000 0.000 0.000 0.000 0.065 0.000
0.954 0.001 0.000 0.000 0.000 0.000 0.000 0.045 0.000
0.955 0.001 0.000 0.000 0.000 0.000 0.000 0.044 0.000
0.950 0.000 0.000 0.000 0.000 0.000 0.000 0.049 0.000
0.985 0.000 0.000 0.000 0.000 0.000 0.000 0.015 0.000
0.986 0.000 0.000 0.000 0.000 0.000 0.000 0.014 0.000
0.979 0.000 0.000 0.000 0.000 0.000 0.000 0.021 0.000
0.987 0.001 0.000 0.000 0.000 0.000 0.000 0.012 0.000
0.986 0.005 0.000 0.000 0.000 0.000 0.000 0.009 0.000
0.972 0.021 0.002 0.001 0.000 0.000 0.000 0.001 0.002
0.980 0.014 0.002 0.001 0.000 0.000 0.000 0.001 0.002
0.981 0.014 0.002 0.001 0.000 0.000 0.000 0.001 0.001
0.950 0.042 0.002 0.002 0.000 0.000 0.000 0.002 0.002
0.957 0.036 0.001 0.002 0.000 0.000 0.000 0.001 0.002
0.956 0.037 0.001 0.002 0.000 0.000 0.000 0.001 0.003
0.975 0.020 0.001 0.002 0.000 0.000 0.000 0.001 0.002
0.982 0.014 0.001 0.001 0.000 0.000 0.000 0.001 0.001
0.984 0.016 0.000 0.000 0.000 0.000 0.000 0.000 0.000
0.984 0.016 0.000 0.000 0.000 0.000 0.000 0.000 0.000
0.858 0.006 0.000 0.000 0.000 0.000 0.000 0.136 0.000
0.877 0.006 0.000 0.000 0.000 0.000 0.000 0.117 0.000
0.906 0.001 0.000 0.000 0.000 0.000 0.000 0.093 0.000
0.924 0.001 0.000 0.000 0.000 0.000 0.000 0.075 0.000
0.936 0.001 0.000 0.000 0.000 0.000 0.000 0.064 0.000
0.941 0.000 0.000 0.000 0.000 0.000 0.000 0.058 0.000
0.926 0.000 0.000 0.000 0.000 0.000 0.000 0.073 0.000
0.928 0.000 0.000 0.000 0.000 0.000 0.000 0.072 0.000
0.900 0.000 0.000 0.000 0.000 0.000 0.000 0.100 0.000
0.989 0.000 0.000 0.000 0.000 0.000 0.000 0.011 0.000
0.987 0.000 0.000 0.000 0.000 0.000 0.000 0.013 0.000
0.987 0.000 0.000 0.000 0.000 0.000 0.000 0.013 0.000
0.987 0.000 0.000 0.000 0.000 0.000 0.000 0.012 0.000
0.988 0.002 0.000 0.000 0.000 0.000 0.000 0.010 0.000
0.990 0.003 0.000 0.000 0.000 0.000 0.000 0.007 0.000
0.971 0.021 0.001 0.001 0.000 0.000 0.000 0.001 0.004
0.979 0.015 0.001 0.001 0.000 0.000 0.000 0.001 0.003
0.982 0.013 0.002 0.001 0.000 0.000 0.000 0.002 0.001
0.970 0.024 0.001 0.001 0.000 0.000 0.000 0.002 0.002
0.963 0.030 0.001 0.002 0.000 0.000 0.000 0.001 0.002
0.959 0.035 0.001 0.002 0.000 0.000 0.000 0.001 0.003
0.968 0.025 0.001 0.002 0.000 0.000 0.000 0.001 0.003
0.988 0.009 0.001 0.001 0.000 0.000 0.000 0.001 0.001
0.922 0.078 0.000 0.000 0.000 0.000 0.000 0.000 0.000
0.985 0.015 0.000 0.000 0.000 0.000 0.000 0.000 0.000
0.806 0.006 0.000 0.000 0.000 0.000 0.000 0.188 0.000
0.833 0.005 0.000 0.000 0.000 0.000 0.000 0.162 0.000
0.856 0.004 0.000 0.000 0.000 0.000 0.000 0.140 0.000
0.920 0.000 0.000 0.000 0.000 0.000 0.000 0.079 0.000
0.919 0.000 0.000 0.000 0.000 0.000 0.000 0.081 0.000
0.913 0.000 0.000 0.000 0.000 0.000 0.000 0.086 0.000
0.864 0.000 0.000 0.000 0.000 0.000 0.000 0.136 0.000
0.982 0.000 0.000 0.000 0.000 0.000 0.000 0.018 0.000
0.998 0.000 0.000 0.000 0.000 0.000 0.000 0.002 0.000
0.988 0.000 0.000 0.000 0.000 0.000 0.000 0.011 0.000
0.988 0.000 0.000 0.000 0.000 0.000 0.000 0.012 0.000
0.988 0.000 0.000 0.000 0.000 0.000 0.000 0.012 0.000
0.988 0.000 0.000 0.000 0.000 0.000 0.000 0.012 0.000
0.988 0.001 0.000 0.000 0.000 0.000 0.000 0.011 0.000
0.989 0.001 0.000 0.000 0.000 0.000 0.000 0.010 0.000
0.969 0.022 0.001 0.002 0.000 0.000 0.000 0.001 0.004
0.982 0.012 0.001 0.001 0.000 0.000 0.000 0.001 0.002
0.979 0.015 0.001 0.001 0.000 0.000 0.000 0.001 0.002
0.971 0.023 0.001 0.001 0.000 0.000 0.000 0.002 0.002
0.967 0.026 0.001 0.002 0.000 0.000 0.000 0.002 0.002
0.964 0.029 0.001 0.002 0.000 0.000 0.000 0.001 0.002
0.970 0.023 0.000 0.003 0.000 0.000 0.000 0.001 0.003
0.977 0.017 0.000 0.002 0.000 0.000 0.000 0.001 0.002
0.988 0.012 0.000 0.000 0.000 0.000 0.000 0.000 0.000
0.980 0.020 0.000 0.000 0.000 0.000 0.000 0.000 0.000
0.770 0.009 0.000 0.000 0.000 0.000 0.000 0.220 0.000
0.797 0.006 0.000 0.000 0.000 0.000 0.000 0.197 0.000
0.804 0.005 0.000 0.000 0.000 0.000 0.000 0.191 0.000
0.892 0.000 0.000 0.000 0.000 0.000 0.000 0.107 0.000
0.875 0.000 0.000 0.000 0.000 0.000 0.000 0.124 0.000
0.942 0.000 0.000 0.000 0.000 0.000 0.000 0.057 0.000
0.958 0.001 0.000 0.000 0.000 0.000 0.000 0.041 0.000
0.963 0.001 0.000 0.000 0.000 0.000 0.000 0.036 0.000
0.876 0.000 0.000 0.000 0.000 0.000 0.000 0.124 0.000
0.990 0.000 0.000 0.000 0.000 0.000 0.000 0.010 0.000
0.988 0.000 0.000 0.000 0.000 0.000 0.000 0.012 0.000
0.989 0.000 0.000 0.000 0.000 0.000 0.000 0.011 0.000
0.988 0.000 0.000 0.000 0.000 0.000 0.000 0.012 0.000
0.988 0.001 0.000 0.000 0.000 0.000 0.000 0.011 0.000
0.973 0.020 0.001 0.002 0.000 0.000 0.000 0.001 0.004
0.983 0.012 0.001 0.001 0.000 0.000 0.000 0.002 0.002
0.970 0.023 0.001 0.001 0.000 0.000 0.000 0.002 0.001
0.974 0.020 0.001 0.002 0.000 0.000 0.000 0.002 0.001
0.970 0.024 0.001 0.002 0.000 0.000 0.000 0.001 0.002
0.970 0.024 0.000 0.002 0.000 0.000 0.000 0.001 0.002
0.975 0.019 0.000 0.003 0.000 0.000 0.000 0.001 0.002
0.951 0.049 0.000 0.000 0.000 0.000 0.000 0.000 0.000
0.994 0.006 0.000 0.000 0.000 0.000 0.000 0.000 0.000
0.987 0.013 0.000 0.000 0.000 0.000 0.000 0.000 0.000
0.808 0.006 0.000 0.000 0.000 0.000 0.000 0.186 0.000
0.787 0.004 0.000 0.000 0.000 0.000 0.000 0.209 0.000
0.766 0.005 0.000 0.000 0.000 0.000 0.000 0.229 0.000
0.912 0.000 0.000 0.000 0.000 0.000 0.000 0.087 0.000
0.917 0.000 0.000 0.000 0.000 0.000 0.000 0.083 0.000
0.891 0.000 0.000 0.000 0.000 0.000 0.000 0.109 0.000
0.888 0.000 0.000 0.000 0.000 0.000 0.000 0.112 0.000
0.888 0.000 0.000 0.000 0.000 0.000 0.000 0.112 0.000
0.906 0.000 0.000 0.000 0.000 0.000 0.000 0.094 0.000
0.989 0.000 0.000 0.000 0.000 0.000 0.000 0.011 0.000
0.989 0.000 0.000 0.000 0.000 0.000 0.000 0.011 0.000
0.989 0.000 0.000 0.000 0.000 0.000 0.000 0.011 0.000
0.989 0.000 0.000 0.000 0.000 0.000 0.000 0.011 0.000
0.972 0.020 0.001 0.002 0.000 0.000 0.000 0.001 0.004
0.976 0.017 0.001 0.002 0.000 0.000 0.000 0.001 0.003
0.986 0.010 0.001 0.001 0.000 0.000 0.000 0.002 0.001
0.984 0.011 0.001 0.001 0.000 0.000 0.000 0.002 0.001
0.969 0.024 0.001 0.002 0.000 0.000 0.000 0.003 0.001
0.970 0.024 0.001 0.002 0.000 0.000 0.000 0.002 0.001
0.976 0.019 0.000 0.002 0.000 0.000 0.000 0.002 0.002
0.975 0.019 0.000 0.003 0.000 0.000 0.000 0.001 0.002
0.994 0.006 0.000 0.000 0.000 0.000 0.000 0.000 0.000
0.988 0.012 0.000 0.000 0.000 0.000 0.000 0.000 0.000
0.977 0.023 0.000 0.000 0.000 0.000 0.000 0.000 0.000
0.789 0.008 0.000 0.000 0.000 0.000 0.000 0.203 0.000
0.817 0.006 0.000 0.000 0.000 0.000 0.000 0.177 0.000
0.790 0.005 0.000 0.000 0.000 0.000 0.000 0.205 0.000
0.922 0.000 0.000 0.000 0.000 0.000 0.000 0.078 0.000
0.911 0.000 0.000 0.000 0.000 0.000 0.000 0.089 0.000
0.897 0.000 0.000 0.000 0.000 0.000 0.000 0.103 0.000
0.908 0.000 0.000 0.000 0.000 0.000 0.000 0.092 0.000
0.991 0.000 0.000 0.000 0.000 0.000 0.000 0.009 0.000
0.990 0.000 0.000 0.000 0.000 0.000 0.000 0.010 0.000
0.992 0.000 0.000 0.000 0.000 0.000 0.000 0.008 0.000
0.978 0.015 0.001 0.002 0.000 0.000 0.000 0.002 0.003
0.980 0.013 0.001 0.002 0.000 0.000 0.000 0.002 0.002
0.981 0.013 0.001 0.001 0.000 0.000 0.000 0.003 0.001
0.971 0.022 0.000 0.002 0.000 0.000 0.000 0.003 0.001
0.973 0.021 0.000 0.002 0.000 0.000 0.000 0.002 0.002
0.971 0.022 0.000 0.003 0.000 0.000 0.000 0.002 0.002
0.987 0.013 0.000 0.000 0.000 0.000 0.000 0.000 0.000
0.994 0.006 0.000 0.000 0.000 0.000 0.000 0.000 0.000
0.727 0.012 0.000 0.000 0.000 0.000 0.000 0.261 0.000
0.798 0.007 0.000 0.000 0.000 0.000 0.000 0.194 0.000
0.792 0.006 0.000 0.000 0.000 0.000 0.000 0.202 0.000
0.909 0.000 0.000 0.000 0.000 0.000 0.000 0.091 0.000
0.884 0.000 0.000 0.000 0.000 0.000 0.000 0.115 0.000
0.895 0.000 0.000 0.000 0.000 0.000 0.000 0.105 0.000
0.923 0.000 0.000 0.000 0.000 0.000 0.000 0.077 0.000
0.992 0.000 0.000 0.000 0.000 0.000 0.000 0.008 0.000
0.993 0.000 0.000 0.000 0.000 0.000 0.000 0.007 0.000
0.989 0.000 0.000 0.000 0.000 0.000 0.000 0.011 0.000
0.978 0.015 0.001 0.002 0.000 0.000 0.000 0.002 0.003
0.985 0.010 0.000 0.001 0.000 0.000 0.000 0.003 0.001
0.978 0.015 0.000 0.002 0.000 0.000 0.000 0.004 0.001
0.972 0.021 0.000 0.002 0.000 0.000 0.000 0.003 0.001
0.977 0.017 0.000 0.002 0.000 0.000 0.000 0.003 0.001
0.988 0.012 0.000 0.000 0.000 0.000 0.000 0.000 0.000
0.959 0.041 0.000 0.000 0.000 0.000 0.000 0.000 0.000
0.772 0.007 0.000 0.000 0.000 0.000 0.000 0.221 0.000
0.790 0.006 0.000 0.000 0.000 0.000 0.000 0.204 0.000
0.897 0.000 0.000 0.000 0.000 0.000 0.000 0.103 0.000
0.904 0.000 0.000 0.000 0.000 0.000 0.000 0.096 0.000
0.931 0.000 0.000 0.000 0.000 0.000 0.000 0.069 0.000
0.952 0.000 0.000 0.000 0.000 0.000 0.000 0.048 0.000
0.988 0.000 0.000 0.000 0.000 0.000 0.000 0.012 0.000
0.992 0.000 0.000 0.000 0.000 0.000 0.000 0.008 0.000
0.980 0.013 0.000 0.002 0.000 0.000 0.000 0.002 0.002
0.979 0.014 0.000 0.002 0.000 0.000 0.000 0.002 0.002
0.983 0.010 0.000 0.002 0.000 0.000 0.000 0.003 0.001
0.979 0.013 0.000 0.002 0.000 0.000 0.000 0.004 0.001
0.973 0.019 0.000 0.002 0.000 0.000 0.000 0.005 0.001
0.966 0.025 0.000 0.003 0.000 0.000 0.000 0.004 0.001
0.966 0.025 0.000 0.003 0.000 0.000 0.000 0.004 0.001
0.980 0.013 0.000 0.003 0.000 0.000 0.000 0.002 0.001
0.990 0.010 0.000 0.000 0.000 0.000 0.000 0.000 0.000
0.793 0.007 0.000 0.000 0.000 0.000 0.000 0.199 0.000
0.785 0.006 0.000 0.000 0.000 0.000 0.000 0.209 0.000
0.926 0.000 0.000 0.000 0.000 0.000 0.000 0.074 0.000
0.920 0.000 0.000 0.000 0.000 0.000 0.000 0.080 0.000
0.931 0.000 0.000 0.000 0.000 0.000 0.000 0.069 0.000
0.942 0.000 0.000 0.000 0.000 0.000 0.000 0.058 0.000
0.991 0.000 0.000 0.000 0.000 0.000 0.000 0.009 0.000
0.990 0.000 0.000 0.000 0.000 0.000 0.000 0.010 0.000
0.990 0.000 0.000 0.000 0.000 0.000 0.000 0.010 0.000
0.983 0.010 0.000 0.002 0.000 0.000 0.000 0.002 0.002
0.984 0.009 0.000 0.002 0.000 0.000 0.000 0.003 0.002
0.983 0.010 0.000 0.002 0.000 0.000 0.000 0.003 0.001
0.981 0.011 0.000 0.002 0.000 0.000 0.000 0.005 0.001
0.977 0.013 0.000 0.002 0.000 0.000 0.000 0.007 0.000
0.982 0.012 0.000 0.002 0.000 0.000 0.000 0.003 0.001
0.982 0.012 0.000 0.003 0.000 0.000 0.000 0.003 0.001
0.987 0.013 0.000 0.000 0.000 0.000 0.000 0.000 0.000
0.953 0.047 0.000 0.000 0.000 0.000 0.000 0.000 0.000
0.799 0.006 0.000 0.000 0.000 0.000 0.000 0.194 0.000
0.932 0.000 0.000 0.000 0.000 0.000 0.000 0.068 0.000
0.944 0.000 0.000 0.000 0.000 0.000 0.000 0.056 0.000
0.936 0.000 0.000 0.000 0.000 0.000 0.000 0.063 0.000
0.940 0.000 0.000 0.000 0.000 0.000 0.000 0.060 0.000
0.866 0.000 0.000 0.000 0.000 0.000 0.000 0.134 0.000
0.988 0.000 0.000 0.000 0.000 0.000 0.000 0.012 0.000
0.990 0.000 0.000 0.000 0.000 0.000 0.000 0.010 0.000
0.989 0.000 0.000 0.000 0.000 0.000 0.000 0.011 0.000
0.984 0.000 0.000 0.000 0.000 0.000 0.000 0.016 0.000
0.982 0.011 0.000 0.002 0.000 0.000 0.000 0.003 0.002
0.986 0.007 0.000 0.002 0.000 0.000 0.000 0.004 0.001
0.978 0.006 0.000 0.001 0.000 0.000 0.000 0.015 0.000
0.981 0.009 0.000 0.001 0.000 0.000 0.000 0.008 0.000
0.980 0.012 0.000 0.003 0.000 0.000 0.000 0.004 0.001
0.986 0.014 0.000 0.000 0.000 0.000 0.000 0.000 0.000
0.978 0.022 0.000 0.000 0.000 0.000 0.000 0.000 0.000
0.785 0.010 0.000 0.000 0.000 0.000 0.000 0.206 0.000
0.799 0.008 0.000 0.000 0.000 0.000 0.000 0.193 0.000
0.793 0.006 0.000 0.000 0.000 0.000 0.000 0.201 0.000
0.880 0.000 0.000 0.000 0.000 0.000 0.000 0.120 0.000
0.887 0.000 0.000 0.000 0.000 0.000 0.000 0.113 0.000
0.973 0.000 0.000 0.000 0.000 0.000 0.000 0.027 0.000
0.791 0.000 0.000 0.000 0.000 0.000 0.000 0.209 0.000
0.948 0.000 0.000 0.000 0.000 0.000 0.000 0.052 0.000
0.976 0.000 0.000 0.000 0.000 0.000 0.000 0.024 0.000
0.981 0.000 0.000 0.000 0.000 0.000 0.000 0.019 0.000
0.986 0.000 0.000 0.000 0.000 0.000 0.000 0.014 0.000
0.989 0.000 0.000 0.000 0.000 0.000 0.000 0.011 0.000
0.980 0.000 0.000 0.000 0.000 0.000 0.000 0.020 0.000
0.989 0.004 0.000 0.001 0.000 0.000 0.000 0.005 0.001
0.976 0.014 0.000 0.003 0.000 0.000 0.000 0.006 0.001
0.982 0.010 0.000 0.003 0.000 0.000 0.000 0.004 0.001
0.982 0.010 0.000 0.003 0.000 0.000 0.000 0.004 0.001
0.979 0.021 0.000 0.000 0.000 0.000 0.000 0.000 0.000
0.995 0.005 0.000 0.000 0.000 0.000 0.000 0.000 0.000
0.984 0.016 0.000 0.000 0.000 0.000 0.000 0.000 0.000
0.866 0.134 0.000 0.000 0.000 0.000 0.000 0.000 0.000
0.753 0.026 0.000 0.000 0.000 0.000 0.000 0.221 0.000
0.786 0.010 0.000 0.000 0.000 0.000 0.000 0.204 0.000
0.776 0.007 0.000 0.000 0.000 0.000 0.000 0.216 0.000
0.967 0.000 0.000 0.000 0.000 0.000 0.000 0.033 0.000
0.971 0.000 0.000 0.000 0.000 0.000 0.000 0.028 0.000
0.963 0.000 0.000 0.000 0.000 0.000 0.000 0.037 0.000
0.964 0.000 0.000 0.000 0.000 0.000 0.000 0.036 0.000
0.854 0.000 0.000 0.000 0.000 0.000 0.000 0.145 0.000
0.926 0.000 0.000 0.000 0.000 0.000 0.000 0.074 0.000
0.928 0.000 0.000 0.000 0.000 0.000 0.000 0.072 0.000
0.947 0.000 0.000 0.000 0.000 0.000 0.000 0.053 0.000
0.943 0.000 0.000 0.000 0.000 0.000 0.000 0.056 0.000
0.952 0.000 0.000 0.000 0.000 0.000 0.000 0.047 0.000
0.969 0.000 0.000 0.000 0.000 0.000 0.000 0.031 0.000
0.982 0.000 0.000 0.000 0.000 0.000 0.000 0.018 0.000
0.986 0.000 0.000 0.000 0.000 0.000 0.000 0.014 0.000
0.987 0.000 0.000 0.000 0.000 0.000 0.000 0.012 0.000
0.986 0.000 0.000 0.000 0.000 0.000 0.000 0.014 0.000
0.984 0.008 0.000 0.002 0.000 0.000 0.000 0.004 0.001
0.981 0.009 0.000 0.002 0.000 0.000 0.000 0.008 0.001
0.975 0.012 0.000 0.002 0.000 0.000 0.000 0.009 0.001
0.977 0.012 0.000 0.003 0.000 0.000 0.000 0.007 0.001
0.983 0.009 0.000 0.003 0.000 0.000 0.000 0.005 0.001
0.980 0.011 0.000 0.004 0.000 0.000 0.000 0.004 0.001
0.997 0.003 0.000 0.000 0.000 0.000 0.000 0.000 0.000
0.988 0.012 0.000 0.000 0.000 0.000 0.000 0.000 0.000
0.969 0.031 0.000 0.000 0.000 0.000 0.000 0.000 0.000
0.763 0.009 0.000 0.000 0.000 0.000 0.000 0.228 0.000
0.797 0.008 0.000 0.000 0.000 0.000 0.000 0.195 0.000
0.762 0.007 0.000 0.000 0.000 0.000 0.000 0.231 0.000
0.956 0.000 0.000 0.000 0.000 0.000 0.000 0.044 0.000
0.962 0.000 0.000 0.000 0.000 0.000 0.000 0.038 0.000
0.960 0.000 0.000 0.000 0.000 0.000 0.000 0.040 0.000
0.954 0.000 0.000 0.000 0.000 0.000 0.000 0.046 0.000
0.956 0.000 0.000 0.000 0.000 0.000 0.000 0.044 0.000
0.951 0.000 0.000 0.000 0.000 0.000 0.000 0.049 0.000
0.953 0.000 0.000 0.000 0.000 0.000 0.000 0.047 0.000
0.946 0.000 0.000 0.000 0.000 0.000 0.000 0.054 0.000
0.959 0.000 0.000 0.000 0.000 0.000 0.000 0.041 0.000
0.969 0.000 0.000 0.000 0.000 0.000 0.000 0.031 0.000
0.981 0.000 0.000 0.000 0.000 0.000 0.000 0.019 0.000
0.984 0.000 0.000 0.000 0.000 0.000 0.000 0.016 0.000
0.983 0.000 0.000 0.000 0.000 0.000 0.000 0.017 0.000
0.981 0.000 0.000 0.000 0.000 0.000 0.000 0.019 0.000
0.982 0.008 0.000 0.002 0.000 0.000 0.000 0.006 0.001
0.983 0.006 0.000 0.002 0.000 0.000 0.000 0.008 0.001
0.978 0.009 0.000 0.002 0.000 0.000 0.000 0.010 0.001
0.973 0.014 0.000 0.004 0.000 0.000 0.000 0.008 0.001
0.978 0.012 0.000 0.003 0.000 0.000 0.000 0.007 0.001
0.982 0.009 0.000 0.003 0.000 0.000 0.000 0.005 0.001
0.990 0.010 0.000 0.000 0.000 0.000 0.000 0.000 0.000
0.993 0.007 0.000 0.000 0.000 0.000 0.000 0.000 0.000
0.983 0.017 0.000 0.000 0.000 0.000 0.000 0.000 0.000
0.800 0.009 0.000 0.000 0.000 0.000 0.000 0.191 0.000
0.775 0.008 0.000 0.000 0.000 0.000 0.000 0.217 0.000
0.944 0.000 0.000 0.000 0.000 0.000 0.000 0.056 0.000
0.952 0.000 0.000 0.000 0.000 0.000 0.000 0.048 0.000
0.956 0.000 0.000 0.000 0.000 0.000 0.000 0.044 0.000
0.961 0.000 0.000 0.000 0.000 0.000 0.000 0.039 0.000
0.955 0.000 0.000 0.000 0.000 0.000 0.000 0.045 0.000
0.947 0.000 0.000 0.000 0.000 0.000 0.000 0.053 0.000
0.952 0.000 0.000 0.000 0.000 0.000 0.000 0.047 0.000
0.962 0.000 0.000 0.000 0.000 0.000 0.000 0.038 0.000
0.973 0.000 0.000 0.000 0.000 0.000 0.000 0.027 0.000
0.978 0.000 0.000 0.000 0.000 0.000 0.000 0.022 0.000
0.982 0.000 0.000 0.000 0.000 0.000 0.000 0.018 0.000
0.984 0.007 0.000 0.003 0.000 0.000 0.000 0.006 0.001
0.982 0.006 0.000 0.002 0.000 0.000 0.000 0.009 0.001
0.970 0.012 0.000 0.003 0.000 0.000 0.000 0.015 0.001
0.970 0.014 0.000 0.004 0.000 0.000 0.000 0.012 0.001
0.979 0.010 0.000 0.004 0.000 0.000 0.000 0.006 0.001
0.980 0.010 0.000 0.004 0.000 0.000 0.000 0.005 0.001
0.998 0.002 0.000 0.000 0.000 0.000 0.000 0.000 0.000
0.987 0.013 0.000 0.000 0.000 0.000 0.000 0.000 0.000
0.945 0.055 0.000 0.000 0.000 0.000 0.000 0.000 0.000
0.779 0.009 0.000 0.000 0.000 0.000 0.000 0.211 0.000
0.728 0.008 0.000 0.000 0.000 0.000 0.000 0.264 0.000
0.957 0.000 0.000 0.000 0.000 0.000 0.000 0.043 0.000
0.965 0.000 0.000 0.000 0.000 0.000 0.000 0.035 0.000
0.982 0.000 0.000 0.000 0.000 0.000 0.000 0.018 0.000
0.980 0.000 0.000 0.000 0.000 0.000 0.000 0.019 0.000
0.980 0.000 0.000 0.000 0.000 0.000 0.000 0.020 0.000
0.983 0.006 0.000 0.003 0.000 0.000 0.000 0.007 0.001
0.979 0.006 0.000 0.002 0.000 0.000 0.000 0.012 0.000
0.972 0.008 0.000 0.002 0.000 0.000 0.000 0.017 0.000
0.968 0.014 0.000 0.004 0.000 0.000 0.000 0.013 0.001
0.977 0.010 0.000 0.003 0.000 0.000 0.000 0.008 0.001
0.979 0.010 0.000 0.004 0.000 0.000 0.000 0.006 0.001
0.996 0.004 0.000 0.000 0.000 0.000 0.000 0.000 0.000
0.992 0.008 0.000 0.000 0.000 0.000 0.000 0.000 0.000
0.984 0.016 0.000 0.000 0.000 0.000 0.000 0.000 0.000
0.808 0.009 0.000 0.000 0.000 0.000 0.000 0.183 0.000
0.777 0.008 0.000 0.000 0.000 0.000 0.000 0.215 0.000
0.980 0.000 0.000 0.000 0.000 0.000 0.000 0.020 0.000
0.982 0.000 0.000 0.000 0.000 0.000 0.000 0.018 0.000
0.978 0.000 0.000 0.000 0.000 0.000 0.000 0.022 0.000
0.974 0.000 0.000 0.000 0.000 0.000 0.000 0.026 0.000
0.982 0.005 0.000 0.002 0.000 0.000 0.000 0.010 0.001
0.980 0.006 0.000 0.002 0.000 0.000 0.000 0.012 0.001
0.966 0.010 0.000 0.003 0.000 0.000 0.000 0.020 0.000
0.967 0.013 0.000 0.004 0.000 0.000 0.000 0.015 0.001
0.976 0.010 0.000 0.004 0.000 0.000 0.000 0.009 0.001
0.977 0.011 0.000 0.005 0.000 0.000 0.000 0.007 0.001
0.996 0.004 0.000 0.000 0.000 0.000 0.000 0.000 0.000
0.984 0.016 0.000 0.000 0.000 0.000 0.000 0.000 0.000
0.807 0.010 0.000 0.000 0.000 0.000 0.000 0.183 0.000
0.816 0.009 0.000 0.000 0.000 0.000 0.000 0.175 0.000
0.754 0.009 0.000 0.000 0.000 0.000 0.000 0.237 0.000
0.979 0.000 0.000 0.000 0.000 0.000 0.000 0.021 0.000
0.981 0.000 0.000 0.000 0.000 0.000 0.000 0.019 0.000
0.981 0.000 0.000 0.000 0.000 0.000 0.000 0.019 0.000
0.979 0.000 0.000 0.000 0.000 0.000 0.000 0.021 0.000
0.980 0.006 0.000 0.003 0.000 0.000 0.000 0.009 0.001
0.973 0.007 0.000 0.002 0.000 0.000 0.000 0.018 0.000
0.967 0.010 0.000 0.003 0.000 0.000 0.000 0.020 0.000
0.974 0.011 0.000 0.004 0.000 0.000 0.000 0.010 0.001
0.997 0.003 0.000 0.000 0.000 0.000 0.000 0.000 0.000
0.984 0.016 0.000 0.000 0.000 0.000 0.000 0.000 0.000
0.974 0.026 0.000 0.000 0.000 0.000 0.000 0.000 0.000
0.811 0.010 0.000 0.000 0.000 0.000 0.000 0.178 0.000
0.793 0.009 0.000 0.000 0.000 0.000 0.000 0.198 0.000
0.980 0.000 0.000 0.000 0.000 0.000 0.000 0.020 0.000
0.982 0.000 0.000 0.000 0.000 0.000 0.000 0.018 0.000
0.982 0.000 0.000 0.000 0.000 0.000 0.000 0.018 0.000
0.980 0.000 0.000 0.000 0.000 0.000 0.000 0.020 0.000
0.985 0.000 0.000 0.000 0.000 0.000 0.000 0.015 0.000
0.977 0.007 0.000 0.003 0.000 0.000 0.000 0.013 0.001
0.975 0.006 0.000 0.002 0.000 0.000 0.000 0.015 0.001
0.966 0.010 0.000 0.003 0.000 0.000 0.000 0.020 0.001
0.965 0.014 0.000 0.005 0.000 0.000 0.000 0.016 0.001
0.969 0.012 0.000 0.004 0.000 0.000 0.000 0.013 0.001
0.978 0.009 0.000 0.004 0.000 0.000 0.000 0.008 0.001
0.994 0.006 0.000 0.000 0.000 0.000 0.000 0.000 0.000
0.996 0.004 0.000 0.000 0.000 0.000 0.000 0.000 0.000
0.982 0.018 0.000 0.000 0.000 0.000 0.000 0.000 0.000
0.835 0.010 0.000 0.000 0.000 0.000 0.000 0.155 0.000
0.799 0.011 0.000 0.000 0.000 0.000 0.000 0.191 0.000
0.743 0.009 0.000 0.000 0.000 0.000 0.000 0.247 0.000
0.976 0.000 0.000 0.000 0.000 0.000 0.000 0.024 0.000
0.980 0.000 0.000 0.000 0.000 0.000 0.000 0.020 0.000
0.984 0.000 0.000 0.000 0.000 0.000 0.000 0.016 0.000
0.987 0.000 0.000 0.000 0.000 0.000 0.000 0.013 0.000
0.986 0.000 0.000 0.000 0.000 0.000 0.000 0.014 0.000
0.988 0.000 0.000 0.000 0.000 0.000 0.000 0.012 0.000
0.978 0.006 0.000 0.003 0.000 0.000 0.000 0.012 0.001
0.968 0.007 0.000 0.003 0.000 0.000 0.000 0.021 0.001
0.955 0.013 0.000 0.004 0.000 0.000 0.000 0.027 0.001
0.959 0.013 0.000 0.005 0.000 0.000 0.000 0.022 0.001
0.967 0.012 0.000 0.004 0.000 0.000 0.000 0.016 0.001
0.998 0.002 0.000 0.000 0.000 0.000 0.000 0.000 0.000
0.833 0.010 0.000 0.000 0.000 0.000 0.000 0.157 0.000
0.974 0.000 0.000 0.000 0.000 0.000 0.000 0.026 0.000
0.978 0.000 0.000 0.000 0.000 0.000 0.000 0.022 0.000
0.986 0.000 0.000 0.000 0.000 0.000 0.000 0.014 0.000
0.988 0.000 0.000 0.000 0.000 0.000 0.000 0.012 0.000
0.989 0.000 0.000 0.000 0.000 0.000 0.000 0.011 0.000
0.986 0.000 0.000 0.000 0.000 0.000 0.000 0.014 0.000
0.976 0.007 0.000 0.004 0.000 0.000 0.000 0.013 0.001
0.968 0.007 0.000 0.003 0.000 0.000 0.000 0.021 0.000
0.959 0.010 0.000 0.003 0.000 0.000 0.000 0.028 0.000
0.966 0.010 0.000 0.004 0.000 0.000 0.000 0.020 0.000
0.990 0.009 0.000 0.000 0.000 0.000 0.000 0.000 0.000
0.984 0.016 0.000 0.000 0.000 0.000 0.000 0.000 0.000
0.866 0.010 0.000 0.000 0.000 0.000 0.000 0.124 0.000
0.801 0.012 0.000 0.000 0.000 0.000 0.000 0.188 0.000
0.707 0.008 0.000 0.000 0.000 0.000 0.000 0.285 0.000
0.973 0.000 0.000 0.000 0.000 0.000 0.000 0.027 0.000
0.982 0.000 0.000 0.000 0.000 0.000 0.000 0.018 0.000
0.987 0.000 0.000 0.000 0.000 0.000 0.000 0.013 0.000
0.989 0.000 0.000 0.000 0.000 0.000 0.000 0.011 0.000
0.986 0.000 0.000 0.000 0.000 0.000 0.000 0.014 0.000
0.984 0.000 0.000 0.000 0.000 0.000 0.000 0.016 0.000
0.976 0.006 0.000 0.003 0.000 0.000 0.000 0.014 0.001
0.971 0.006 0.000 0.003 0.000 0.000 0.000 0.019 0.000
0.968 0.008 0.000 0.004 0.000 0.000 0.000 0.020 0.000
0.972 0.009 0.000 0.003 0.000 0.000 0.000 0.015 0.000
0.996 0.004 0.000 0.000 0.000 0.000 0.000 0.000 0.000
0.984 0.016 0.000 0.000 0.000 0.000 0.000 0.000 0.000
0.945 0.055 0.000 0.000 0.000 0.000 0.000 0.000 0.000
0.843 0.013 0.000 0.000 0.000 0.000 0.000 0.144 0.000
0.855 0.013 0.000 0.000 0.000 0.000 0.000 0.132 0.000
0.765 0.009 0.000 0.000 0.000 0.000 0.000 0.226 0.000
0.975 0.000 0.000 0.000 0.000 0.000 0.000 0.025 0.000
0.980 0.000 0.000 0.000 0.000 0.000 0.000 0.020 0.000
0.988 0.000 0.000 0.000 0.000 0.000 0.000 0.012 0.000
0.989 0.000 0.000 0.000 0.000 0.000 0.000 0.011 0.000
0.986 0.000 0.000 0.000 0.000 0.000 0.000 0.014 0.000
0.986 0.000 0.000 0.000 0.000 0.000 0.000 0.014 0.000
0.978 0.006 0.000 0.003 0.000 0.000 0.000 0.012 0.001
0.966 0.009 0.000 0.003 0.000 0.000 0.000 0.022 0.000
0.963 0.008 0.000 0.003 0.000 0.000 0.000 0.025 0.000
0.970 0.009 0.000 0.004 0.000 0.000 0.000 0.016 0.000
0.974 0.009 0.000 0.004 0.000 0.000 0.000 0.013 0.000
0.998 0.002 0.000 0.000 0.000 0.000 0.000 0.000 0.000
0.991 0.008 0.000 0.000 0.000 0.000 0.000 0.000 0.000
0.977 0.023 0.000 0.000 0.000 0.000 0.000 0.000 0.000
0.873 0.013 0.000 0.000 0.000 0.000 0.000 0.114 0.000
0.738 0.009 0.000 0.000 0.000 0.000 0.000 0.253 0.000
0.981 0.000 0.000 0.000 0.000 0.000 0.000 0.019 0.000
0.987 0.000 0.000 0.000 0.000 0.000 0.000 0.012 0.000
0.991 0.000 0.000 0.000 0.000 0.000 0.000 0.009 0.000
0.991 0.000 0.000 0.000 0.000 0.000 0.000 0.008 0.000
0.988 0.000 0.000 0.000 0.000 0.000 0.000 0.011 0.000
0.975 0.006 0.000 0.003 0.000 0.000 0.000 0.016 0.000
0.970 0.007 0.000 0.003 0.000 0.000 0.000 0.020 0.000
0.967 0.009 0.000 0.003 0.000 0.000 0.000 0.021 0.000
0.972 0.009 0.000 0.004 0.000 0.000 0.000 0.015 0.000
0.972 0.011 0.000 0.004 0.000 0.000 0.000 0.013 0.000
0.988 0.012 0.000 0.000 0.000 0.000 0.000 0.000 0.000
0.995 0.004 0.000 0.000 0.000 0.000 0.000 0.000 0.000
0.981 0.018 0.000 0.000 0.000 0.000 0.000 0.000 0.000
0.870 0.013 0.000 0.000 0.000 0.000 0.000 0.117 0.000
0.833 0.012 0.000 0.000 0.000 0.000 0.000 0.154 0.000
0.973 0.000 0.000 0.000 0.000 0.000 0.000 0.026 0.000
0.981 0.000 0.000 0.000 0.000 0.000 0.000 0.018 0.000
0.985 0.000 0.000 0.000 0.000 0.000 0.000 0.015 0.000
0.989 0.000 0.000 0.000 0.000 0.000 0.000 0.011 0.000
0.990 0.000 0.000 0.000 0.000 0.000 0.000 0.010 0.000
0.987 0.000 0.000 0.000 0.000 0.000 0.000 0.013 0.000
0.979 0.006 0.000 0.004 0.000 0.000 0.000 0.011 0.001
0.978 0.006 0.000 0.003 0.000 0.000 0.000 0.013 0.000
0.967 0.008 0.000 0.003 0.000 0.000 0.000 0.021 0.000
0.966 0.009 0.000 0.004 0.000 0.000 0.000 0.021 0.000
0.974 0.008 0.000 0.003 0.000 0.000 0.000 0.014 0.000
0.978 0.009 0.000 0.004 0.000 0.000 0.000 0.009 0.000
0.997 0.003 0.000 0.000 0.000 0.000 0.000 0.000 0.000
0.965 0.034 0.000 0.001 0.000 0.000 0.000 0.000 0.000
0.877 0.014 0.000 0.000 0.000 0.000 0.000 0.108 0.000
0.856 0.013 0.000 0.000 0.000 0.000 0.000 0.131 0.000
0.792 0.011 0.000 0.000 0.000 0.000 0.000 0.197 0.000
0.978 0.000 0.000 0.000 0.000 0.000 0.000 0.021 0.000
0.989 0.000 0.000 0.000 0.000 0.000 0.000 0.011 0.000
0.991 0.000 0.000 0.000 0.000 0.000 0.000 0.009 0.000
0.978 0.007 0.000 0.004 0.000 0.000 0.000 0.011 0.001
0.966 0.007 0.000 0.003 0.000 0.000 0.000 0.024 0.000
0.965 0.011 0.000 0.005 0.000 0.000 0.000 0.019 0.000
0.967 0.014 0.000 0.006 0.000 0.000 0.000 0.012 0.001
0.991 0.009 0.000 0.000 0.000 0.000 0.000 0.000 0.000
0.992 0.008 0.000 0.000 0.000 0.000 0.000 0.000 0.000
0.985 0.014 0.000 0.000 0.000 0.000 0.000 0.000 0.000
0.853 0.015 0.000 0.000 0.000 0.000 0.000 0.132 0.000
0.870 0.014 0.000 0.000 0.000 0.000 0.000 0.115 0.000
0.822 0.014 0.000 0.000 0.000 0.000 0.000 0.164 0.000
0.981 0.000 0.000 0.001 0.000 0.000 0.000 0.019 0.000
0.988 0.000 0.000 0.001 0.000 0.000 0.000 0.012 0.000
0.989 0.000 0.000 0.000 0.000 0.000 0.000 0.010 0.000
0.989 0.000 0.000 0.000 0.000 0.000 0.000 0.011 0.000
0.989 0.000 0.000 0.000 0.000 0.000 0.000 0.010 0.000
0.974 0.007 0.000 0.004 0.000 0.000 0.000 0.014 0.000
0.965 0.007 0.000 0.003 0.000 0.000 0.000 0.024 0.000
0.961 0.010 0.000 0.004 0.000 0.000 0.000 0.026 0.000
0.965 0.011 0.000 0.004 0.000 0.000 0.000 0.019 0.000
0.970 0.011 0.000 0.004 0.000 0.000 0.000 0.014 0.000
0.987 0.012 0.000 0.001 0.000 0.000 0.000 0.000 0.000
0.956 0.043 0.000 0.001 0.000 0.000 0.000 0.000 0.000
0.864 0.016 0.000 0.000 0.000 0.000 0.000 0.120 0.000
0.847 0.014 0.000 0.000 0.000 0.000 0.000 0.139 0.000
0.771 0.014 0.000 0.000 0.000 0.000 0.000 0.215 0.000
0.980 0.000 0.000 0.001 0.000 0.000 0.000 0.019 0.000
0.987 0.000 0.000 0.001 0.000 0.000 0.000 0.013 0.000
0.987 0.000 0.000 0.000 0.000 0.000 0.000 0.012 0.000
0.986 0.000 0.000 0.000 0.000 0.000 0.000 0.013 0.000
0.977 0.005 0.000 0.003 0.000 0.000 0.000 0.015 0.000
0.960 0.011 0.000 0.004 0.000 0.000 0.000 0.025 0.000
0.969 0.009 0.000 0.004 0.000 0.000 0.000 0.018 0.000
0.973 0.010 0.000 0.004 0.000 0.000 0.000 0.012 0.000
0.997 0.003 0.000 0.000 0.000 0.000 0.000 0.000 0.000
0.990 0.010 0.000 0.001 0.000 0.000 0.000 0.000 0.000
0.976 0.023 0.000 0.001 0.000 0.000 0.000 0.000 0.000
0.857 0.017 0.000 0.000 0.000 0.000 0.000 0.126 0.000
0.868 0.015 0.000 0.000 0.000 0.000 0.000 0.117 0.000
0.823 0.014 0.000 0.000 0.000 0.000 0.000 0.162 0.000
0.973 0.000 0.000 0.001 0.000 0.000 0.000 0.026 0.000
0.984 0.000 0.000 0.001 0.000 0.000 0.000 0.015 0.000
0.987 0.000 0.000 0.000 0.000 0.000 0.000 0.012 0.000
0.985 0.000 0.000 0.000 0.000 0.000 0.000 0.014 0.000
0.981 0.000 0.000 0.000 0.000 0.000 0.000 0.019 0.000
0.975 0.000 0.000 0.000 0.000 0.000 0.000 0.024 0.000
0.978 0.007 0.000 0.004 0.000 0.000 0.000 0.011 0.000
0.977 0.006 0.000 0.003 0.000 0.000 0.000 0.014 0.000
0.967 0.007 0.000 0.003 0.000 0.000 0.000 0.023 0.000
0.963 0.010 0.000 0.004 0.000 0.000 0.000 0.023 0.000
0.970 0.010 0.000 0.004 0.000 0.000 0.000 0.015 0.000
0.976 0.009 0.000 0.004 0.000 0.000 0.000 0.011 0.000
0.995 0.004 0.000 0.001 0.000 0.000 0.000 0.000 0.000
0.987 0.012 0.000 0.001 0.000 0.000 0.000 0.000 0.000
0.867 0.017 0.000 0.000 0.000 0.000 0.000 0.116 0.000
0.837 0.016 0.000 0.000 0.000 0.000 0.000 0.146 0.000
0.973 0.000 0.000 0.001 0.000 0.000 0.000 0.026 0.000
0.979 0.000 0.000 0.001 0.000 0.000 0.000 0.020 0.000
0.984 0.000 0.000 0.000 0.000 0.000 0.000 0.016 0.000
0.985 0.000 0.000 0.000 0.000 0.000 0.000 0.015 0.000
0.978 0.000 0.000 0.000 0.000 0.000 0.000 0.021 0.000
0.979 0.006 0.000 0.004 0.000 0.000 0.000 0.011 0.000
0.972 0.006 0.000 0.003 0.000 0.000 0.000 0.018 0.000
0.967 0.008 0.000 0.003 0.000 0.000 0.000 0.022 0.000
0.968 0.010 0.000 0.003 0.000 0.000 0.000 0.019 0.000
0.972 0.010 0.000 0.004 0.000 0.000 0.000 0.014 0.000
0.972 0.012 0.000 0.005 0.000 0.000 0.000 0.010 0.000
0.989 0.010 0.000 0.001 0.000 0.000 0.000 0.000 0.000
0.863 0.020 0.000 0.001 0.000 0.000 0.000 0.116 0.000
0.978 0.000 0.000 0.001 0.000 0.000 0.000 0.021 0.000
0.979 0.000 0.000 0.000 0.000 0.000 0.000 0.021 0.000
0.972 0.000 0.000 0.000 0.000 0.000 0.000 0.028 0.000
0.966 0.000 0.000 0.000 0.000 0.000 0.000 0.033 0.000
0.979 0.005 0.000 0.003 0.000 0.000 0.000 0.013 0.000
0.975 0.006 0.000 0.003 0.000 0.000 0.000 0.016 0.000
0.973 0.008 0.000 0.003 0.000 0.000 0.000 0.016 0.000
0.975 0.010 0.000 0.004 0.000 0.000 0.000 0.011 0.000
0.995 0.004 0.000 0.001 0.000 0.000 0.000 0.000 0.000
0.995 0.004 0.000 0.001 0.000 0.000 0.000 0.000 0.000
0.987 0.012 0.000 0.002 0.000 0.000 0.000 0.000 0.000
0.839 0.022 0.000 0.001 0.000 0.000 0.000 0.138 0.000
0.854 0.021 0.000 0.001 0.000 0.000 0.000 0.125 0.000
0.801 0.021 0.000 0.001 0.000 0.000 0.000 0.178 0.000
0.970 0.000 0.000 0.001 0.000 0.000 0.000 0.029 0.000
0.972 0.000 0.000 0.001 0.000 0.000 0.000 0.027 0.000
0.976 0.000 0.000 0.000 0.000 0.000 0.000 0.023 0.000
0.977 0.000 0.000 0.000 0.000 0.000 0.000 0.023 0.000
0.972 0.000 0.000 0.000 0.000 0.000 0.000 0.028 0.000
0.982 0.006 0.000 0.004 0.000 0.000 0.000 0.008 0.000
0.981 0.005 0.000 0.003 0.000 0.000 0.000 0.011 0.000
0.968 0.010 0.000 0.004 0.000 0.000 0.000 0.018 0.000
0.971 0.011 0.000 0.004 0.000 0.000 0.000 0.013 0.000
0.998 0.001 0.000 0.001 0.000 0.000 0.000 0.000 0.000
0.991 0.008 0.000 0.001 0.000 0.000 0.000 0.000 0.000
0.959 0.038 0.000 0.004 0.000 0.000 0.000 0.000 0.000
0.839 0.032 0.000 0.001 0.000 0.000 0.000 0.128 0.000
0.838 0.027 0.000 0.001 0.000 0.000 0.000 0.133 0.000
0.802 0.023 0.000 0.001 0.000 0.000 0.000 0.175 0.000
0.730 0.025 0.000 0.001 0.000 0.000 0.000 0.244 0.000
0.963 0.000 0.000 0.001 0.000 0.000 0.000 0.036 0.000
0.973 0.000 0.000 0.001 0.000 0.000 0.000 0.027 0.000
0.964 0.000 0.000 0.000 0.000 0.000 0.000 0.035 0.000
0.961 0.000 0.000 0.000 0.000 0.000 0.000 0.039 0.000
0.983 0.005 0.000 0.004 0.000 0.000 0.000 0.007 0.000
0.975 0.007 0.000 0.003 0.000 0.000 0.000 0.015 0.000
0.967 0.009 0.000 0.004 0.000 0.000 0.000 0.020 0.000
0.965 0.012 0.000 0.004 0.000 0.000 0.000 0.018 0.000
0.974 0.010 0.000 0.004 0.000 0.000 0.000 0.012 0.000
0.975 0.011 0.000 0.004 0.000 0.000 0.000 0.010 0.000
0.994 0.005 0.000 0.001 0.000 0.000 0.000 0.000 0.000
0.987 0.011 0.000 0.002 0.000 0.000 0.000 0.000 0.000
0.855 0.032 0.000 0.001 0.000 0.000 0.000 0.112 0.000
0.737 0.024 0.000 0.001 0.000 0.000 0.000 0.238 0.000
0.679 0.022 0.000 0.001 0.000 0.000 0.000 0.298 0.000
0.953 0.000 0.000 0.001 0.000 0.000 0.000 0.046 0.000
0.968 0.000 0.000 0.000 0.000 0.000 0.000 0.031 0.000
0.970 0.000 0.000 0.000 0.000 0.000 0.000 0.030 0.000
0.951 0.000 0.000 0.000 0.000 0.000 0.000 0.048 0.000
0.939 0.000 0.000 0.001 0.000 0.000 0.000 0.060 0.000
0.979 0.008 0.000 0.007 0.000 0.000 0.000 0.006 0.001
0.974 0.009 0.000 0.005 0.000 0.000 0.000 0.013 0.000
0.972 0.007 0.000 0.003 0.000 0.000 0.000 0.017 0.000
0.969 0.011 0.000 0.004 0.000 0.000 0.000 0.015 0.000
0.975 0.009 0.000 0.004 0.000 0.000 0.000 0.011 0.000
0.975 0.012 0.000 0.004 0.000 0.000 0.000 0.009 0.000
0.997 0.002 0.000 0.001 0.000 0.000 0.000 0.000 0.000
