0.996 0.004 0.000 0.000 0.000 0.000 0.000 0.000 0.000
0.998 0.002 0.000 0.000 0.000 0.000 0.000 0.000 0.000
0.996 0.004 0.000 0.000 0.000 0.000 0.000 0.000 0.000
0.985 0.007 0.000 0.000 0.000 0.000 0.000 0.009 0.000
0.992 0.003 0.000 0.000 0.000 0.000 0.000 0.005 0.000
0.994 0.002 0.000 0.000 0.000 0.000 0.000 0.004 0.000
0.996 0.002 0.000 0.000 0.000 0.000 0.000 0.003 0.000
0.996 0.002 0.000 0.000 0.000 0.000 0.000 0.002 0.000
0.995 0.001 0.000 0.000 0.000 0.000 0.000 0.003 0.000
0.996 0.001 0.000 0.000 0.000 0.000 0.000 0.003 0.000
0.997 0.001 0.000 0.000 0.000 0.000 0.000 0.003 0.000
0.997 0.001 0.000 0.000 0.000 0.000 0.000 0.002 0.000
0.997 0.000 0.000 0.000 0.000 0.000 0.000 0.003 0.000
0.997 0.000 0.000 0.000 0.000 0.000 0.000 0.003 0.000
0.999 0.000 0.000 0.000 0.000 0.000 0.000 0.001 0.000
0.862 0.094 0.044 0.000 0.000 0.000 0.000 0.000 0.000
0.832 0.121 0.046 0.000 0.000 0.000 0.000 0.001 0.000
0.831 0.123 0.045 0.000 0.000 0.000 0.000 0.001 0.000
0.832 0.130 0.037 0.000 0.000 0.000 0.000 0.001 0.000
0.875 0.094 0.030 0.000 0.000 0.000 0.000 0.001 0.000
0.928 0.052 0.020 0.000 0.000 0.000 0.000 0.000 0.000
0.958 0.034 0.007 0.000 0.000 0.000 0.000 0.000 0.001
0.885 0.108 0.007 0.000 0.000 0.000 0.000 0.000 0.001
0.998 0.002 0.000 0.000 0.000 0.000 0.000 0.000 0.000
0.996 0.004 0.000 0.000 0.000 0.000 0.000 0.000 0.000
0.987 0.013 0.000 0.000 0.000 0.000 0.000 0.000 0.000
0.985 0.005 0.000 0.000 0.000 0.000 0.000 0.010 0.000
0.990 0.003 0.000 0.000 0.000 0.000 0.000 0.006 0.000
0.993 0.002 0.000 0.000 0.000 0.000 0.000 0.004 0.000
0.995 0.002 0.000 0.000 0.000 0.000 0.000 0.003 0.000
0.993 0.002 0.000 0.000 0.000 0.000 0.000 0.004 0.000
0.992 0.002 0.000 0.000 0.000 0.000 0.000 0.006 0.000
0.994 0.001 0.000 0.000 0.000 0.000 0.000 0.004 0.000
0.996 0.001 0.000 0.000 0.000 0.000 0.000 0.003 0.000
0.997 0.000 0.000 0.000 0.000 0.000 0.000 0.002 0.000
0.996 0.000 0.000 0.000 0.000 0.000 0.000 0.003 0.000
0.996 0.000 0.000 0.000 0.000 0.000 0.000 0.004 0.000
0.997 0.000 0.000 0.000 0.000 0.000 0.000 0.002 0.000
0.857 0.098 0.044 0.000 0.000 0.000 0.000 0.001 0.000
0.850 0.102 0.046 0.000 0.000 0.000 0.000 0.001 0.000
0.884 0.079 0.036 0.000 0.000 0.000 0.000 0.001 0.000
0.925 0.053 0.022 0.000 0.000 0.000 0.000 0.000 0.000
0.961 0.028 0.010 0.000 0.000 0.000 0.000 0.000 0.001
0.953 0.039 0.008 0.000 0.000 0.000 0.000 0.000 0.001
0.923 0.069 0.006 0.000 0.000 0.000 0.000 0.000 0.001
0.939 0.054 0.006 0.000 0.000 0.000 0.000 0.000 0.001
0.882 0.111 0.006 0.000 0.000 0.000 0.000 0.000 0.001
0.997 0.003 0.000 0.000 0.000 0.000 0.000 0.000 0.000
0.998 0.002 0.000 0.000 0.000 0.000 0.000 0.000 0.000
0.996 0.004 0.000 0.000 0.000 0.000 0.000 0.000 0.000
0.990 0.003 0.000 0.000 0.000 0.000 0.000 0.007 0.000
0.993 0.002 0.000 0.000 0.000 0.000 0.000 0.004 0.000
0.994 0.002 0.000 0.000 0.000 0.000 0.000 0.004 0.000
0.991 0.002 0.000 0.000 0.000 0.000 0.000 0.007 0.000
0.990 0.001 0.000 0.000 0.000 0.000 0.000 0.008 0.000
0.993 0.001 0.000 0.000 0.000 0.000 0.000 0.006 0.000
0.995 0.001 0.000 0.000 0.000 0.000 0.000 0.004 0.000
0.996 0.001 0.000 0.000 0.000 0.000 0.000 0.003 0.000
0.997 0.000 0.000 0.000 0.000 0.000 0.000 0.003 0.000
0.996 0.000 0.000 0.000 0.000 0.000 0.000 0.003 0.000
0.995 0.000 0.000 0.000 0.000 0.000 0.000 0.005 0.000
0.994 0.000 0.000 0.000 0.000 0.000 0.000 0.006 0.000
0.995 0.000 0.000 0.000 0.000 0.000 0.000 0.004 0.000
0.998 0.000 0.000 0.000 0.000 0.000 0.000 0.002 0.000
0.998 0.000 0.000 0.000 0.000 0.000 0.000 0.002 0.000
0.998 0.000 0.000 0.000 0.000 0.000 0.000 0.002 0.000
0.901 0.062 0.036 0.000 0.000 0.000 0.000 0.001 0.000
0.937 0.040 0.022 0.000 0.000 0.000 0.000 0.000 0.000
0.963 0.025 0.011 0.000 0.000 0.000 0.000 0.000 0.001
0.949 0.041 0.008 0.000 0.000 0.000 0.000 0.000 0.001
0.933 0.058 0.008 0.000 0.000 0.000 0.000 0.000 0.001
0.934 0.058 0.007 0.000 0.000 0.000 0.000 0.000 0.001
0.951 0.042 0.006 0.000 0.000 0.000 0.000 0.000 0.001
0.946 0.049 0.005 0.000 0.000 0.000 0.000 0.000 0.001
0.995 0.005 0.000 0.000 0.000 0.000 0.000 0.000 0.000
0.999 0.001 0.000 0.000 0.000 0.000 0.000 0.000 0.000
0.997 0.003 0.000 0.000 0.000 0.000 0.000 0.000 0.000
0.981 0.019 0.000 0.000 0.000 0.000 0.000 0.000 0.000
0.982 0.005 0.000 0.000 0.000 0.000 0.000 0.012 0.000
0.987 0.004 0.000 0.000 0.000 0.000 0.000 0.009 0.000
0.990 0.003 0.000 0.000 0.000 0.000 0.000 0.006 0.000
0.992 0.002 0.000 0.000 0.000 0.000 0.000 0.005 0.000
0.990 0.003 0.000 0.000 0.000 0.000 0.000 0.008 0.000
0.987 0.002 0.000 0.000 0.000 0.000 0.000 0.011 0.000
0.992 0.001 0.000 0.000 0.000 0.000 0.000 0.007 0.000
0.994 0.001 0.000 0.000 0.000 0.000 0.000 0.005 0.000
0.996 0.000 0.000 0.000 0.000 0.000 0.000 0.003 0.000
0.996 0.000 0.000 0.000 0.000 0.000 0.000 0.004 0.000
0.995 0.000 0.000 0.000 0.000 0.000 0.000 0.005 0.000
0.992 0.000 0.000 0.000 0.000 0.000 0.000 0.007 0.000
0.991 0.000 0.000 0.000 0.000 0.000 0.000 0.008 0.000
0.997 0.000 0.000 0.000 0.000 0.000 0.000 0.002 0.000
0.998 0.000 0.000 0.000 0.000 0.000 0.000 0.002 0.000
0.998 0.000 0.000 0.000 0.000 0.000 0.000 0.002 0.000
0.997 0.001 0.000 0.000 0.000 0.000 0.000 0.001 0.000
0.998 0.001 0.000 0.000 0.000 0.000 0.000 0.001 0.000
0.921 0.067 0.010 0.000 0.000 0.000 0.000 0.000 0.001
0.945 0.046 0.008 0.000 0.000 0.000 0.000 0.000 0.001
0.940 0.052 0.008 0.000 0.000 0.000 0.000 0.000 0.001
0.935 0.056 0.008 0.000 0.000 0.000 0.000 0.000 0.001
0.933 0.059 0.006 0.000 0.000 0.000 0.000 0.000 0.001
0.955 0.039 0.004 0.000 0.000 0.000 0.000 0.000 0.001
0.965 0.031 0.004 0.000 0.000 0.000 0.000 0.000 0.001
0.999 0.001 0.000 0.000 0.000 0.000 0.000 0.000 0.000
0.997 0.003 0.000 0.000 0.000 0.000 0.000 0.000 0.000
0.993 0.007 0.000 0.000 0.000 0.000 0.000 0.000 0.000
0.979 0.006 0.000 0.000 0.000 0.000 0.000 0.015 0.000
0.984 0.004 0.000 0.000 0.000 0.000 0.000 0.012 0.000
0.979 0.002 0.000 0.000 0.000 0.000 0.000 0.019 0.000
0.982 0.002 0.000 0.000 0.000 0.000 0.000 0.016 0.000
0.983 0.001 0.000 0.000 0.000 0.000 0.000 0.016 0.000
0.987 0.001 0.000 0.000 0.000 0.000 0.000 0.012 0.000
0.989 0.001 0.000 0.000 0.000 0.000 0.000 0.010 0.000
0.992 0.001 0.000 0.000 0.000 0.000 0.000 0.007 0.000
0.992 0.001 0.000 0.000 0.000 0.000 0.000 0.007 0.000
0.991 0.000 0.000 0.000 0.000 0.000 0.000 0.008 0.000
0.997 0.000 0.000 0.000 0.000 0.000 0.000 0.003 0.000
0.997 0.001 0.000 0.000 0.000 0.000 0.000 0.001 0.000
0.995 0.002 0.000 0.000 0.000 0.000 0.000 0.003 0.000
0.903 0.084 0.011 0.000 0.000 0.000 0.000 0.000 0.001
0.948 0.043 0.008 0.000 0.000 0.000 0.000 0.000 0.001
0.961 0.031 0.007 0.000 0.000 0.000 0.000 0.000 0.001
0.946 0.046 0.007 0.000 0.000 0.000 0.000 0.000 0.001
0.921 0.072 0.006 0.000 0.000 0.000 0.000 0.000 0.001
0.942 0.052 0.005 0.000 0.000 0.000 0.000 0.000 0.001
0.956 0.039 0.004 0.000 0.000 0.000 0.000 0.000 0.001
0.975 0.021 0.004 0.000 0.000 0.000 0.000 0.000 0.000
0.998 0.002 0.000 0.000 0.000 0.000 0.000 0.000 0.000
0.995 0.005 0.000 0.000 0.000 0.000 0.000 0.000 0.000
0.960 0.007 0.000 0.000 0.000 0.000 0.000 0.032 0.000
0.972 0.006 0.000 0.000 0.000 0.000 0.000 0.022 0.000
0.983 0.004 0.000 0.000 0.000 0.000 0.000 0.013 0.000
0.976 0.001 0.000 0.000 0.000 0.000 0.000 0.023 0.000
0.978 0.001 0.000 0.000 0.000 0.000 0.000 0.021 0.000
0.986 0.001 0.000 0.000 0.000 0.000 0.000 0.013 0.000
0.988 0.001 0.000 0.000 0.000 0.000 0.000 0.011 0.000
0.988 0.000 0.000 0.000 0.000 0.000 0.000 0.011 0.000
0.996 0.000 0.000 0.000 0.000 0.000 0.000 0.004 0.000
0.994 0.000 0.000 0.000 0.000 0.000 0.000 0.005 0.000
0.994 0.000 0.000 0.000 0.000 0.000 0.000 0.006 0.000
0.993 0.000 0.000 0.000 0.000 0.000 0.000 0.006 0.000
0.900 0.087 0.011 0.000 0.000 0.000 0.000 0.000 0.001
0.913 0.077 0.009 0.000 0.000 0.000 0.000 0.000 0.001
0.963 0.030 0.006 0.000 0.000 0.000 0.000 0.000 0.001
0.956 0.036 0.007 0.000 0.000 0.000 0.000 0.000 0.001
0.944 0.049 0.006 0.000 0.000 0.000 0.000 0.000 0.001
0.948 0.047 0.004 0.000 0.000 0.000 0.000 0.000 0.001
0.962 0.033 0.003 0.000 0.000 0.000 0.000 0.000 0.001
0.973 0.023 0.003 0.000 0.000 0.000 0.000 0.000 0.001
0.978 0.018 0.003 0.000 0.000 0.000 0.000 0.000 0.000
0.998 0.002 0.000 0.000 0.000 0.000 0.000 0.000 0.000
0.996 0.004 0.000 0.000 0.000 0.000 0.000 0.000 0.000
0.991 0.009 0.000 0.000 0.000 0.000 0.000 0.000 0.000
0.937 0.009 0.000 0.000 0.000 0.000 0.000 0.054 0.000
0.954 0.007 0.000 0.000 0.000 0.000 0.000 0.038 0.000
0.962 0.006 0.000 0.000 0.000 0.000 0.000 0.032 0.000
0.964 0.001 0.000 0.000 0.000 0.000 0.000 0.035 0.000
0.975 0.001 0.000 0.000 0.000 0.000 0.000 0.024 0.000
0.984 0.001 0.000 0.000 0.000 0.000 0.000 0.016 0.000
0.985 0.000 0.000 0.000 0.000 0.000 0.000 0.015 0.000
0.983 0.000 0.000 0.000 0.000 0.000 0.000 0.016 0.000
0.995 0.000 0.000 0.000 0.000 0.000 0.000 0.005 0.000
0.995 0.000 0.000 0.000 0.000 0.000 0.000 0.005 0.000
0.993 0.000 0.000 0.000 0.000 0.000 0.000 0.007 0.000
0.996 0.000 0.000 0.000 0.000 0.000 0.000 0.004 0.000
0.996 0.001 0.000 0.000 0.000 0.000 0.000 0.002 0.000
0.969 0.024 0.006 0.000 0.000 0.000 0.000 0.000 0.001
0.976 0.018 0.005 0.000 0.000 0.000 0.000 0.000 0.001
0.976 0.018 0.005 0.000 0.000 0.000 0.000 0.000 0.001
0.948 0.045 0.005 0.000 0.000 0.000 0.000 0.000 0.001
0.955 0.040 0.004 0.000 0.000 0.000 0.000 0.000 0.001
0.957 0.039 0.003 0.000 0.000 0.000 0.000 0.000 0.001
0.973 0.024 0.003 0.000 0.000 0.000 0.000 0.000 0.001
0.980 0.017 0.002 0.000 0.000 0.000 0.000 0.000 0.000
0.996 0.004 0.000 0.000 0.000 0.000 0.000 0.000 0.000
0.995 0.005 0.000 0.000 0.000 0.000 0.000 0.000 0.000
0.932 0.009 0.000 0.000 0.000 0.000 0.000 0.058 0.000
0.942 0.008 0.000 0.000 0.000 0.000 0.000 0.050 0.000
0.964 0.001 0.000 0.000 0.000 0.000 0.000 0.035 0.000
0.972 0.001 0.000 0.000 0.000 0.000 0.000 0.027 0.000
0.977 0.001 0.000 0.000 0.000 0.000 0.000 0.022 0.000
0.979 0.000 0.000 0.000 0.000 0.000 0.000 0.020 0.000
0.974 0.000 0.000 0.000 0.000 0.000 0.000 0.025 0.000
0.974 0.000 0.000 0.000 0.000 0.000 0.000 0.025 0.000
0.961 0.000 0.000 0.000 0.000 0.000 0.000 0.038 0.000
0.996 0.000 0.000 0.000 0.000 0.000 0.000 0.004 0.000
0.995 0.000 0.000 0.000 0.000 0.000 0.000 0.005 0.000
0.995 0.000 0.000 0.000 0.000 0.000 0.000 0.005 0.000
0.995 0.000 0.000 0.000 0.000 0.000 0.000 0.004 0.000
0.996 0.001 0.000 0.000 0.000 0.000 0.000 0.003 0.000
0.997 0.001 0.000 0.000 0.000 0.000 0.000 0.002 0.000
0.971 0.023 0.004 0.000 0.000 0.000 0.000 0.000 0.001
0.978 0.017 0.004 0.000 0.000 0.000 0.000 0.000 0.001
0.979 0.016 0.004 0.000 0.000 0.000 0.000 0.000 0.000
0.969 0.025 0.004 0.000 0.000 0.000 0.000 0.000 0.001
0.964 0.031 0.003 0.000 0.000 0.000 0.000 0.000 0.001
0.962 0.034 0.003 0.000 0.000 0.000 0.000 0.000 0.001
0.969 0.027 0.002 0.000 0.000 0.000 0.000 0.000 0.001
0.987 0.010 0.002 0.000 0.000 0.000 0.000 0.000 0.000
0.987 0.013 0.000 0.000 0.000 0.000 0.000 0.000 0.000
0.996 0.004 0.000 0.000 0.000 0.000 0.000 0.000 0.000
0.908 0.011 0.000 0.000 0.000 0.000 0.000 0.080 0.000
0.922 0.008 0.000 0.000 0.000 0.000 0.000 0.070 0.000
0.932 0.006 0.000 0.000 0.000 0.000 0.000 0.062 0.000
0.970 0.000 0.000 0.000 0.000 0.000 0.000 0.029 0.000
0.970 0.000 0.000 0.000 0.000 0.000 0.000 0.029 0.000
0.968 0.000 0.000 0.000 0.000 0.000 0.000 0.031 0.000
0.948 0.000 0.000 0.000 0.000 0.000 0.000 0.052 0.000
0.993 0.000 0.000 0.000 0.000 0.000 0.000 0.007 0.000
0.999 0.000 0.000 0.000 0.000 0.000 0.000 0.001 0.000
0.995 0.000 0.000 0.000 0.000 0.000 0.000 0.004 0.000
0.995 0.000 0.000 0.000 0.000 0.000 0.000 0.005 0.000
0.995 0.000 0.000 0.000 0.000 0.000 0.000 0.005 0.000
0.995 0.000 0.000 0.000 0.000 0.000 0.000 0.005 0.000
0.996 0.000 0.000 0.000 0.000 0.000 0.000 0.004 0.000
0.996 0.000 0.000 0.000 0.000 0.000 0.000 0.004 0.000
0.971 0.024 0.004 0.000 0.000 0.000 0.000 0.000 0.001
0.982 0.013 0.003 0.000 0.000 0.000 0.000 0.000 0.001
0.980 0.016 0.003 0.000 0.000 0.000 0.000 0.000 0.001
0.972 0.023 0.004 0.000 0.000 0.000 0.000 0.001 0.001
0.969 0.026 0.003 0.000 0.000 0.000 0.000 0.001 0.001
0.968 0.028 0.003 0.000 0.000 0.000 0.000 0.001 0.001
0.973 0.024 0.002 0.000 0.000 0.000 0.000 0.000 0.001
0.980 0.017 0.002 0.000 0.000 0.000 0.000 0.000 0.001
0.997 0.003 0.000 0.000 0.000 0.000 0.000 0.000 0.000
0.994 0.006 0.000 0.000 0.000 0.000 0.000 0.000 0.000
0.864 0.016 0.000 0.000 0.000 0.000 0.000 0.119 0.000
0.893 0.011 0.000 0.000 0.000 0.000 0.000 0.096 0.000
0.907 0.008 0.000 0.000 0.000 0.000 0.000 0.084 0.000
0.958 0.000 0.000 0.000 0.000 0.000 0.000 0.041 0.000
0.950 0.000 0.000 0.000 0.000 0.000 0.000 0.049 0.000
0.977 0.000 0.000 0.000 0.000 0.000 0.000 0.023 0.000
0.985 0.001 0.000 0.000 0.000 0.000 0.000 0.014 0.000
0.986 0.001 0.000 0.000 0.000 0.000 0.000 0.013 0.000
0.951 0.000 0.001 0.000 0.000 0.000 0.000 0.048 0.000
0.996 0.000 0.000 0.000 0.000 0.000 0.000 0.004 0.000
0.995 0.000 0.000 0.000 0.000 0.000 0.000 0.005 0.000
0.995 0.000 0.000 0.000 0.000 0.000 0.000 0.005 0.000
0.995 0.000 0.000 0.000 0.000 0.000 0.000 0.005 0.000
0.995 0.000 0.000 0.000 0.000 0.000 0.000 0.004 0.000
0.975 0.020 0.003 0.000 0.000 0.000 0.000 0.000 0.001
0.984 0.012 0.003 0.000 0.000 0.000 0.000 0.001 0.001
0.974 0.021 0.003 0.000 0.000 0.000 0.000 0.001 0.001
0.976 0.019 0.003 0.000 0.000 0.000 0.000 0.001 0.001
0.974 0.022 0.002 0.000 0.000 0.000 0.000 0.001 0.001
0.975 0.022 0.002 0.000 0.000 0.000 0.000 0.001 0.001
0.979 0.018 0.001 0.000 0.000 0.000 0.000 0.001 0.001
0.991 0.009 0.000 0.000 0.000 0.000 0.000 0.000 0.000
0.998 0.002 0.000 0.000 0.000 0.000 0.000 0.000 0.000
0.996 0.004 0.000 0.000 0.000 0.000 0.000 0.000 0.000
0.875 0.010 0.000 0.000 0.000 0.000 0.000 0.114 0.000
0.872 0.008 0.000 0.000 0.000 0.000 0.000 0.120 0.000
0.873 0.008 0.000 0.000 0.000 0.000 0.000 0.118 0.000
0.965 0.000 0.000 0.000 0.000 0.000 0.000 0.035 0.000
0.966 0.000 0.000 0.000 0.000 0.000 0.000 0.033 0.000
0.956 0.000 0.000 0.000 0.000 0.000 0.000 0.043 0.000
0.953 0.000 0.000 0.000 0.000 0.000 0.000 0.046 0.000
0.953 0.000 0.000 0.000 0.000 0.000 0.000 0.047 0.000
0.960 0.000 0.000 0.000 0.000 0.000 0.000 0.039 0.000
0.995 0.000 0.000 0.000 0.000 0.000 0.000 0.005 0.000
0.995 0.000 0.000 0.000 0.000 0.000 0.000 0.005 0.000
0.995 0.000 0.000 0.000 0.000 0.000 0.000 0.005 0.000
0.995 0.000 0.000 0.000 0.000 0.000 0.000 0.005 0.000
0.977 0.019 0.003 0.000 0.000 0.000 0.000 0.000 0.001
0.981 0.015 0.002 0.000 0.000 0.000 0.000 0.001 0.001
0.987 0.009 0.002 0.000 0.000 0.000 0.000 0.001 0.001
0.986 0.010 0.002 0.000 0.000 0.000 0.000 0.001 0.000
0.975 0.021 0.003 0.000 0.000 0.000 0.000 0.001 0.001
0.976 0.020 0.002 0.000 0.000 0.000 0.000 0.001 0.001
0.981 0.016 0.002 0.000 0.000 0.000 0.000 0.001 0.001
0.981 0.016 0.001 0.000 0.000 0.000 0.000 0.001 0.001
0.998 0.002 0.000 0.000 0.000 0.000 0.000 0.000 0.000
0.997 0.003 0.000 0.000 0.000 0.000 0.000 0.000 0.000
0.992 0.008 0.000 0.000 0.000 0.000 0.000 0.000 0.000
0.858 0.014 0.000 0.000 0.000 0.000 0.000 0.127 0.000
0.881 0.010 0.000 0.000 0.000 0.000 0.000 0.109 0.000
0.866 0.008 0.000 0.000 0.000 0.000 0.000 0.126 0.000
0.966 0.000 0.000 0.000 0.000 0.000 0.000 0.033 0.000
0.960 0.000 0.000 0.000 0.000 0.000 0.000 0.039 0.000
0.954 0.000 0.000 0.000 0.000 0.000 0.000 0.045 0.000
0.959 0.000 0.000 0.000 0.000 0.000 0.000 0.040 0.000
0.995 0.000 0.000 0.000 0.000 0.000 0.000 0.004 0.000
0.995 0.000 0.000 0.000 0.000 0.000 0.000 0.005 0.000
0.996 0.000 0.000 0.000 0.000 0.000 0.000 0.004 0.000
0.982 0.014 0.002 0.000 0.000 0.000 0.000 0.001 0.001
0.985 0.012 0.002 0.000 0.000 0.000 0.000 0.001 0.001
0.985 0.011 0.002 0.000 0.000 0.000 0.000 0.001 0.000
0.979 0.017 0.002 0.000 0.000 0.000 0.000 0.001 0.001
0.980 0.016 0.001 0.000 0.000 0.000 0.000 0.001 0.001
0.979 0.017 0.001 0.000 0.000 0.000 0.000 0.001 0.001
0.997 0.003 0.000 0.000 0.000 0.000 0.000 0.000 0.000
0.998 0.002 0.000 0.000 0.000 0.000 0.000 0.000 0.000
0.811 0.020 0.000 0.000 0.000 0.000 0.000 0.168 0.000
0.865 0.013 0.000 0.000 0.000 0.000 0.000 0.122 0.000
0.864 0.010 0.000 0.000 0.000 0.000 0.000 0.126 0.000
0.957 0.000 0.000 0.000 0.000 0.000 0.000 0.043 0.000
0.945 0.000 0.001 0.000 0.000 0.000 0.000 0.055 0.000
0.949 0.000 0.001 0.000 0.000 0.000 0.000 0.050 0.000
0.963 0.000 0.000 0.000 0.000 0.000 0.000 0.037 0.000
0.996 0.000 0.000 0.000 0.000 0.000 0.000 0.004 0.000
0.996 0.000 0.000 0.000 0.000 0.000 0.000 0.004 0.000
0.994 0.000 0.000 0.000 0.000 0.000 0.000 0.006 0.000
0.984 0.012 0.002 0.000 0.000 0.000 0.000 0.001 0.001
0.989 0.008 0.002 0.000 0.000 0.000 0.000 0.001 0.000
0.984 0.011 0.002 0.000 0.000 0.000 0.000 0.002 0.000
0.980 0.015 0.002 0.000 0.000 0.000 0.000 0.002 0.001
0.984 0.012 0.001 0.000 0.000 0.000 0.000 0.002 0.001
0.997 0.003 0.000 0.000 0.000 0.000 0.000 0.000 0.000
0.986 0.014 0.000 0.000 0.000 0.000 0.000 0.000 0.000
0.844 0.013 0.000 0.000 0.000 0.000 0.000 0.142 0.000
0.859 0.011 0.000 0.000 0.000 0.000 0.000 0.130 0.000
0.947 0.000 0.001 0.000 0.000 0.000 0.000 0.052 0.000
0.951 0.000 0.001 0.000 0.000 0.000 0.000 0.048 0.000
0.965 0.000 0.000 0.000 0.000 0.000 0.000 0.035 0.000
0.975 0.000 0.000 0.000 0.000 0.000 0.000 0.024 0.000
0.993 0.000 0.000 0.000 0.000 0.000 0.000 0.007 0.000
0.995 0.000 0.000 0.000 0.000 0.000 0.000 0.005 0.000
0.986 0.010 0.002 0.000 0.000 0.000 0.000 0.001 0.001
0.986 0.010 0.002 0.000 0.000 0.000 0.000 0.001 0.001
0.988 0.008 0.002 0.000 0.000 0.000 0.000 0.002 0.000
0.985 0.009 0.002 0.000 0.000 0.000 0.000 0.003 0.000
0.982 0.013 0.002 0.000 0.000 0.000 0.000 0.003 0.000
0.978 0.017 0.001 0.001 0.000 0.000 0.000 0.003 0.001
0.978 0.016 0.001 0.001 0.000 0.000 0.000 0.003 0.000
0.987 0.009 0.001 0.000 0.000 0.000 0.000 0.002 0.001
0.997 0.003 0.000 0.000 0.000 0.000 0.000 0.000 0.000
0.857 0.013 0.000 0.000 0.000 0.000 0.000 0.130 0.000
0.853 0.010 0.000 0.000 0.000 0.000 0.000 0.136 0.000
0.959 0.000 0.000 0.000 0.000 0.000 0.000 0.040 0.000
0.956 0.000 0.000 0.000 0.000 0.000 0.000 0.043 0.000
0.962 0.000 0.000 0.000 0.000 0.000 0.000 0.037 0.000
0.968 0.000 0.000 0.000 0.000 0.000 0.000 0.031 0.000
0.994 0.000 0.000 0.000 0.000 0.000 0.000 0.006 0.000
0.994 0.000 0.000 0.000 0.000 0.000 0.000 0.006 0.000
0.993 0.000 0.000 0.000 0.000 0.000 0.000 0.006 0.000
0.988 0.008 0.001 0.000 0.000 0.000 0.000 0.001 0.001
0.989 0.007 0.001 0.000 0.000 0.000 0.000 0.002 0.001
0.989 0.007 0.001 0.000 0.000 0.000 0.000 0.002 0.001
0.987 0.007 0.001 0.000 0.000 0.000 0.000 0.004 0.000
0.983 0.009 0.001 0.000 0.000 0.000 0.000 0.006 0.000
0.988 0.008 0.001 0.000 0.000 0.000 0.000 0.002 0.000
0.988 0.008 0.001 0.000 0.000 0.000 0.000 0.002 0.000
0.996 0.004 0.000 0.000 0.000 0.000 0.000 0.000 0.000
0.984 0.016 0.000 0.000 0.000 0.000 0.000 0.000 0.000
0.860 0.010 0.000 0.000 0.000 0.000 0.000 0.129 0.000
0.960 0.000 0.000 0.000 0.000 0.000 0.000 0.040 0.000
0.966 0.000 0.000 0.000 0.000 0.000 0.000 0.033 0.000
0.962 0.000 0.000 0.000 0.000 0.000 0.000 0.037 0.000
0.964 0.000 0.000 0.000 0.000 0.000 0.000 0.035 0.000
0.918 0.000 0.001 0.000 0.000 0.000 0.000 0.082 0.000
0.991 0.000 0.000 0.000 0.000 0.000 0.000 0.008 0.000
0.993 0.000 0.000 0.000 0.000 0.000 0.000 0.007 0.000
0.992 0.000 0.000 0.000 0.000 0.000 0.000 0.008 0.000
0.989 0.000 0.000 0.000 0.000 0.000 0.000 0.011 0.000
0.989 0.007 0.001 0.000 0.000 0.000 0.000 0.002 0.001
0.990 0.005 0.001 0.000 0.000 0.000 0.000 0.003 0.000
0.982 0.004 0.002 0.000 0.000 0.000 0.000 0.011 0.000
0.985 0.006 0.001 0.000 0.000 0.000 0.000 0.007 0.000
0.987 0.007 0.001 0.001 0.000 0.000 0.000 0.004 0.000
0.997 0.003 0.000 0.000 0.000 0.000 0.000 0.000 0.000
0.993 0.007 0.000 0.000 0.000 0.000 0.000 0.000 0.000
0.843 0.016 0.000 0.000 0.000 0.000 0.000 0.140 0.000
0.857 0.013 0.000 0.000 0.000 0.000 0.000 0.130 0.000
0.855 0.009 0.000 0.000 0.000 0.000 0.000 0.135 0.000
0.921 0.000 0.001 0.000 0.000 0.000 0.000 0.079 0.000
0.927 0.000 0.001 0.000 0.000 0.000 0.000 0.072 0.000
0.981 0.000 0.000 0.000 0.000 0.000 0.000 0.018 0.000
0.866 0.000 0.001 0.000 0.000 0.000 0.000 0.133 0.000
0.963 0.000 0.001 0.000 0.000 0.000 0.000 0.037 0.000
0.981 0.000 0.000 0.000 0.000 0.000 0.000 0.018 0.000
0.985 0.000 0.000 0.000 0.000 0.000 0.000 0.014 0.000
0.989 0.000 0.000 0.000 0.000 0.000 0.000 0.011 0.000
0.991 0.000 0.000 0.000 0.000 0.000 0.000 0.008 0.000
0.985 0.000 0.000 0.000 0.000 0.000 0.000 0.015 0.000
0.991 0.003 0.001 0.000 0.000 0.000 0.000 0.004 0.000
0.984 0.008 0.001 0.001 0.000 0.000 0.000 0.006 0.000
0.988 0.006 0.001 0.001 0.000 0.000 0.000 0.004 0.000
0.987 0.008 0.001 0.001 0.000 0.000 0.000 0.003 0.001
0.995 0.005 0.000 0.000 0.000 0.000 0.000 0.000 0.000
0.999 0.001 0.000 0.000 0.000 0.000 0.000 0.000 0.000
0.996 0.004 0.000 0.000 0.000 0.000 0.000 0.000 0.000
0.951 0.049 0.000 0.000 0.000 0.000 0.000 0.000 0.000
0.809 0.037 0.000 0.000 0.000 0.000 0.000 0.153 0.000
0.845 0.016 0.000 0.000 0.000 0.000 0.000 0.139 0.000
0.837 0.012 0.000 0.000 0.000 0.000 0.000 0.150 0.000
0.976 0.000 0.000 0.000 0.000 0.000 0.000 0.024 0.000
0.979 0.000 0.000 0.000 0.000 0.000 0.000 0.020 0.000
0.973 0.000 0.000 0.000 0.000 0.000 0.000 0.027 0.000
0.973 0.000 0.000 0.000 0.000 0.000 0.000 0.026 0.000
0.896 0.000 0.001 0.000 0.000 0.000 0.000 0.104 0.000
0.944 0.000 0.001 0.000 0.000 0.000 0.000 0.055 0.000
0.945 0.000 0.001 0.000 0.000 0.000 0.000 0.054 0.000
0.960 0.000 0.001 0.000 0.000 0.000 0.000 0.040 0.000
0.956 0.000 0.001 0.000 0.000 0.000 0.000 0.043 0.000
0.962 0.000 0.001 0.000 0.000 0.000 0.000 0.037 0.000
0.975 0.000 0.001 0.000 0.000 0.000 0.000 0.024 0.000
0.985 0.000 0.000 0.000 0.000 0.000 0.000 0.015 0.000
0.988 0.000 0.000 0.000 0.000 0.000 0.000 0.012 0.000
0.989 0.000 0.000 0.000 0.000 0.000 0.000 0.010 0.000
0.988 0.000 0.000 0.000 0.000 0.000 0.000 0.011 0.000
0.990 0.005 0.001 0.001 0.000 0.000 0.000 0.004 0.001
0.987 0.005 0.001 0.001 0.000 0.000 0.000 0.007 0.000
0.983 0.007 0.001 0.001 0.000 0.000 0.000 0.009 0.000
0.984 0.007 0.001 0.001 0.000 0.000 0.000 0.007 0.000
0.987 0.006 0.001 0.001 0.000 0.000 0.000 0.005 0.000
0.986 0.008 0.001 0.001 0.000 0.000 0.000 0.004 0.001
0.999 0.001 0.000 0.000 0.000 0.000 0.000 0.000 0.000
0.997 0.003 0.000 0.000 0.000 0.000 0.000 0.000 0.000
0.991 0.009 0.000 0.000 0.000 0.000 0.000 0.000 0.000
0.822 0.016 0.000 0.000 0.000 0.000 0.000 0.162 0.000
0.849 0.013 0.000 0.000 0.000 0.000 0.000 0.137 0.000
0.827 0.011 0.000 0.000 0.000 0.000 0.000 0.162 0.000
0.964 0.000 0.001 0.000 0.000 0.000 0.000 0.035 0.000
0.969 0.000 0.000 0.000 0.000 0.000 0.000 0.031 0.000
0.967 0.000 0.001 0.000 0.000 0.000 0.000 0.033 0.000
0.962 0.000 0.001 0.000 0.000 0.000 0.000 0.038 0.000
0.963 0.000 0.001 0.000 0.000 0.000 0.000 0.036 0.000
0.959 0.000 0.001 0.000 0.000 0.000 0.000 0.040 0.000
0.961 0.000 0.001 0.000 0.000 0.000 0.000 0.038 0.000
0.954 0.000 0.001 0.000 0.000 0.000 0.000 0.045 0.000
0.965 0.000 0.001 0.000 0.000 0.000 0.000 0.035 0.000
0.972 0.000 0.001 0.000 0.000 0.000 0.000 0.027 0.000
0.983 0.000 0.000 0.000 0.000 0.000 0.000 0.016 0.000
0.986 0.000 0.000 0.000 0.000 0.000 0.000 0.014 0.000
0.985 0.000 0.000 0.000 0.000 0.000 0.000 0.015 0.000
0.983 0.000 0.001 0.000 0.000 0.000 0.000 0.016 0.000
0.988 0.004 0.001 0.001 0.000 0.000 0.000 0.005 0.001
0.987 0.003 0.001 0.001 0.000 0.000 0.000 0.007 0.000
0.984 0.005 0.001 0.001 0.000 0.000 0.000 0.009 0.000
0.982 0.008 0.001 0.001 0.000 0.000 0.000 0.008 0.001
0.984 0.008 0.001 0.001 0.000 0.000 0.000 0.006 0.000
0.987 0.007 0.000 0.001 0.000 0.000 0.000 0.005 0.001
0.997 0.003 0.000 0.000 0.000 0.000 0.000 0.000 0.000
0.998 0.002 0.000 0.000 0.000 0.000 0.000 0.000 0.000
0.995 0.005 0.000 0.000 0.000 0.000 0.000 0.000 0.000
0.847 0.015 0.000 0.000 0.000 0.000 0.000 0.137 0.000
0.831 0.013 0.000 0.000 0.000 0.000 0.000 0.156 0.000
0.950 0.000 0.001 0.000 0.000 0.000 0.000 0.049 0.000
0.958 0.000 0.001 0.000 0.000 0.000 0.000 0.041 0.000
0.962 0.000 0.001 0.000 0.000 0.000 0.000 0.038 0.000
0.966 0.000 0.001 0.000 0.000 0.000 0.000 0.034 0.000
0.960 0.000 0.001 0.000 0.000 0.000 0.000 0.039 0.000
0.954 0.000 0.001 0.000 0.000 0.000 0.000 0.045 0.000
0.958 0.000 0.001 0.000 0.000 0.000 0.000 0.041 0.000
0.966 0.000 0.001 0.000 0.000 0.000 0.000 0.033 0.000
0.974 0.000 0.001 0.000 0.000 0.000 0.000 0.025 0.000
0.979 0.000 0.001 0.000 0.000 0.000 0.000 0.020 0.000
0.984 0.000 0.001 0.000 0.000 0.000 0.000 0.016 0.000
0.989 0.003 0.001 0.001 0.000 0.000 0.000 0.005 0.001
0.987 0.003 0.001 0.001 0.000 0.000 0.000 0.008 0.000
0.978 0.007 0.001 0.001 0.000 0.000 0.000 0.014 0.000
0.979 0.008 0.001 0.001 0.000 0.000 0.000 0.011 0.000
0.985 0.007 0.001 0.001 0.000 0.000 0.000 0.006 0.001
0.985 0.008 0.000 0.001 0.000 0.000 0.000 0.005 0.001
0.999 0.001 0.000 0.000 0.000 0.000 0.000 0.000 0.000
0.997 0.003 0.000 0.000 0.000 0.000 0.000 0.000 0.000
0.982 0.017 0.000 0.000 0.000 0.000 0.000 0.000 0.000
0.828 0.016 0.000 0.000 0.000 0.000 0.000 0.156 0.000
0.791 0.013 0.000 0.000 0.000 0.000 0.000 0.196 0.000
0.960 0.000 0.001 0.000 0.000 0.000 0.000 0.039 0.000
0.966 0.000 0.001 0.000 0.000 0.000 0.000 0.033 0.000
0.982 0.000 0.001 0.000 0.000 0.000 0.000 0.017 0.000
0.981 0.000 0.001 0.000 0.000 0.000 0.000 0.018 0.000
0.981 0.000 0.001 0.000 0.000 0.000 0.000 0.019 0.000
0.988 0.003 0.001 0.001 0.000 0.000 0.000 0.006 0.001
0.984 0.003 0.001 0.001 0.000 0.000 0.000 0.011 0.000
0.979 0.005 0.001 0.001 0.000 0.000 0.000 0.014 0.000
0.977 0.009 0.001 0.001 0.000 0.000 0.000 0.011 0.000
0.983 0.007 0.000 0.001 0.000 0.000 0.000 0.008 0.000
0.984 0.008 0.000 0.001 0.000 0.000 0.000 0.006 0.001
0.999 0.001 0.000 0.000 0.000 0.000 0.000 0.000 0.000
0.998 0.002 0.000 0.000 0.000 0.000 0.000 0.000 0.000
0.995 0.005 0.000 0.000 0.000 0.000 0.000 0.000 0.000
0.851 0.015 0.000 0.000 0.000 0.000 0.000 0.134 0.000
0.829 0.012 0.000 0.000 0.000 0.000 0.000 0.159 0.000
0.980 0.000 0.001 0.000 0.000 0.000 0.000 0.020 0.000
0.983 0.000 0.001 0.000 0.000 0.000 0.000 0.017 0.000
0.978 0.000 0.001 0.000 0.000 0.000 0.000 0.021 0.000
0.975 0.000 0.001 0.000 0.000 0.000 0.000 0.024 0.000
0.988 0.003 0.001 0.001 0.000 0.000 0.000 0.007 0.000
0.986 0.004 0.001 0.001 0.000 0.000 0.000 0.009 0.000
0.976 0.007 0.001 0.001 0.000 0.000 0.000 0.015 0.000
0.977 0.010 0.001 0.001 0.000 0.000 0.000 0.011 0.000
0.983 0.008 0.000 0.001 0.000 0.000 0.000 0.007 0.000
0.982 0.010 0.000 0.001 0.000 0.000 0.000 0.006 0.001
0.999 0.001 0.000 0.000 0.000 0.000 0.000 0.000 0.000
0.996 0.004 0.000 0.000 0.000 0.000 0.000 0.000 0.000
0.842 0.017 0.000 0.000 0.000 0.000 0.000 0.140 0.000
0.855 0.014 0.000 0.000 0.000 0.000 0.000 0.131 0.000
0.807 0.013 0.000 0.000 0.000 0.000 0.000 0.180 0.000
0.978 0.000 0.001 0.000 0.000 0.000 0.000 0.021 0.000
0.980 0.000 0.001 0.000 0.000 0.000 0.000 0.019 0.000
0.980 0.000 0.001 0.000 0.000 0.000 0.000 0.019 0.000
0.979 0.000 0.001 0.000 0.000 0.000 0.000 0.021 0.000
0.987 0.005 0.000 0.001 0.000 0.000 0.000 0.006 0.001
0.982 0.005 0.000 0.001 0.000 0.000 0.000 0.012 0.000
0.977 0.008 0.001 0.001 0.000 0.000 0.000 0.013 0.000
0.981 0.010 0.000 0.001 0.000 0.000 0.000 0.007 0.001
0.999 0.001 0.000 0.000 0.000 0.000 0.000 0.000 0.000
0.996 0.004 0.000 0.000 0.000 0.000 0.000 0.000 0.000
0.992 0.007 0.000 0.000 0.000 0.000 0.000 0.000 0.000
0.847 0.016 0.000 0.000 0.000 0.000 0.000 0.137 0.000
0.833 0.013 0.000 0.000 0.000 0.000 0.000 0.153 0.000
0.979 0.000 0.001 0.000 0.000 0.000 0.000 0.021 0.000
0.980 0.000 0.001 0.000 0.000 0.000 0.000 0.019 0.000
0.981 0.000 0.001 0.000 0.000 0.000 0.000 0.018 0.000
0.978 0.000 0.001 0.000 0.000 0.000 0.000 0.021 0.000
0.984 0.000 0.001 0.000 0.000 0.000 0.000 0.015 0.000
0.986 0.005 0.000 0.001 0.000 0.000 0.000 0.007 0.000
0.984 0.005 0.000 0.001 0.000 0.000 0.000 0.009 0.000
0.978 0.009 0.000 0.001 0.000 0.000 0.000 0.012 0.000
0.975 0.013 0.000 0.001 0.000 0.000 0.000 0.009 0.000
0.977 0.012 0.000 0.001 0.000 0.000 0.000 0.008 0.000
0.982 0.010 0.000 0.001 0.000 0.000 0.000 0.006 0.001
0.998 0.002 0.000 0.000 0.000 0.000 0.000 0.000 0.000
0.999 0.001 0.000 0.000 0.000 0.000 0.000 0.000 0.000
0.995 0.005 0.000 0.000 0.000 0.000 0.000 0.000 0.000
0.862 0.016 0.000 0.000 0.000 0.000 0.000 0.122 0.000
0.834 0.016 0.000 0.000 0.000 0.000 0.000 0.150 0.000
0.791 0.013 0.000 0.000 0.000 0.000 0.000 0.195 0.000
0.972 0.000 0.001 0.000 0.000 0.000 0.000 0.027 0.000
0.978 0.000 0.001 0.000 0.000 0.000 0.000 0.022 0.000
0.982 0.000 0.001 0.000 0.000 0.000 0.000 0.017 0.000
0.985 0.000 0.001 0.000 0.000 0.000 0.000 0.014 0.000
0.984 0.000 0.001 0.000 0.000 0.000 0.000 0.015 0.000
0.986 0.000 0.001 0.000 0.000 0.000 0.000 0.013 0.000
0.987 0.005 0.000 0.001 0.000 0.000 0.000 0.006 0.001
0.981 0.007 0.000 0.001 0.000 0.000 0.000 0.011 0.000
0.971 0.013 0.000 0.001 0.000 0.000 0.000 0.014 0.000
0.972 0.014 0.000 0.001 0.000 0.000 0.000 0.012 0.000
0.976 0.013 0.000 0.001 0.000 0.000 0.000 0.009 0.000
0.999 0.001 0.000 0.000 0.000 0.000 0.000 0.000 0.000
0.858 0.015 0.000 0.000 0.000 0.000 0.000 0.126 0.000
0.969 0.000 0.001 0.000 0.000 0.000 0.000 0.030 0.000
0.975 0.000 0.001 0.001 0.000 0.000 0.000 0.024 0.000
0.983 0.000 0.001 0.000 0.000 0.000 0.000 0.016 0.000
0.986 0.000 0.001 0.000 0.000 0.000 0.000 0.013 0.000
0.986 0.000 0.001 0.000 0.000 0.000 0.000 0.013 0.000
0.984 0.000 0.001 0.000 0.000 0.000 0.000 0.015 0.000
0.985 0.007 0.000 0.001 0.000 0.000 0.000 0.007 0.000
0.980 0.008 0.000 0.001 0.000 0.000 0.000 0.011 0.000
0.973 0.011 0.000 0.001 0.000 0.000 0.000 0.015 0.000
0.976 0.012 0.000 0.001 0.000 0.000 0.000 0.011 0.000
0.998 0.002 0.000 0.000 0.000 0.000 0.000 0.000 0.000
0.996 0.004 0.000 0.000 0.000 0.000 0.000 0.000 0.000
0.883 0.016 0.000 0.000 0.000 0.000 0.000 0.101 0.000
0.833 0.016 0.000 0.000 0.000 0.000 0.000 0.151 0.000
0.754 0.012 0.000 0.000 0.000 0.000 0.000 0.234 0.000
0.968 0.000 0.001 0.001 0.000 0.000 0.000 0.030 0.000
0.978 0.000 0.001 0.001 0.000 0.000 0.000 0.020 0.000
0.984 0.000 0.001 0.000 0.000 0.000 0.000 0.015 0.000
0.986 0.000 0.001 0.000 0.000 0.000 0.000 0.013 0.000
0.983 0.000 0.001 0.000 0.000 0.000 0.000 0.017 0.000
0.981 0.000 0.001 0.000 0.000 0.000 0.000 0.018 0.000
0.984 0.007 0.000 0.001 0.000 0.000 0.000 0.008 0.000
0.980 0.007 0.000 0.001 0.000 0.000 0.000 0.011 0.000
0.975 0.012 0.000 0.001 0.000 0.000 0.000 0.012 0.000
0.976 0.013 0.000 0.001 0.000 0.000 0.000 0.009 0.000
0.999 0.001 0.000 0.000 0.000 0.000 0.000 0.000 0.000
0.996 0.004 0.000 0.000 0.000 0.000 0.000 0.000 0.000
0.983 0.017 0.000 0.000 0.000 0.000 0.000 0.000 0.000
0.863 0.019 0.000 0.000 0.000 0.000 0.000 0.118 0.000
0.877 0.017 0.000 0.000 0.000 0.000 0.000 0.106 0.000
0.804 0.013 0.000 0.000 0.000 0.000 0.000 0.183 0.000
0.970 0.000 0.001 0.001 0.000 0.000 0.000 0.029 0.000
0.976 0.000 0.001 0.001 0.000 0.000 0.000 0.022 0.000
0.985 0.000 0.001 0.001 0.000 0.000 0.000 0.014 0.000
0.986 0.000 0.001 0.001 0.000 0.000 0.000 0.013 0.000
0.983 0.000 0.001 0.000 0.000 0.000 0.000 0.016 0.000
0.983 0.000 0.001 0.000 0.000 0.000 0.000 0.016 0.000
0.984 0.008 0.000 0.001 0.000 0.000 0.000 0.007 0.000
0.974 0.012 0.000 0.001 0.000 0.000 0.000 0.012 0.000
0.971 0.012 0.000 0.001 0.000 0.000 0.000 0.015 0.000
0.974 0.015 0.000 0.001 0.000 0.000 0.000 0.010 0.000
0.975 0.015 0.000 0.001 0.000 0.000 0.000 0.008 0.000
0.999 0.001 0.000 0.000 0.000 0.000 0.000 0.000 0.000
0.998 0.002 0.000 0.000 0.000 0.000 0.000 0.000 0.000
0.993 0.006 0.000 0.000 0.000 0.000 0.000 0.000 0.000
0.890 0.017 0.000 0.000 0.000 0.000 0.000 0.093 0.000
0.780 0.013 0.000 0.000 0.000 0.000 0.000 0.207 0.000
0.976 0.000 0.001 0.001 0.000 0.000 0.000 0.022 0.000
0.984 0.000 0.001 0.001 0.000 0.000 0.000 0.015 0.000
0.989 0.000 0.001 0.001 0.000 0.000 0.000 0.010 0.000
0.989 0.000 0.001 0.001 0.000 0.000 0.000 0.010 0.000
0.985 0.000 0.001 0.000 0.000 0.000 0.000 0.014 0.000
0.981 0.009 0.000 0.001 0.000 0.000 0.000 0.009 0.000
0.976 0.010 0.000 0.001 0.000 0.000 0.000 0.012 0.000
0.971 0.014 0.000 0.001 0.000 0.000 0.000 0.013 0.000
0.973 0.016 0.000 0.001 0.000 0.000 0.000 0.010 0.000
0.971 0.019 0.000 0.001 0.000 0.000 0.000 0.009 0.000
0.997 0.003 0.000 0.000 0.000 0.000 0.000 0.000 0.000
0.999 0.001 0.000 0.000 0.000 0.000 0.000 0.000 0.000
0.995 0.005 0.000 0.000 0.000 0.000 0.000 0.000 0.000
0.888 0.016 0.000 0.000 0.000 0.000 0.000 0.095 0.000
0.859 0.015 0.000 0.000 0.000 0.000 0.000 0.125 0.000
0.967 0.000 0.001 0.001 0.000 0.000 0.000 0.031 0.000
0.977 0.000 0.001 0.001 0.000 0.000 0.000 0.021 0.000
0.981 0.000 0.001 0.001 0.000 0.000 0.000 0.017 0.000
0.986 0.000 0.001 0.001 0.000 0.000 0.000 0.013 0.000
0.987 0.000 0.001 0.001 0.000 0.000 0.000 0.012 0.000
0.984 0.000 0.001 0.001 0.000 0.000 0.000 0.015 0.000
0.983 0.010 0.000 0.001 0.000 0.000 0.000 0.006 0.000
0.982 0.009 0.000 0.001 0.000 0.000 0.000 0.008 0.000
0.972 0.013 0.000 0.001 0.000 0.000 0.000 0.013 0.000
0.968 0.016 0.000 0.001 0.000 0.000 0.000 0.014 0.000
0.973 0.016 0.000 0.001 0.000 0.000 0.000 0.009 0.000
0.974 0.018 0.000 0.001 0.000 0.000 0.000 0.006 0.000
0.999 0.001 0.000 0.000 0.000 0.000 0.000 0.000 0.000
0.989 0.010 0.000 0.000 0.000 0.000 0.000 0.000 0.000
0.893 0.018 0.000 0.000 0.000 0.000 0.000 0.089 0.000
0.878 0.016 0.000 0.000 0.000 0.000 0.000 0.106 0.000
0.823 0.014 0.000 0.000 0.000 0.000 0.000 0.163 0.000
0.973 0.000 0.001 0.001 0.000 0.000 0.000 0.025 0.000
0.985 0.000 0.001 0.001 0.000 0.000 0.000 0.013 0.000
0.988 0.000 0.001 0.001 0.000 0.000 0.000 0.011 0.000
0.981 0.011 0.000 0.001 0.000 0.000 0.000 0.007 0.000
0.969 0.014 0.000 0.001 0.000 0.000 0.000 0.016 0.000
0.964 0.022 0.000 0.001 0.000 0.000 0.000 0.012 0.000
0.961 0.029 0.000 0.002 0.000 0.000 0.000 0.008 0.000
0.997 0.002 0.000 0.000 0.000 0.000 0.000 0.000 0.000
0.998 0.002 0.000 0.000 0.000 0.000 0.000 0.000 0.000
0.996 0.004 0.000 0.000 0.000 0.000 0.000 0.000 0.000
0.871 0.019 0.000 0.000 0.000 0.000 0.000 0.109 0.000
0.889 0.016 0.000 0.000 0.000 0.000 0.000 0.094 0.000
0.849 0.016 0.000 0.000 0.000 0.000 0.000 0.134 0.000
0.975 0.000 0.001 0.002 0.000 0.000 0.000 0.022 0.000
0.984 0.000 0.001 0.002 0.000 0.000 0.000 0.014 0.000
0.985 0.000 0.001 0.001 0.000 0.000 0.000 0.013 0.000
0.985 0.000 0.001 0.001 0.000 0.000 0.000 0.013 0.000
0.986 0.000 0.001 0.001 0.000 0.000 0.000 0.013 0.000
0.978 0.012 0.000 0.001 0.000 0.000 0.000 0.009 0.000
0.970 0.013 0.000 0.001 0.000 0.000 0.000 0.015 0.000
0.963 0.019 0.000 0.001 0.000 0.000 0.000 0.017 0.000
0.964 0.021 0.000 0.001 0.000 0.000 0.000 0.013 0.000
0.967 0.022 0.000 0.001 0.000 0.000 0.000 0.010 0.000
0.996 0.003 0.000 0.000 0.000 0.000 0.000 0.000 0.000
0.985 0.014 0.000 0.001 0.000 0.000 0.000 0.000 0.000
0.882 0.019 0.000 0.000 0.000 0.000 0.000 0.098 0.000
0.870 0.015 0.000 0.000 0.000 0.000 0.000 0.114 0.000
0.808 0.016 0.000 0.000 0.000 0.000 0.000 0.176 0.000
0.974 0.000 0.001 0.002 0.000 0.000 0.000 0.023 0.000
0.982 0.000 0.001 0.002 0.000 0.000 0.000 0.016 0.000
0.982 0.000 0.001 0.001 0.000 0.000 0.000 0.015 0.000
0.981 0.000 0.001 0.001 0.000 0.000 0.000 0.017 0.000
0.980 0.009 0.000 0.001 0.000 0.000 0.000 0.010 0.000
0.961 0.021 0.000 0.001 0.000 0.000 0.000 0.017 0.000
0.967 0.019 0.000 0.001 0.000 0.000 0.000 0.012 0.000
0.969 0.022 0.000 0.001 0.000 0.000 0.000 0.008 0.000
0.999 0.001 0.000 0.000 0.000 0.000 0.000 0.000 0.000
0.997 0.002 0.000 0.000 0.000 0.000 0.000 0.000 0.000
0.993 0.007 0.000 0.000 0.000 0.000 0.000 0.000 0.000
0.875 0.020 0.000 0.000 0.000 0.000 0.000 0.105 0.000
0.886 0.017 0.000 0.000 0.000 0.000 0.000 0.096 0.000
0.849 0.016 0.000 0.000 0.000 0.000 0.000 0.135 0.000
0.965 0.000 0.001 0.002 0.000 0.000 0.000 0.032 0.000
0.978 0.000 0.001 0.002 0.000 0.000 0.000 0.019 0.000
0.982 0.000 0.001 0.001 0.000 0.000 0.000 0.015 0.000
0.980 0.000 0.001 0.001 0.000 0.000 0.000 0.018 0.000
0.974 0.000 0.001 0.001 0.000 0.000 0.000 0.024 0.000
0.968 0.000 0.001 0.001 0.000 0.000 0.000 0.030 0.000
0.980 0.011 0.000 0.001 0.000 0.000 0.000 0.007 0.000
0.979 0.010 0.000 0.001 0.000 0.000 0.000 0.009 0.000
0.970 0.014 0.000 0.001 0.000 0.000 0.000 0.015 0.000
0.963 0.020 0.000 0.001 0.000 0.000 0.000 0.015 0.000
0.967 0.021 0.000 0.001 0.000 0.000 0.000 0.011 0.000
0.970 0.021 0.000 0.001 0.000 0.000 0.000 0.008 0.000
0.999 0.001 0.000 0.000 0.000 0.000 0.000 0.000 0.000
0.996 0.003 0.000 0.000 0.000 0.000 0.000 0.000 0.000
0.884 0.019 0.000 0.000 0.000 0.000 0.000 0.097 0.000
0.859 0.018 0.000 0.000 0.000 0.000 0.000 0.123 0.000
0.965 0.000 0.001 0.003 0.000 0.000 0.000 0.031 0.000
0.972 0.000 0.001 0.002 0.000 0.000 0.000 0.025 0.000
0.978 0.000 0.001 0.001 0.000 0.000 0.000 0.020 0.000
0.980 0.000 0.001 0.001 0.000 0.000 0.000 0.018 0.000
0.971 0.000 0.001 0.001 0.000 0.000 0.000 0.027 0.000
0.980 0.011 0.000 0.001 0.000 0.000 0.000 0.007 0.000
0.975 0.012 0.000 0.001 0.000 0.000 0.000 0.012 0.000
0.969 0.014 0.000 0.001 0.000 0.000 0.000 0.015 0.000
0.967 0.019 0.000 0.001 0.000 0.000 0.000 0.013 0.000
0.967 0.022 0.000 0.001 0.000 0.000 0.000 0.010 0.000
0.963 0.028 0.000 0.001 0.000 0.000 0.000 0.007 0.000
0.997 0.003 0.000 0.000 0.000 0.000 0.000 0.000 0.000
0.877 0.022 0.000 0.000 0.000 0.000 0.000 0.100 0.000
0.970 0.000 0.001 0.003 0.000 0.000 0.000 0.026 0.000
0.970 0.000 0.001 0.002 0.000 0.000 0.000 0.027 0.000
0.961 0.000 0.001 0.002 0.000 0.000 0.000 0.036 0.000
0.955 0.000 0.001 0.002 0.000 0.000 0.000 0.041 0.000
0.981 0.010 0.000 0.001 0.000 0.000 0.000 0.008 0.000
0.977 0.011 0.000 0.001 0.000 0.000 0.000 0.011 0.000
0.971 0.016 0.000 0.001 0.000 0.000 0.000 0.011 0.000
0.970 0.021 0.000 0.001 0.000 0.000 0.000 0.008 0.000
0.998 0.002 0.000 0.000 0.000 0.000 0.000 0.000 0.000
0.998 0.001 0.000 0.000 0.000 0.000 0.000 0.000 0.000
0.995 0.004 0.000 0.000 0.000 0.000 0.000 0.000 0.000
0.859 0.024 0.000 0.000 0.000 0.000 0.000 0.116 0.000
0.870 0.022 0.000 0.000 0.000 0.000 0.000 0.108 0.000
0.828 0.021 0.000 0.000 0.000 0.000 0.000 0.150 0.000
0.958 0.000 0.001 0.003 0.000 0.000 0.000 0.037 0.000
0.960 0.000 0.001 0.003 0.000 0.000 0.000 0.036 0.000
0.966 0.000 0.001 0.002 0.000 0.000 0.000 0.031 0.000
0.967 0.000 0.001 0.002 0.000 0.000 0.000 0.031 0.000
0.960 0.000 0.001 0.002 0.000 0.000 0.000 0.037 0.000
0.983 0.010 0.000 0.001 0.000 0.000 0.000 0.005 0.000
0.982 0.010 0.000 0.001 0.000 0.000 0.000 0.007 0.000
0.967 0.019 0.000 0.001 0.000 0.000 0.000 0.012 0.000
0.967 0.023 0.000 0.001 0.000 0.000 0.000 0.009 0.000
0.999 0.001 0.000 0.000 0.000 0.000 0.000 0.000 0.000
0.997 0.003 0.000 0.000 0.000 0.000 0.000 0.000 0.000
0.980 0.018 0.000 0.001 0.000 0.000 0.000 0.000 0.000
0.870 0.032 0.000 0.000 0.001 0.000 0.000 0.097 0.000
0.868 0.026 0.000 0.000 0.001 0.000 0.000 0.105 0.000
0.832 0.023 0.000 0.000 0.001 0.000 0.000 0.144 0.000
0.774 0.022 0.000 0.000 0.001 0.000 0.000 0.203 0.000
0.949 0.000 0.001 0.004 0.000 0.000 0.000 0.046 0.000
0.961 0.000 0.001 0.003 0.000 0.000 0.000 0.035 0.000
0.950 0.000 0.001 0.002 0.000 0.000 0.000 0.047 0.000
0.947 0.000 0.001 0.002 0.000 0.000 0.000 0.050 0.000
0.983 0.010 0.000 0.001 0.000 0.000 0.000 0.005 0.000
0.977 0.012 0.000 0.001 0.000 0.000 0.000 0.010 0.000
0.969 0.016 0.000 0.001 0.000 0.000 0.000 0.014 0.000
0.962 0.024 0.000 0.001 0.000 0.000 0.000 0.012 0.000
0.969 0.021 0.000 0.001 0.000 0.000 0.000 0.008 0.000
0.967 0.024 0.000 0.001 0.000 0.000 0.000 0.008 0.000
0.997 0.002 0.000 0.000 0.000 0.000 0.000 0.000 0.000
0.994 0.005 0.000 0.000 0.000 0.000 0.000 0.000 0.000
0.888 0.030 0.000 0.000 0.001 0.000 0.000 0.081 0.000
0.791 0.023 0.000 0.000 0.001 0.000 0.000 0.185 0.000
0.739 0.021 0.000 0.000 0.001 0.000 0.000 0.239 0.000
0.942 0.000 0.001 0.004 0.000 0.000 0.000 0.053 0.000
0.959 0.000 0.001 0.002 0.000 0.000 0.000 0.038 0.000
0.961 0.000 0.001 0.002 0.000 0.000 0.000 0.036 0.000
0.940 0.000 0.001 0.002 0.000 0.000 0.000 0.057 0.000
0.928 0.000 0.002 0.007 0.000 0.000 0.000 0.063 0.000
0.980 0.014 0.000 0.002 0.000 0.000 0.000 0.004 0.000
0.976 0.015 0.000 0.001 0.000 0.000 0.000 0.008 0.000
0.974 0.014 0.000 0.001 0.000 0.000 0.000 0.011 0.000
0.965 0.023 0.000 0.001 0.000 0.000 0.000 0.011 0.000
0.970 0.021 0.000 0.001 0.000 0.000 0.000 0.008 0.000
0.967 0.025 0.000 0.001 0.000 0.000 0.000 0.006 0.000
0.999 0.001 0.000 0.000 0.000 0.000 0.000 0.000 0.000
