0.968 0.032 0.000 0.000 0.000 0.000 0.000 0.000 0.000
0.990 0.010 0.000 0.000 0.000 0.000 0.000 0.000 0.000
0.981 0.019 0.000 0.000 0.000 0.000 0.000 0.000 0.000
0.974 0.021 0.000 0.000 0.000 0.000 0.000 0.005 0.000
0.986 0.011 0.000 0.000 0.000 0.000 0.000 0.003 0.000
0.990 0.007 0.000 0.000 0.000 0.000 0.000 0.003 0.000
0.992 0.006 0.000 0.000 0.000 0.000 0.000 0.002 0.000
0.993 0.005 0.000 0.000 0.000 0.000 0.000 0.002 0.000
0.992 0.005 0.000 0.000 0.000 0.000 0.000 0.003 0.000
0.993 0.004 0.000 0.000 0.000 0.000 0.000 0.003 0.000
0.995 0.003 0.000 0.000 0.000 0.000 0.000 0.003 0.000
0.996 0.002 0.000 0.000 0.000 0.000 0.000 0.002 0.000
0.995 0.002 0.000 0.000 0.000 0.000 0.000 0.003 0.000
0.995 0.002 0.000 0.000 0.000 0.000 0.000 0.003 0.000
0.998 0.001 0.000 0.000 0.000 0.000 0.000 0.002 0.000
0.885 0.100 0.008 0.000 0.000 0.000 0.000 0.007 0.000
0.839 0.141 0.009 0.000 0.000 0.000 0.000 0.011 0.000
0.825 0.153 0.008 0.000 0.000 0.000 0.000 0.014 0.000
0.827 0.154 0.007 0.000 0.000 0.000 0.000 0.012 0.000
0.874 0.111 0.005 0.000 0.000 0.000 0.000 0.010 0.000
0.937 0.054 0.003 0.000 0.000 0.000 0.000 0.006 0.000
0.964 0.034 0.001 0.000 0.000 0.000 0.000 0.001 0.000
0.884 0.113 0.001 0.000 0.000 0.000 0.000 0.001 0.000
0.989 0.011 0.000 0.000 0.000 0.000 0.000 0.000 0.000
0.981 0.019 0.000 0.000 0.000 0.000 0.000 0.000 0.000
0.949 0.051 0.000 0.000 0.000 0.000 0.000 0.000 0.000
0.978 0.015 0.000 0.000 0.000 0.000 0.000 0.007 0.000
0.985 0.010 0.000 0.000 0.000 0.000 0.000 0.005 0.000
0.989 0.007 0.000 0.000 0.000 0.000 0.000 0.003 0.000
0.991 0.006 0.000 0.000 0.000 0.000 0.000 0.003 0.000
0.990 0.006 0.000 0.000 0.000 0.000 0.000 0.004 0.000
0.988 0.006 0.000 0.000 0.000 0.000 0.000 0.006 0.000
0.992 0.004 0.000 0.000 0.000 0.000 0.000 0.005 0.000
0.994 0.002 0.000 0.000 0.000 0.000 0.000 0.003 0.000
0.995 0.001 0.000 0.000 0.000 0.000 0.000 0.003 0.000
0.994 0.001 0.000 0.000 0.000 0.000 0.000 0.004 0.000
0.993 0.001 0.000 0.000 0.000 0.000 0.000 0.006 0.000
0.995 0.001 0.000 0.000 0.000 0.000 0.000 0.004 0.000
0.871 0.109 0.008 0.000 0.000 0.000 0.000 0.012 0.000
0.853 0.121 0.009 0.000 0.000 0.000 0.000 0.017 0.000
0.891 0.090 0.006 0.000 0.000 0.000 0.000 0.013 0.000
0.935 0.056 0.003 0.000 0.000 0.000 0.000 0.006 0.000
0.969 0.028 0.001 0.000 0.000 0.000 0.000 0.002 0.000
0.959 0.038 0.001 0.000 0.000 0.000 0.000 0.001 0.000
0.926 0.072 0.001 0.000 0.000 0.000 0.000 0.001 0.000
0.944 0.054 0.001 0.000 0.000 0.000 0.000 0.001 0.000
0.877 0.120 0.001 0.000 0.000 0.000 0.000 0.002 0.000
0.977 0.023 0.000 0.000 0.000 0.000 0.000 0.000 0.000
0.988 0.012 0.000 0.000 0.000 0.000 0.000 0.000 0.000
0.981 0.019 0.000 0.000 0.000 0.000 0.000 0.000 0.000
0.986 0.008 0.000 0.000 0.000 0.000 0.000 0.005 0.000
0.990 0.006 0.000 0.000 0.000 0.000 0.000 0.004 0.000
0.990 0.006 0.000 0.000 0.000 0.000 0.000 0.004 0.000
0.988 0.005 0.000 0.000 0.000 0.000 0.000 0.007 0.000
0.987 0.004 0.000 0.000 0.000 0.000 0.000 0.009 0.000
0.991 0.003 0.000 0.000 0.000 0.000 0.000 0.006 0.000
0.993 0.002 0.000 0.000 0.000 0.000 0.000 0.005 0.000
0.994 0.002 0.000 0.000 0.000 0.000 0.000 0.004 0.000
0.995 0.001 0.000 0.000 0.000 0.000 0.000 0.004 0.000
0.994 0.001 0.000 0.000 0.000 0.000 0.000 0.005 0.000
0.991 0.001 0.000 0.000 0.000 0.000 0.000 0.008 0.000
0.989 0.001 0.000 0.000 0.000 0.000 0.000 0.010 0.000
0.991 0.001 0.000 0.000 0.000 0.000 0.000 0.008 0.000
0.996 0.000 0.000 0.000 0.000 0.000 0.000 0.004 0.000
0.996 0.000 0.000 0.000 0.000 0.000 0.000 0.003 0.000
0.996 0.000 0.000 0.000 0.000 0.000 0.000 0.004 0.000
0.913 0.069 0.006 0.000 0.000 0.000 0.000 0.012 0.000
0.948 0.043 0.003 0.000 0.000 0.000 0.000 0.005 0.000
0.973 0.024 0.002 0.000 0.000 0.000 0.000 0.002 0.000
0.956 0.041 0.001 0.000 0.000 0.000 0.000 0.001 0.000
0.938 0.059 0.001 0.000 0.000 0.000 0.000 0.001 0.000
0.938 0.059 0.001 0.000 0.000 0.000 0.000 0.001 0.000
0.954 0.044 0.001 0.000 0.000 0.000 0.000 0.001 0.000
0.946 0.051 0.001 0.000 0.000 0.000 0.000 0.002 0.000
0.952 0.048 0.000 0.000 0.000 0.000 0.000 0.000 0.000
0.993 0.007 0.000 0.000 0.000 0.000 0.000 0.000 0.000
0.985 0.015 0.000 0.000 0.000 0.000 0.000 0.000 0.000
0.932 0.068 0.000 0.000 0.000 0.000 0.000 0.000 0.000
0.977 0.013 0.000 0.000 0.000 0.000 0.000 0.010 0.000
0.982 0.010 0.000 0.000 0.000 0.000 0.000 0.008 0.000
0.986 0.008 0.000 0.000 0.000 0.000 0.000 0.006 0.000
0.988 0.007 0.000 0.000 0.000 0.000 0.000 0.005 0.000
0.984 0.008 0.000 0.000 0.000 0.000 0.000 0.008 0.000
0.982 0.006 0.000 0.000 0.000 0.000 0.000 0.012 0.000
0.988 0.003 0.000 0.000 0.000 0.000 0.000 0.009 0.000
0.990 0.003 0.000 0.000 0.000 0.000 0.000 0.007 0.000
0.994 0.001 0.000 0.000 0.000 0.000 0.000 0.005 0.000
0.992 0.001 0.000 0.000 0.000 0.000 0.000 0.006 0.000
0.991 0.001 0.000 0.000 0.000 0.000 0.000 0.008 0.000
0.986 0.001 0.000 0.000 0.000 0.000 0.000 0.013 0.000
0.984 0.001 0.000 0.000 0.000 0.000 0.000 0.015 0.000
0.994 0.000 0.000 0.000 0.000 0.000 0.000 0.006 0.000
0.994 0.000 0.000 0.000 0.000 0.000 0.000 0.005 0.000
0.994 0.000 0.000 0.000 0.000 0.000 0.000 0.006 0.000
0.994 0.002 0.000 0.000 0.000 0.000 0.000 0.004 0.000
0.996 0.002 0.000 0.000 0.000 0.000 0.000 0.002 0.000
0.930 0.067 0.002 0.000 0.000 0.000 0.000 0.002 0.000
0.951 0.046 0.001 0.000 0.000 0.000 0.000 0.001 0.000
0.945 0.052 0.001 0.000 0.000 0.000 0.000 0.002 0.000
0.939 0.057 0.001 0.000 0.000 0.000 0.000 0.002 0.000
0.935 0.062 0.001 0.000 0.000 0.000 0.000 0.002 0.000
0.953 0.044 0.001 0.000 0.000 0.000 0.000 0.001 0.000
0.964 0.033 0.001 0.000 0.000 0.000 0.000 0.002 0.000
0.990 0.010 0.000 0.000 0.000 0.000 0.000 0.000 0.000
0.986 0.014 0.000 0.000 0.000 0.000 0.000 0.000 0.000
0.971 0.029 0.000 0.000 0.000 0.000 0.000 0.000 0.000
0.972 0.015 0.000 0.000 0.000 0.000 0.000 0.013 0.000
0.980 0.009 0.000 0.000 0.000 0.000 0.000 0.011 0.000
0.973 0.006 0.000 0.000 0.000 0.000 0.000 0.021 0.000
0.976 0.005 0.000 0.000 0.000 0.000 0.000 0.019 0.000
0.975 0.004 0.000 0.000 0.000 0.000 0.000 0.020 0.000
0.980 0.003 0.000 0.000 0.000 0.000 0.000 0.016 0.000
0.982 0.002 0.000 0.000 0.000 0.000 0.000 0.015 0.000
0.987 0.002 0.000 0.000 0.000 0.000 0.000 0.011 0.000
0.987 0.001 0.000 0.000 0.000 0.000 0.000 0.012 0.000
0.983 0.001 0.000 0.000 0.000 0.000 0.000 0.015 0.000
0.992 0.000 0.000 0.000 0.000 0.000 0.000 0.008 0.000
0.993 0.002 0.000 0.000 0.000 0.000 0.000 0.004 0.000
0.987 0.005 0.000 0.000 0.000 0.000 0.000 0.009 0.000
0.909 0.085 0.002 0.000 0.000 0.000 0.000 0.003 0.000
0.954 0.043 0.001 0.000 0.000 0.000 0.000 0.002 0.000
0.965 0.031 0.001 0.000 0.000 0.000 0.000 0.002 0.000
0.947 0.048 0.001 0.000 0.000 0.000 0.000 0.003 0.000
0.916 0.080 0.001 0.000 0.000 0.000 0.000 0.003 0.000
0.936 0.060 0.001 0.000 0.000 0.000 0.000 0.002 0.000
0.952 0.045 0.001 0.000 0.000 0.000 0.000 0.002 0.000
0.972 0.024 0.001 0.000 0.000 0.000 0.000 0.003 0.000
0.988 0.012 0.000 0.000 0.000 0.000 0.000 0.000 0.000
0.980 0.020 0.000 0.000 0.000 0.000 0.000 0.000 0.000
0.955 0.017 0.000 0.000 0.000 0.000 0.000 0.028 0.000
0.966 0.014 0.000 0.000 0.000 0.000 0.000 0.020 0.000
0.977 0.010 0.000 0.000 0.000 0.000 0.000 0.013 0.000
0.964 0.003 0.000 0.000 0.000 0.000 0.000 0.033 0.000
0.965 0.003 0.000 0.000 0.000 0.000 0.000 0.032 0.000
0.977 0.002 0.000 0.000 0.000 0.000 0.000 0.022 0.000
0.979 0.001 0.000 0.000 0.000 0.000 0.000 0.020 0.000
0.978 0.001 0.000 0.000 0.000 0.000 0.000 0.021 0.000
0.990 0.000 0.000 0.000 0.000 0.000 0.000 0.010 0.000
0.987 0.000 0.000 0.000 0.000 0.000 0.000 0.013 0.000
0.986 0.000 0.000 0.000 0.000 0.000 0.000 0.014 0.000
0.984 0.000 0.000 0.000 0.000 0.000 0.000 0.015 0.000
0.903 0.089 0.002 0.000 0.000 0.000 0.000 0.005 0.000
0.914 0.079 0.002 0.000 0.000 0.000 0.000 0.004 0.000
0.965 0.031 0.001 0.000 0.000 0.000 0.000 0.003 0.000
0.955 0.039 0.001 0.000 0.000 0.000 0.000 0.004 0.000
0.940 0.055 0.001 0.000 0.000 0.000 0.000 0.004 0.000
0.943 0.053 0.001 0.000 0.000 0.000 0.000 0.002 0.000
0.958 0.039 0.001 0.000 0.000 0.000 0.000 0.002 0.000
0.970 0.027 0.000 0.000 0.000 0.000 0.000 0.002 0.000
0.975 0.021 0.000 0.000 0.000 0.000 0.000 0.003 0.000
0.988 0.012 0.000 0.000 0.000 0.000 0.000 0.000 0.000
0.981 0.019 0.000 0.000 0.000 0.000 0.000 0.000 0.000
0.962 0.038 0.000 0.000 0.000 0.000 0.000 0.000 0.000
0.934 0.020 0.000 0.000 0.000 0.000 0.000 0.047 0.000
0.948 0.016 0.000 0.000 0.000 0.000 0.000 0.036 0.000
0.955 0.013 0.000 0.000 0.000 0.000 0.000 0.032 0.000
0.943 0.002 0.000 0.000 0.000 0.000 0.000 0.055 0.000
0.957 0.002 0.000 0.000 0.000 0.000 0.000 0.041 0.000
0.968 0.001 0.000 0.000 0.000 0.000 0.000 0.031 0.000
0.968 0.001 0.000 0.000 0.000 0.000 0.000 0.031 0.000
0.963 0.001 0.000 0.000 0.000 0.000 0.000 0.037 0.000
0.988 0.000 0.000 0.000 0.000 0.000 0.000 0.011 0.000
0.989 0.000 0.000 0.000 0.000 0.000 0.000 0.011 0.000
0.984 0.000 0.000 0.000 0.000 0.000 0.000 0.015 0.000
0.988 0.001 0.000 0.000 0.000 0.000 0.000 0.011 0.000
0.987 0.004 0.000 0.000 0.000 0.000 0.000 0.009 0.000
0.971 0.025 0.001 0.000 0.000 0.000 0.000 0.003 0.000
0.977 0.019 0.001 0.000 0.000 0.000 0.000 0.003 0.000
0.976 0.019 0.001 0.000 0.000 0.000 0.000 0.004 0.000
0.942 0.051 0.001 0.000 0.000 0.000 0.000 0.005 0.000
0.949 0.047 0.001 0.000 0.000 0.000 0.000 0.004 0.000
0.949 0.047 0.001 0.000 0.000 0.000 0.000 0.003 0.000
0.967 0.030 0.000 0.000 0.000 0.000 0.000 0.002 0.000
0.976 0.020 0.000 0.000 0.000 0.000 0.000 0.003 0.000
0.966 0.034 0.000 0.000 0.000 0.000 0.000 0.000 0.000
0.974 0.025 0.000 0.000 0.000 0.000 0.000 0.000 0.000
0.924 0.019 0.000 0.000 0.000 0.000 0.000 0.058 0.000
0.935 0.015 0.000 0.000 0.000 0.000 0.000 0.050 0.000
0.933 0.001 0.000 0.000 0.000 0.000 0.000 0.066 0.000
0.943 0.001 0.000 0.000 0.000 0.000 0.000 0.056 0.000
0.950 0.001 0.000 0.000 0.000 0.000 0.000 0.049 0.000
0.952 0.001 0.000 0.000 0.000 0.000 0.000 0.047 0.000
0.939 0.000 0.000 0.000 0.000 0.000 0.000 0.061 0.000
0.937 0.000 0.000 0.000 0.000 0.000 0.000 0.062 0.000
0.909 0.001 0.000 0.000 0.000 0.000 0.000 0.090 0.000
0.991 0.000 0.000 0.000 0.000 0.000 0.000 0.009 0.000
0.989 0.000 0.000 0.000 0.000 0.000 0.000 0.011 0.000
0.989 0.000 0.000 0.000 0.000 0.000 0.000 0.011 0.000
0.988 0.000 0.000 0.000 0.000 0.000 0.000 0.011 0.000
0.988 0.002 0.000 0.000 0.000 0.000 0.000 0.010 0.000
0.989 0.003 0.000 0.000 0.000 0.000 0.000 0.008 0.000
0.971 0.026 0.001 0.000 0.000 0.000 0.000 0.002 0.000
0.978 0.019 0.001 0.000 0.000 0.000 0.000 0.002 0.000
0.977 0.017 0.001 0.000 0.000 0.000 0.000 0.005 0.000
0.965 0.029 0.001 0.000 0.000 0.000 0.000 0.005 0.000
0.958 0.037 0.001 0.000 0.000 0.000 0.000 0.004 0.000
0.952 0.044 0.000 0.000 0.000 0.000 0.000 0.003 0.000
0.960 0.036 0.000 0.000 0.000 0.000 0.000 0.003 0.000
0.984 0.013 0.000 0.000 0.000 0.000 0.000 0.003 0.000
0.865 0.135 0.000 0.000 0.000 0.000 0.000 0.000 0.000
0.978 0.022 0.000 0.000 0.000 0.000 0.000 0.000 0.000
0.904 0.020 0.000 0.000 0.000 0.000 0.000 0.076 0.000
0.912 0.015 0.000 0.000 0.000 0.000 0.000 0.073 0.000
0.921 0.012 0.000 0.000 0.000 0.000 0.000 0.067 0.000
0.929 0.001 0.000 0.000 0.000 0.000 0.000 0.071 0.000
0.926 0.000 0.000 0.000 0.000 0.000 0.000 0.074 0.000
0.925 0.000 0.000 0.000 0.000 0.000 0.000 0.075 0.000
0.884 0.000 0.000 0.000 0.000 0.000 0.000 0.115 0.000
0.982 0.000 0.000 0.000 0.000 0.000 0.000 0.018 0.000
0.998 0.000 0.000 0.000 0.000 0.000 0.000 0.002 0.000
0.990 0.000 0.000 0.000 0.000 0.000 0.000 0.010 0.000
0.989 0.000 0.000 0.000 0.000 0.000 0.000 0.011 0.000
0.989 0.000 0.000 0.000 0.000 0.000 0.000 0.010 0.000
0.989 0.000 0.000 0.000 0.000 0.000 0.000 0.011 0.000
0.988 0.001 0.000 0.000 0.000 0.000 0.000 0.011 0.000
0.987 0.001 0.000 0.000 0.000 0.000 0.000 0.012 0.000
0.969 0.028 0.001 0.000 0.000 0.000 0.000 0.002 0.000
0.980 0.016 0.001 0.000 0.000 0.000 0.000 0.003 0.000
0.977 0.018 0.001 0.000 0.000 0.000 0.000 0.004 0.000
0.966 0.027 0.001 0.000 0.000 0.000 0.000 0.006 0.000
0.962 0.032 0.001 0.000 0.000 0.000 0.000 0.005 0.000
0.959 0.036 0.000 0.000 0.000 0.000 0.000 0.004 0.000
0.964 0.033 0.000 0.000 0.000 0.000 0.000 0.003 0.000
0.972 0.024 0.000 0.000 0.000 0.000 0.000 0.003 0.000
0.980 0.020 0.000 0.000 0.000 0.000 0.000 0.000 0.000
0.970 0.030 0.000 0.000 0.000 0.000 0.000 0.000 0.000
0.867 0.026 0.000 0.000 0.000 0.000 0.000 0.107 0.000
0.888 0.017 0.000 0.000 0.000 0.000 0.000 0.095 0.000
0.899 0.013 0.000 0.000 0.000 0.000 0.000 0.088 0.000
0.902 0.000 0.000 0.000 0.000 0.000 0.000 0.097 0.000
0.891 0.000 0.000 0.000 0.000 0.000 0.000 0.109 0.000
0.943 0.000 0.000 0.000 0.000 0.000 0.000 0.056 0.000
0.961 0.001 0.000 0.000 0.000 0.000 0.000 0.038 0.000
0.965 0.001 0.000 0.000 0.000 0.000 0.000 0.034 0.000
0.893 0.000 0.000 0.000 0.000 0.000 0.000 0.106 0.000
0.991 0.000 0.000 0.000 0.000 0.000 0.000 0.009 0.000
0.989 0.000 0.000 0.000 0.000 0.000 0.000 0.011 0.000
0.989 0.000 0.000 0.000 0.000 0.000 0.000 0.011 0.000
0.987 0.000 0.000 0.000 0.000 0.000 0.000 0.013 0.000
0.986 0.001 0.000 0.000 0.000 0.000 0.000 0.013 0.000
0.973 0.023 0.001 0.000 0.000 0.000 0.000 0.003 0.000
0.981 0.015 0.000 0.000 0.000 0.000 0.000 0.004 0.000
0.965 0.027 0.001 0.000 0.000 0.000 0.000 0.007 0.000
0.968 0.025 0.001 0.000 0.000 0.000 0.000 0.006 0.000
0.965 0.030 0.000 0.000 0.000 0.000 0.000 0.004 0.000
0.964 0.031 0.000 0.000 0.000 0.000 0.000 0.004 0.000
0.969 0.027 0.000 0.000 0.000 0.000 0.000 0.003 0.000
0.901 0.099 0.000 0.000 0.000 0.000 0.000 0.000 0.000
0.989 0.011 0.000 0.000 0.000 0.000 0.000 0.000 0.000
0.979 0.021 0.000 0.000 0.000 0.000 0.000 0.000 0.000
0.885 0.015 0.000 0.000 0.000 0.000 0.000 0.100 0.000
0.876 0.012 0.000 0.000 0.000 0.000 0.000 0.113 0.000
0.862 0.012 0.000 0.000 0.000 0.000 0.000 0.126 0.000
0.917 0.000 0.000 0.000 0.000 0.000 0.000 0.082 0.000
0.922 0.000 0.000 0.000 0.000 0.000 0.000 0.077 0.000
0.904 0.000 0.000 0.000 0.000 0.000 0.000 0.095 0.000
0.904 0.000 0.000 0.000 0.000 0.000 0.000 0.096 0.000
0.901 0.000 0.000 0.000 0.000 0.000 0.000 0.099 0.000
0.915 0.000 0.000 0.000 0.000 0.000 0.000 0.085 0.000
0.989 0.000 0.000 0.000 0.000 0.000 0.000 0.011 0.000
0.989 0.000 0.000 0.000 0.000 0.000 0.000 0.011 0.000
0.988 0.000 0.000 0.000 0.000 0.000 0.000 0.012 0.000
0.986 0.000 0.000 0.000 0.000 0.000 0.000 0.013 0.000
0.973 0.023 0.000 0.000 0.000 0.000 0.000 0.003 0.000
0.977 0.019 0.000 0.000 0.000 0.000 0.000 0.003 0.000
0.983 0.011 0.000 0.000 0.000 0.000 0.000 0.005 0.000
0.980 0.013 0.000 0.000 0.000 0.000 0.000 0.006 0.000
0.964 0.028 0.000 0.000 0.000 0.000 0.000 0.007 0.000
0.965 0.028 0.000 0.000 0.000 0.000 0.000 0.006 0.000
0.971 0.024 0.000 0.000 0.000 0.000 0.000 0.004 0.000
0.971 0.025 0.000 0.000 0.000 0.000 0.000 0.004 0.000
0.987 0.013 0.000 0.000 0.000 0.000 0.000 0.000 0.000
0.981 0.019 0.000 0.000 0.000 0.000 0.000 0.000 0.000
0.965 0.035 0.000 0.000 0.000 0.000 0.000 0.000 0.000
0.857 0.022 0.000 0.000 0.000 0.000 0.000 0.121 0.000
0.876 0.015 0.000 0.000 0.000 0.000 0.000 0.109 0.000
0.859 0.012 0.000 0.000 0.000 0.000 0.000 0.129 0.000
0.924 0.000 0.000 0.000 0.000 0.000 0.000 0.076 0.000
0.916 0.000 0.000 0.000 0.000 0.000 0.000 0.083 0.000
0.904 0.000 0.000 0.000 0.000 0.000 0.000 0.096 0.000
0.912 0.000 0.000 0.000 0.000 0.000 0.000 0.088 0.000
0.991 0.000 0.000 0.000 0.000 0.000 0.000 0.009 0.000
0.989 0.000 0.000 0.000 0.000 0.000 0.000 0.011 0.000
0.990 0.000 0.000 0.000 0.000 0.000 0.000 0.010 0.000
0.976 0.019 0.000 0.000 0.000 0.000 0.000 0.004 0.000
0.979 0.016 0.000 0.000 0.000 0.000 0.000 0.004 0.000
0.977 0.015 0.000 0.000 0.000 0.000 0.000 0.007 0.000
0.967 0.025 0.000 0.000 0.000 0.000 0.000 0.007 0.000
0.969 0.026 0.000 0.000 0.000 0.000 0.000 0.005 0.000
0.967 0.028 0.000 0.000 0.000 0.000 0.000 0.004 0.000
0.968 0.032 0.000 0.000 0.000 0.000 0.000 0.000 0.000
0.989 0.011 0.000 0.000 0.000 0.000 0.000 0.000 0.000
0.812 0.029 0.000 0.000 0.000 0.000 0.000 0.159 0.000
0.859 0.018 0.000 0.000 0.000 0.000 0.000 0.123 0.000
0.851 0.015 0.000 0.000 0.000 0.000 0.000 0.134 0.000
0.911 0.000 0.000 0.000 0.000 0.000 0.000 0.089 0.000
0.888 0.000 0.000 0.000 0.000 0.000 0.000 0.112 0.000
0.896 0.000 0.000 0.000 0.000 0.000 0.000 0.104 0.000
0.920 0.000 0.000 0.000 0.000 0.000 0.000 0.080 0.000
0.992 0.000 0.000 0.000 0.000 0.000 0.000 0.008 0.000
0.992 0.000 0.000 0.000 0.000 0.000 0.000 0.008 0.000
0.987 0.000 0.000 0.000 0.000 0.000 0.000 0.013 0.000
0.978 0.017 0.000 0.000 0.000 0.000 0.000 0.004 0.000
0.983 0.011 0.000 0.000 0.000 0.000 0.000 0.006 0.000
0.974 0.017 0.000 0.000 0.000 0.000 0.000 0.008 0.000
0.967 0.024 0.000 0.000 0.000 0.000 0.000 0.008 0.000
0.972 0.021 0.000 0.000 0.000 0.000 0.000 0.007 0.000
0.982 0.018 0.000 0.000 0.000 0.000 0.000 0.000 0.000
0.937 0.063 0.000 0.000 0.000 0.000 0.000 0.000 0.000
0.838 0.019 0.000 0.000 0.000 0.000 0.000 0.142 0.000
0.847 0.016 0.000 0.000 0.000 0.000 0.000 0.138 0.000
0.897 0.000 0.000 0.000 0.000 0.000 0.000 0.103 0.000
0.904 0.000 0.000 0.000 0.000 0.000 0.000 0.096 0.000
0.926 0.000 0.000 0.000 0.000 0.000 0.000 0.073 0.000
0.947 0.000 0.000 0.000 0.000 0.000 0.000 0.052 0.000
0.987 0.000 0.000 0.000 0.000 0.000 0.000 0.013 0.000
0.990 0.000 0.000 0.000 0.000 0.000 0.000 0.010 0.000
0.980 0.015 0.000 0.000 0.000 0.000 0.000 0.004 0.000
0.978 0.016 0.000 0.000 0.000 0.000 0.000 0.005 0.000
0.981 0.012 0.000 0.000 0.000 0.000 0.000 0.007 0.000
0.975 0.015 0.000 0.000 0.000 0.000 0.000 0.010 0.000
0.968 0.021 0.000 0.000 0.000 0.000 0.000 0.011 0.000
0.960 0.029 0.000 0.000 0.000 0.000 0.000 0.011 0.000
0.959 0.030 0.000 0.000 0.000 0.000 0.000 0.011 0.000
0.976 0.017 0.000 0.000 0.000 0.000 0.000 0.006 0.000
0.984 0.016 0.000 0.000 0.000 0.000 0.000 0.000 0.000
0.841 0.019 0.000 0.000 0.000 0.000 0.000 0.140 0.000
0.831 0.015 0.000 0.000 0.000 0.000 0.000 0.154 0.000
0.919 0.000 0.000 0.000 0.000 0.000 0.000 0.081 0.000
0.913 0.000 0.000 0.000 0.000 0.000 0.000 0.087 0.000
0.925 0.000 0.000 0.000 0.000 0.000 0.000 0.075 0.000
0.937 0.000 0.000 0.000 0.000 0.000 0.000 0.063 0.000
0.989 0.000 0.000 0.000 0.000 0.000 0.000 0.011 0.000
0.988 0.000 0.000 0.000 0.000 0.000 0.000 0.012 0.000
0.987 0.000 0.000 0.000 0.000 0.000 0.000 0.013 0.000
0.982 0.012 0.000 0.000 0.000 0.000 0.000 0.004 0.000
0.982 0.011 0.000 0.000 0.000 0.000 0.000 0.006 0.000
0.981 0.011 0.000 0.000 0.000 0.000 0.000 0.007 0.000
0.976 0.012 0.000 0.000 0.000 0.000 0.000 0.011 0.000
0.967 0.016 0.000 0.000 0.000 0.000 0.000 0.016 0.000
0.977 0.015 0.000 0.000 0.000 0.000 0.000 0.007 0.000
0.977 0.016 0.000 0.000 0.000 0.000 0.000 0.007 0.000
0.982 0.018 0.000 0.000 0.000 0.000 0.000 0.000 0.000
0.934 0.066 0.000 0.000 0.000 0.000 0.000 0.000 0.000
0.838 0.015 0.000 0.000 0.000 0.000 0.000 0.146 0.000
0.921 0.000 0.000 0.000 0.000 0.000 0.000 0.078 0.000
0.935 0.000 0.000 0.000 0.000 0.000 0.000 0.065 0.000
0.929 0.000 0.000 0.000 0.000 0.000 0.000 0.071 0.000
0.934 0.000 0.000 0.000 0.000 0.000 0.000 0.065 0.000
0.863 0.000 0.000 0.000 0.000 0.000 0.000 0.137 0.000
0.986 0.000 0.000 0.000 0.000 0.000 0.000 0.014 0.000
0.987 0.000 0.000 0.000 0.000 0.000 0.000 0.012 0.000
0.986 0.000 0.000 0.000 0.000 0.000 0.000 0.014 0.000
0.980 0.000 0.000 0.000 0.000 0.000 0.000 0.020 0.000
0.981 0.012 0.000 0.000 0.000 0.000 0.000 0.006 0.000
0.984 0.008 0.000 0.000 0.000 0.000 0.000 0.008 0.000
0.966 0.008 0.000 0.000 0.000 0.000 0.000 0.026 0.000
0.972 0.011 0.000 0.000 0.000 0.000 0.000 0.016 0.000
0.976 0.014 0.000 0.000 0.000 0.000 0.000 0.010 0.000
0.982 0.018 0.000 0.000 0.000 0.000 0.000 0.000 0.000
0.968 0.032 0.000 0.000 0.000 0.000 0.000 0.000 0.000
0.824 0.024 0.000 0.000 0.000 0.000 0.000 0.152 0.000
0.832 0.019 0.000 0.000 0.000 0.000 0.000 0.149 0.000
0.823 0.014 0.000 0.000 0.000 0.000 0.000 0.162 0.000
0.866 0.000 0.000 0.000 0.000 0.000 0.000 0.134 0.000
0.896 0.000 0.000 0.000 0.000 0.000 0.000 0.104 0.000
0.970 0.000 0.000 0.000 0.000 0.000 0.000 0.030 0.000
0.824 0.000 0.000 0.000 0.000 0.000 0.000 0.176 0.000
0.941 0.000 0.000 0.000 0.000 0.000 0.000 0.058 0.000
0.970 0.000 0.000 0.000 0.000 0.000 0.000 0.030 0.000
0.976 0.000 0.000 0.000 0.000 0.000 0.000 0.024 0.000
0.983 0.000 0.000 0.000 0.000 0.000 0.000 0.017 0.000
0.986 0.000 0.000 0.000 0.000 0.000 0.000 0.014 0.000
0.975 0.000 0.000 0.000 0.000 0.000 0.000 0.025 0.000
0.985 0.006 0.000 0.000 0.000 0.000 0.000 0.009 0.000
0.971 0.016 0.000 0.000 0.000 0.000 0.000 0.013 0.000
0.978 0.012 0.000 0.000 0.000 0.000 0.000 0.009 0.000
0.977 0.014 0.000 0.000 0.000 0.000 0.000 0.008 0.000
0.950 0.050 0.000 0.000 0.000 0.000 0.000 0.000 0.000
0.991 0.009 0.000 0.000 0.000 0.000 0.000 0.000 0.000
0.979 0.021 0.000 0.000 0.000 0.000 0.000 0.000 0.000
0.815 0.185 0.000 0.000 0.000 0.000 0.000 0.000 0.000
0.785 0.049 0.000 0.000 0.000 0.000 0.000 0.166 0.000
0.824 0.022 0.000 0.000 0.000 0.000 0.000 0.154 0.000
0.808 0.017 0.000 0.000 0.000 0.000 0.000 0.175 0.000
0.958 0.000 0.000 0.000 0.000 0.000 0.000 0.042 0.000
0.962 0.000 0.000 0.000 0.000 0.000 0.000 0.038 0.000
0.953 0.000 0.000 0.000 0.000 0.000 0.000 0.047 0.000
0.955 0.000 0.000 0.000 0.000 0.000 0.000 0.045 0.000
0.867 0.000 0.000 0.000 0.000 0.000 0.000 0.133 0.000
0.921 0.000 0.000 0.000 0.000 0.000 0.000 0.079 0.000
0.920 0.000 0.000 0.000 0.000 0.000 0.000 0.080 0.000
0.940 0.000 0.000 0.000 0.000 0.000 0.000 0.060 0.000
0.933 0.000 0.000 0.000 0.000 0.000 0.000 0.067 0.000
0.943 0.000 0.000 0.000 0.000 0.000 0.000 0.057 0.000
0.962 0.000 0.000 0.000 0.000 0.000 0.000 0.038 0.000
0.977 0.000 0.000 0.000 0.000 0.000 0.000 0.022 0.000
0.982 0.000 0.000 0.000 0.000 0.000 0.000 0.018 0.000
0.984 0.000 0.000 0.000 0.000 0.000 0.000 0.016 0.000
0.981 0.000 0.000 0.000 0.000 0.000 0.000 0.018 0.000
0.982 0.009 0.000 0.000 0.000 0.000 0.000 0.008 0.000
0.976 0.010 0.000 0.000 0.000 0.000 0.000 0.014 0.000
0.968 0.014 0.000 0.000 0.000 0.000 0.000 0.017 0.000
0.972 0.014 0.000 0.000 0.000 0.000 0.000 0.014 0.000
0.978 0.011 0.000 0.000 0.000 0.000 0.000 0.011 0.000
0.975 0.015 0.000 0.000 0.000 0.000 0.000 0.009 0.000
0.993 0.007 0.000 0.000 0.000 0.000 0.000 0.000 0.000
0.983 0.017 0.000 0.000 0.000 0.000 0.000 0.000 0.000
0.960 0.040 0.000 0.000 0.000 0.000 0.000 0.000 0.000
0.809 0.020 0.000 0.000 0.000 0.000 0.000 0.171 0.000
0.825 0.018 0.000 0.000 0.000 0.000 0.000 0.157 0.000
0.792 0.015 0.000 0.000 0.000 0.000 0.000 0.193 0.000
0.941 0.000 0.000 0.000 0.000 0.000 0.000 0.059 0.000
0.950 0.000 0.000 0.000 0.000 0.000 0.000 0.049 0.000
0.949 0.000 0.000 0.000 0.000 0.000 0.000 0.051 0.000
0.943 0.000 0.000 0.000 0.000 0.000 0.000 0.057 0.000
0.945 0.000 0.000 0.000 0.000 0.000 0.000 0.055 0.000
0.941 0.000 0.000 0.000 0.000 0.000 0.000 0.059 0.000
0.944 0.000 0.000 0.000 0.000 0.000 0.000 0.056 0.000
0.936 0.000 0.000 0.000 0.000 0.000 0.000 0.064 0.000
0.949 0.000 0.000 0.000 0.000 0.000 0.000 0.050 0.000
0.961 0.000 0.000 0.000 0.000 0.000 0.000 0.039 0.000
0.976 0.000 0.000 0.000 0.000 0.000 0.000 0.023 0.000
0.980 0.000 0.000 0.000 0.000 0.000 0.000 0.020 0.000
0.979 0.000 0.000 0.000 0.000 0.000 0.000 0.021 0.000
0.976 0.000 0.000 0.000 0.000 0.000 0.000 0.024 0.000
0.981 0.009 0.000 0.000 0.000 0.000 0.000 0.010 0.000
0.979 0.007 0.000 0.000 0.000 0.000 0.000 0.013 0.000
0.972 0.010 0.000 0.000 0.000 0.000 0.000 0.017 0.000
0.968 0.016 0.000 0.000 0.000 0.000 0.000 0.015 0.000
0.972 0.014 0.000 0.000 0.000 0.000 0.000 0.013 0.000
0.977 0.012 0.000 0.000 0.000 0.000 0.000 0.009 0.000
0.973 0.027 0.000 0.000 0.000 0.000 0.000 0.000 0.000
0.989 0.011 0.000 0.000 0.000 0.000 0.000 0.000 0.000
0.978 0.022 0.000 0.000 0.000 0.000 0.000 0.000 0.000
0.828 0.019 0.000 0.000 0.000 0.000 0.000 0.153 0.000
0.801 0.016 0.000 0.000 0.000 0.000 0.000 0.183 0.000
0.923 0.000 0.000 0.000 0.000 0.000 0.000 0.077 0.000
0.936 0.000 0.000 0.000 0.000 0.000 0.000 0.063 0.000
0.943 0.000 0.000 0.000 0.000 0.000 0.000 0.057 0.000
0.950 0.000 0.000 0.000 0.000 0.000 0.000 0.050 0.000
0.944 0.000 0.000 0.000 0.000 0.000 0.000 0.056 0.000
0.937 0.000 0.000 0.000 0.000 0.000 0.000 0.063 0.000
0.943 0.000 0.000 0.000 0.000 0.000 0.000 0.056 0.000
0.954 0.000 0.000 0.000 0.000 0.000 0.000 0.046 0.000
0.966 0.000 0.000 0.000 0.000 0.000 0.000 0.034 0.000
0.973 0.000 0.000 0.000 0.000 0.000 0.000 0.027 0.000
0.979 0.000 0.000 0.000 0.000 0.000 0.000 0.021 0.000
0.983 0.007 0.000 0.000 0.000 0.000 0.000 0.009 0.000
0.978 0.007 0.000 0.000 0.000 0.000 0.000 0.014 0.000
0.962 0.013 0.000 0.000 0.000 0.000 0.000 0.024 0.000
0.964 0.015 0.000 0.000 0.000 0.000 0.000 0.020 0.000
0.975 0.013 0.000 0.000 0.000 0.000 0.000 0.012 0.000
0.974 0.015 0.000 0.000 0.000 0.000 0.000 0.011 0.000
0.994 0.005 0.000 0.000 0.000 0.000 0.000 0.000 0.000
0.982 0.018 0.000 0.000 0.000 0.000 0.000 0.000 0.000
0.927 0.073 0.000 0.000 0.000 0.000 0.000 0.000 0.000
0.814 0.019 0.000 0.000 0.000 0.000 0.000 0.167 0.000
0.751 0.016 0.000 0.000 0.000 0.000 0.000 0.233 0.000
0.948 0.000 0.000 0.000 0.000 0.000 0.000 0.052 0.000
0.957 0.000 0.000 0.000 0.000 0.000 0.000 0.043 0.000
0.978 0.000 0.000 0.000 0.000 0.000 0.000 0.022 0.000
0.977 0.000 0.000 0.000 0.000 0.000 0.000 0.023 0.000
0.977 0.000 0.000 0.000 0.000 0.000 0.000 0.023 0.000
0.982 0.007 0.000 0.000 0.000 0.000 0.000 0.011 0.000
0.974 0.006 0.000 0.000 0.000 0.000 0.000 0.019 0.000
0.965 0.009 0.000 0.000 0.000 0.000 0.000 0.026 0.000
0.962 0.016 0.000 0.000 0.000 0.000 0.000 0.021 0.000
0.972 0.013 0.000 0.000 0.000 0.000 0.000 0.015 0.000
0.974 0.014 0.000 0.000 0.000 0.000 0.000 0.012 0.000
0.990 0.010 0.000 0.000 0.000 0.000 0.000 0.000 0.000
0.987 0.013 0.000 0.000 0.000 0.000 0.000 0.000 0.000
0.977 0.023 0.000 0.000 0.000 0.000 0.000 0.000 0.000
0.836 0.015 0.000 0.000 0.000 0.000 0.000 0.148 0.000
0.803 0.013 0.000 0.000 0.000 0.000 0.000 0.184 0.000
0.976 0.000 0.000 0.000 0.000 0.000 0.000 0.024 0.000
0.980 0.000 0.000 0.000 0.000 0.000 0.000 0.020 0.000
0.975 0.000 0.000 0.000 0.000 0.000 0.000 0.025 0.000
0.971 0.000 0.000 0.000 0.000 0.000 0.000 0.029 0.000
0.980 0.005 0.000 0.000 0.000 0.000 0.000 0.014 0.000
0.976 0.006 0.000 0.000 0.000 0.000 0.000 0.017 0.000
0.958 0.011 0.000 0.000 0.000 0.000 0.000 0.030 0.000
0.960 0.015 0.000 0.000 0.000 0.000 0.000 0.024 0.000
0.971 0.013 0.000 0.000 0.000 0.000 0.000 0.016 0.000
0.971 0.015 0.000 0.000 0.000 0.000 0.000 0.012 0.000
0.993 0.007 0.000 0.000 0.000 0.000 0.000 0.000 0.000
0.979 0.021 0.000 0.000 0.000 0.000 0.000 0.000 0.000
0.830 0.017 0.000 0.000 0.000 0.000 0.000 0.153 0.000
0.834 0.014 0.000 0.000 0.000 0.000 0.000 0.152 0.000
0.770 0.014 0.000 0.000 0.000 0.000 0.000 0.216 0.000
0.974 0.000 0.000 0.000 0.000 0.000 0.000 0.026 0.000
0.977 0.000 0.000 0.000 0.000 0.000 0.000 0.023 0.000
0.978 0.000 0.000 0.000 0.000 0.000 0.000 0.022 0.000
0.976 0.000 0.000 0.000 0.000 0.000 0.000 0.024 0.000
0.980 0.007 0.000 0.000 0.000 0.000 0.000 0.012 0.000
0.968 0.007 0.000 0.000 0.000 0.000 0.000 0.024 0.000
0.960 0.010 0.000 0.000 0.000 0.000 0.000 0.029 0.000
0.969 0.014 0.000 0.000 0.000 0.000 0.000 0.017 0.000
0.992 0.008 0.000 0.000 0.000 0.000 0.000 0.000 0.000
0.980 0.020 0.000 0.000 0.000 0.000 0.000 0.000 0.000
0.966 0.034 0.000 0.000 0.000 0.000 0.000 0.000 0.000
0.831 0.015 0.000 0.000 0.000 0.000 0.000 0.153 0.000
0.806 0.013 0.000 0.000 0.000 0.000 0.000 0.181 0.000
0.975 0.000 0.000 0.000 0.000 0.000 0.000 0.024 0.000
0.978 0.000 0.000 0.000 0.000 0.000 0.000 0.022 0.000
0.979 0.000 0.000 0.000 0.000 0.000 0.000 0.021 0.000
0.977 0.000 0.000 0.000 0.000 0.000 0.000 0.023 0.000
0.983 0.000 0.000 0.000 0.000 0.000 0.000 0.017 0.000
0.976 0.008 0.000 0.000 0.000 0.000 0.000 0.015 0.000
0.973 0.007 0.000 0.000 0.000 0.000 0.000 0.020 0.000
0.961 0.012 0.000 0.000 0.000 0.000 0.000 0.027 0.000
0.959 0.017 0.000 0.001 0.000 0.000 0.000 0.023 0.000
0.962 0.017 0.000 0.000 0.000 0.000 0.000 0.020 0.000
0.971 0.014 0.000 0.000 0.000 0.000 0.000 0.013 0.000
0.983 0.017 0.000 0.000 0.000 0.000 0.000 0.000 0.000
0.993 0.007 0.000 0.000 0.000 0.000 0.000 0.000 0.000
0.978 0.022 0.000 0.000 0.000 0.000 0.000 0.000 0.000
0.852 0.014 0.000 0.000 0.000 0.000 0.000 0.134 0.000
0.812 0.015 0.000 0.000 0.000 0.000 0.000 0.173 0.000
0.756 0.013 0.000 0.000 0.000 0.000 0.000 0.232 0.000
0.970 0.000 0.000 0.000 0.000 0.000 0.000 0.030 0.000
0.976 0.000 0.000 0.000 0.000 0.000 0.000 0.024 0.000
0.981 0.000 0.000 0.000 0.000 0.000 0.000 0.019 0.000
0.984 0.000 0.000 0.000 0.000 0.000 0.000 0.016 0.000
0.984 0.000 0.000 0.000 0.000 0.000 0.000 0.016 0.000
0.986 0.000 0.000 0.000 0.000 0.000 0.000 0.014 0.000
0.978 0.008 0.000 0.000 0.000 0.000 0.000 0.013 0.000
0.965 0.009 0.000 0.000 0.000 0.000 0.000 0.025 0.000
0.948 0.018 0.000 0.001 0.000 0.000 0.000 0.033 0.000
0.952 0.020 0.000 0.001 0.000 0.000 0.000 0.028 0.000
0.959 0.019 0.000 0.000 0.000 0.000 0.000 0.021 0.000
0.996 0.004 0.000 0.000 0.000 0.000 0.000 0.000 0.000
0.844 0.013 0.000 0.000 0.000 0.000 0.000 0.143 0.000
0.968 0.000 0.000 0.000 0.000 0.000 0.000 0.032 0.000
0.974 0.000 0.000 0.000 0.000 0.000 0.000 0.025 0.000
0.983 0.000 0.000 0.000 0.000 0.000 0.000 0.017 0.000
0.986 0.000 0.000 0.000 0.000 0.000 0.000 0.014 0.000
0.986 0.000 0.000 0.000 0.000 0.000 0.000 0.013 0.000
0.985 0.000 0.000 0.000 0.000 0.000 0.000 0.015 0.000
0.974 0.010 0.000 0.000 0.000 0.000 0.000 0.015 0.000
0.964 0.011 0.000 0.000 0.000 0.000 0.000 0.025 0.000
0.951 0.015 0.000 0.000 0.000 0.000 0.000 0.033 0.000
0.957 0.018 0.000 0.000 0.000 0.000 0.000 0.025 0.000
0.989 0.010 0.000 0.000 0.000 0.000 0.000 0.000 0.000
0.982 0.017 0.000 0.000 0.000 0.000 0.000 0.000 0.000
0.875 0.012 0.000 0.000 0.000 0.000 0.000 0.113 0.000
0.812 0.013 0.000 0.000 0.000 0.000 0.000 0.174 0.000
0.716 0.011 0.000 0.000 0.000 0.000 0.000 0.273 0.000
0.969 0.000 0.000 0.000 0.000 0.000 0.000 0.030 0.000
0.979 0.000 0.000 0.000 0.000 0.000 0.000 0.021 0.000
0.985 0.000 0.000 0.000 0.000 0.000 0.000 0.015 0.000
0.987 0.000 0.000 0.000 0.000 0.000 0.000 0.013 0.000
0.984 0.000 0.000 0.000 0.000 0.000 0.000 0.015 0.000
0.983 0.000 0.000 0.000 0.000 0.000 0.000 0.017 0.000
0.972 0.011 0.000 0.000 0.000 0.000 0.000 0.017 0.000
0.964 0.011 0.000 0.000 0.000 0.000 0.000 0.024 0.000
0.954 0.018 0.000 0.000 0.000 0.000 0.000 0.027 0.000
0.956 0.022 0.000 0.000 0.000 0.000 0.000 0.021 0.000
0.995 0.005 0.000 0.000 0.000 0.000 0.000 0.000 0.000
0.985 0.015 0.000 0.000 0.000 0.000 0.000 0.000 0.000
0.942 0.057 0.000 0.000 0.000 0.000 0.000 0.000 0.000
0.861 0.014 0.000 0.000 0.000 0.000 0.000 0.124 0.000
0.864 0.013 0.000 0.000 0.000 0.000 0.000 0.123 0.000
0.778 0.010 0.000 0.000 0.000 0.000 0.000 0.212 0.000
0.972 0.000 0.000 0.000 0.000 0.000 0.000 0.028 0.000
0.978 0.000 0.000 0.000 0.000 0.000 0.000 0.021 0.000
0.986 0.000 0.000 0.000 0.000 0.000 0.000 0.013 0.000
0.988 0.000 0.000 0.000 0.000 0.000 0.000 0.012 0.000
0.986 0.000 0.000 0.000 0.000 0.000 0.000 0.014 0.000
0.986 0.000 0.000 0.000 0.000 0.000 0.000 0.014 0.000
0.971 0.013 0.000 0.000 0.000 0.000 0.000 0.015 0.000
0.952 0.019 0.000 0.000 0.000 0.000 0.000 0.028 0.000
0.946 0.020 0.000 0.000 0.000 0.000 0.000 0.033 0.000
0.951 0.025 0.000 0.000 0.000 0.000 0.000 0.023 0.000
0.953 0.026 0.000 0.000 0.000 0.000 0.000 0.020 0.000
0.996 0.004 0.000 0.000 0.000 0.000 0.000 0.000 0.000
0.991 0.009 0.000 0.000 0.000 0.000 0.000 0.000 0.000
0.978 0.022 0.000 0.000 0.000 0.000 0.000 0.000 0.000
0.887 0.013 0.000 0.000 0.000 0.000 0.000 0.100 0.000
0.749 0.010 0.000 0.000 0.000 0.000 0.000 0.241 0.000
0.980 0.000 0.000 0.000 0.000 0.000 0.000 0.020 0.000
0.986 0.000 0.000 0.000 0.000 0.000 0.000 0.013 0.000
0.990 0.000 0.000 0.000 0.000 0.000 0.000 0.009 0.000
0.991 0.000 0.000 0.000 0.000 0.000 0.000 0.009 0.000
0.988 0.000 0.000 0.000 0.000 0.000 0.000 0.012 0.000
0.963 0.015 0.000 0.000 0.000 0.000 0.000 0.021 0.000
0.955 0.017 0.000 0.000 0.000 0.000 0.000 0.027 0.000
0.946 0.024 0.000 0.000 0.000 0.000 0.000 0.030 0.000
0.951 0.026 0.000 0.000 0.000 0.000 0.000 0.023 0.000
0.948 0.031 0.000 0.000 0.000 0.000 0.000 0.020 0.000
0.980 0.020 0.000 0.000 0.000 0.000 0.000 0.000 0.000
0.995 0.005 0.000 0.000 0.000 0.000 0.000 0.000 0.000
0.984 0.016 0.000 0.000 0.000 0.000 0.000 0.000 0.000
0.884 0.012 0.000 0.000 0.000 0.000 0.000 0.103 0.000
0.845 0.012 0.000 0.000 0.000 0.000 0.000 0.143 0.000
0.972 0.000 0.000 0.001 0.000 0.000 0.000 0.027 0.000
0.980 0.000 0.000 0.001 0.000 0.000 0.000 0.019 0.000
0.984 0.000 0.000 0.000 0.000 0.000 0.000 0.015 0.000
0.989 0.000 0.000 0.000 0.000 0.000 0.000 0.011 0.000
0.990 0.000 0.000 0.000 0.000 0.000 0.000 0.010 0.000
0.986 0.000 0.000 0.000 0.000 0.000 0.000 0.013 0.000
0.968 0.017 0.000 0.000 0.000 0.000 0.000 0.014 0.000
0.967 0.015 0.000 0.000 0.000 0.000 0.000 0.018 0.000
0.949 0.021 0.000 0.000 0.000 0.000 0.000 0.029 0.000
0.944 0.025 0.000 0.000 0.000 0.000 0.000 0.030 0.000
0.954 0.025 0.000 0.000 0.000 0.000 0.000 0.020 0.000
0.957 0.028 0.000 0.001 0.000 0.000 0.000 0.014 0.000
0.996 0.004 0.000 0.000 0.000 0.000 0.000 0.000 0.000
0.970 0.029 0.000 0.000 0.000 0.000 0.000 0.000 0.000
0.894 0.014 0.000 0.000 0.000 0.000 0.000 0.091 0.000
0.871 0.012 0.000 0.000 0.000 0.000 0.000 0.116 0.000
0.803 0.012 0.000 0.000 0.000 0.000 0.000 0.185 0.000
0.979 0.000 0.000 0.001 0.000 0.000 0.000 0.021 0.000
0.989 0.000 0.000 0.000 0.000 0.000 0.000 0.011 0.000
0.991 0.000 0.000 0.000 0.000 0.000 0.000 0.009 0.000
0.966 0.018 0.000 0.001 0.000 0.000 0.000 0.015 0.000
0.947 0.020 0.000 0.000 0.000 0.000 0.000 0.033 0.000
0.940 0.033 0.000 0.001 0.000 0.000 0.000 0.027 0.000
0.937 0.044 0.000 0.001 0.000 0.000 0.000 0.018 0.000
0.987 0.012 0.000 0.000 0.000 0.000 0.000 0.000 0.000
0.993 0.007 0.000 0.000 0.000 0.000 0.000 0.000 0.000
0.988 0.012 0.000 0.000 0.000 0.000 0.000 0.000 0.000
0.878 0.017 0.000 0.000 0.000 0.000 0.000 0.105 0.000
0.888 0.014 0.000 0.000 0.000 0.000 0.000 0.097 0.000
0.840 0.013 0.000 0.000 0.000 0.000 0.000 0.146 0.000
0.981 0.000 0.000 0.001 0.000 0.000 0.000 0.018 0.000
0.988 0.000 0.000 0.001 0.000 0.000 0.000 0.011 0.000
0.990 0.000 0.000 0.000 0.000 0.000 0.000 0.010 0.000
0.989 0.000 0.000 0.001 0.000 0.000 0.000 0.010 0.000
0.989 0.000 0.000 0.000 0.000 0.000 0.000 0.010 0.000
0.961 0.019 0.000 0.000 0.000 0.000 0.000 0.019 0.000
0.948 0.020 0.000 0.000 0.000 0.000 0.000 0.032 0.000
0.936 0.028 0.000 0.001 0.000 0.000 0.000 0.035 0.000
0.940 0.031 0.000 0.001 0.000 0.000 0.000 0.028 0.000
0.946 0.031 0.000 0.000 0.000 0.000 0.000 0.021 0.000
0.991 0.009 0.000 0.000 0.000 0.000 0.000 0.000 0.000
0.965 0.034 0.000 0.000 0.000 0.000 0.000 0.000 0.000
0.885 0.017 0.000 0.000 0.000 0.000 0.000 0.098 0.000
0.867 0.013 0.000 0.000 0.000 0.000 0.000 0.119 0.000
0.794 0.014 0.000 0.000 0.000 0.000 0.000 0.192 0.000
0.981 0.000 0.000 0.001 0.000 0.000 0.000 0.018 0.000
0.988 0.000 0.000 0.001 0.000 0.000 0.000 0.012 0.000
0.988 0.000 0.000 0.001 0.000 0.000 0.000 0.011 0.000
0.987 0.000 0.000 0.000 0.000 0.000 0.000 0.012 0.000
0.966 0.014 0.000 0.000 0.000 0.000 0.000 0.020 0.000
0.933 0.031 0.000 0.001 0.000 0.000 0.000 0.035 0.000
0.946 0.027 0.000 0.000 0.000 0.000 0.000 0.026 0.000
0.948 0.032 0.000 0.000 0.000 0.000 0.000 0.019 0.000
0.995 0.004 0.000 0.000 0.000 0.000 0.000 0.000 0.000
0.993 0.007 0.000 0.000 0.000 0.000 0.000 0.000 0.000
0.983 0.016 0.000 0.000 0.000 0.000 0.000 0.000 0.000
0.884 0.018 0.000 0.000 0.000 0.000 0.000 0.097 0.000
0.888 0.015 0.000 0.000 0.000 0.000 0.000 0.097 0.000
0.844 0.014 0.000 0.000 0.000 0.000 0.000 0.142 0.000
0.976 0.000 0.000 0.001 0.000 0.000 0.000 0.023 0.000
0.986 0.000 0.000 0.001 0.000 0.000 0.000 0.013 0.000
0.989 0.000 0.000 0.001 0.000 0.000 0.000 0.010 0.000
0.987 0.000 0.000 0.000 0.000 0.000 0.000 0.013 0.000
0.982 0.000 0.000 0.001 0.000 0.000 0.000 0.017 0.000
0.976 0.000 0.000 0.001 0.000 0.000 0.000 0.023 0.000
0.966 0.018 0.000 0.001 0.000 0.000 0.000 0.015 0.000
0.963 0.016 0.000 0.000 0.000 0.000 0.000 0.020 0.000
0.947 0.021 0.000 0.000 0.000 0.000 0.000 0.031 0.000
0.937 0.030 0.000 0.001 0.000 0.000 0.000 0.033 0.000
0.946 0.030 0.000 0.000 0.000 0.000 0.000 0.023 0.000
0.953 0.029 0.000 0.000 0.000 0.000 0.000 0.017 0.000
0.996 0.003 0.000 0.000 0.000 0.000 0.000 0.000 0.000
0.992 0.008 0.000 0.000 0.000 0.000 0.000 0.000 0.000
0.890 0.017 0.000 0.000 0.000 0.000 0.000 0.092 0.000
0.859 0.016 0.000 0.001 0.000 0.000 0.000 0.124 0.000
0.978 0.000 0.000 0.001 0.000 0.000 0.000 0.021 0.000
0.983 0.000 0.000 0.001 0.000 0.000 0.000 0.016 0.000
0.987 0.000 0.000 0.000 0.000 0.000 0.000 0.012 0.000
0.988 0.000 0.000 0.000 0.000 0.000 0.000 0.012 0.000
0.981 0.000 0.000 0.001 0.000 0.000 0.000 0.018 0.000
0.966 0.019 0.000 0.000 0.000 0.000 0.000 0.015 0.000
0.956 0.018 0.000 0.000 0.000 0.000 0.000 0.025 0.000
0.946 0.022 0.000 0.000 0.000 0.000 0.000 0.032 0.000
0.943 0.029 0.000 0.000 0.000 0.000 0.000 0.028 0.000
0.946 0.032 0.000 0.000 0.000 0.000 0.000 0.022 0.000
0.944 0.039 0.000 0.001 0.000 0.000 0.000 0.016 0.000
0.992 0.007 0.000 0.000 0.000 0.000 0.000 0.000 0.000
0.887 0.021 0.000 0.001 0.000 0.000 0.000 0.092 0.000
0.983 0.000 0.000 0.001 0.000 0.000 0.000 0.016 0.000
0.983 0.000 0.000 0.001 0.000 0.000 0.000 0.016 0.000
0.976 0.000 0.000 0.001 0.000 0.000 0.000 0.023 0.000
0.970 0.000 0.000 0.001 0.000 0.000 0.000 0.028 0.000
0.967 0.015 0.000 0.000 0.000 0.000 0.000 0.018 0.000
0.959 0.017 0.000 0.000 0.000 0.000 0.000 0.023 0.000
0.951 0.024 0.000 0.000 0.000 0.000 0.000 0.024 0.000
0.951 0.030 0.000 0.000 0.000 0.000 0.000 0.018 0.000
0.989 0.010 0.000 0.000 0.001 0.000 0.000 0.000 0.000
0.996 0.004 0.000 0.000 0.000 0.000 0.000 0.000 0.000
0.989 0.010 0.000 0.000 0.000 0.000 0.000 0.000 0.000
0.870 0.024 0.000 0.001 0.000 0.000 0.000 0.105 0.000
0.879 0.020 0.000 0.001 0.000 0.000 0.000 0.100 0.000
0.833 0.020 0.000 0.001 0.000 0.000 0.000 0.147 0.000
0.977 0.000 0.000 0.001 0.000 0.000 0.000 0.021 0.000
0.979 0.000 0.000 0.001 0.000 0.000 0.000 0.020 0.000
0.983 0.000 0.000 0.001 0.000 0.000 0.000 0.017 0.000
0.982 0.000 0.000 0.001 0.000 0.000 0.000 0.017 0.000
0.978 0.000 0.000 0.001 0.000 0.000 0.000 0.021 0.000
0.971 0.017 0.000 0.001 0.000 0.000 0.000 0.011 0.000
0.968 0.016 0.000 0.000 0.000 0.000 0.000 0.015 0.000
0.941 0.031 0.000 0.001 0.000 0.000 0.000 0.028 0.000
0.945 0.033 0.000 0.001 0.000 0.000 0.000 0.021 0.000
0.997 0.002 0.000 0.000 0.000 0.000 0.000 0.000 0.000
0.992 0.008 0.000 0.000 0.000 0.000 0.000 0.000 0.000
0.960 0.039 0.000 0.001 0.000 0.000 0.000 0.000 0.000
0.867 0.033 0.000 0.001 0.000 0.000 0.000 0.098 0.000
0.867 0.026 0.000 0.001 0.000 0.000 0.000 0.106 0.000
0.833 0.022 0.000 0.001 0.000 0.000 0.000 0.144 0.000
0.777 0.021 0.000 0.001 0.000 0.000 0.000 0.201 0.000
0.974 0.000 0.000 0.001 0.000 0.000 0.000 0.025 0.000
0.980 0.000 0.000 0.001 0.000 0.000 0.000 0.019 0.000
0.974 0.000 0.000 0.001 0.000 0.000 0.000 0.025 0.000
0.971 0.000 0.000 0.001 0.000 0.000 0.000 0.028 0.000
0.971 0.018 0.000 0.001 0.000 0.000 0.000 0.010 0.000
0.958 0.020 0.000 0.000 0.000 0.000 0.000 0.021 0.000
0.945 0.025 0.000 0.000 0.000 0.000 0.000 0.029 0.000
0.935 0.036 0.000 0.001 0.000 0.000 0.000 0.028 0.000
0.950 0.030 0.000 0.000 0.000 0.000 0.000 0.019 0.000
0.950 0.033 0.000 0.000 0.000 0.000 0.000 0.017 0.000
0.993 0.006 0.000 0.000 0.000 0.000 0.000 0.000 0.000
0.986 0.013 0.000 0.000 0.000 0.000 0.000 0.000 0.000
0.874 0.033 0.000 0.002 0.000 0.000 0.000 0.091 0.000
0.774 0.025 0.000 0.002 0.000 0.000 0.000 0.199 0.000
0.723 0.022 0.000 0.002 0.000 0.000 0.000 0.253 0.000
0.969 0.000 0.000 0.001 0.000 0.000 0.000 0.030 0.000
0.979 0.000 0.000 0.001 0.000 0.000 0.000 0.021 0.000
0.980 0.000 0.000 0.001 0.000 0.000 0.000 0.019 0.000
0.968 0.000 0.000 0.001 0.000 0.000 0.000 0.031 0.000
0.955 0.000 0.000 0.003 0.000 0.000 0.000 0.041 0.000
0.965 0.025 0.000 0.001 0.000 0.000 0.000 0.009 0.000
0.957 0.025 0.000 0.001 0.000 0.000 0.000 0.018 0.000
0.952 0.022 0.000 0.000 0.000 0.000 0.000 0.025 0.000
0.942 0.033 0.000 0.001 0.000 0.000 0.000 0.024 0.000
0.952 0.030 0.000 0.000 0.000 0.000 0.000 0.018 0.000
0.950 0.034 0.000 0.001 0.000 0.000 0.000 0.015 0.000
0.996 0.003 0.000 0.000 0.000 0.000 0.000 0.000 0.000
