0.994 0.000 0.000 0.006 0.000 0.000 0.000 0.000 0.000
0.998 0.000 0.000 0.002 0.000 0.000 0.000 0.000 0.000
0.998 0.000 0.000 0.002 0.000 0.000 0.000 0.000 0.000
0.999 0.000 0.000 0.001 0.000 0.000 0.000 0.000 0.000
0.999 0.000 0.000 0.001 0.000 0.000 0.000 0.000 0.000
0.998 0.000 0.000 0.001 0.000 0.000 0.000 0.000 0.000
0.999 0.000 0.000 0.001 0.000 0.000 0.000 0.000 0.000
0.999 0.000 0.000 0.001 0.000 0.000 0.000 0.000 0.000
0.000 0.959 0.012 0.023 0.000 0.000 0.000 0.005 0.000
0.000 0.961 0.009 0.024 0.000 0.000 0.000 0.005 0.000
0.000 0.959 0.008 0.027 0.000 0.000 0.000 0.005 0.000
0.000 0.961 0.007 0.027 0.000 0.000 0.000 0.005 0.000
0.000 0.956 0.007 0.030 0.000 0.000 0.000 0.007 0.000
0.000 0.945 0.008 0.036 0.000 0.000 0.000 0.010 0.000
0.000 0.939 0.007 0.042 0.000 0.000 0.000 0.012 0.000
0.000 0.934 0.005 0.049 0.000 0.000 0.000 0.012 0.000
0.000 0.953 0.003 0.034 0.000 0.000 0.000 0.009 0.000
0.998 0.000 0.000 0.002 0.000 0.000 0.000 0.000 0.000
0.999 0.000 0.000 0.001 0.000 0.000 0.000 0.000 0.000
0.997 0.000 0.000 0.003 0.000 0.000 0.000 0.000 0.000
0.999 0.000 0.000 0.001 0.000 0.000 0.000 0.000 0.000
0.998 0.000 0.000 0.001 0.000 0.000 0.000 0.000 0.000
0.998 0.000 0.000 0.002 0.000 0.000 0.000 0.000 0.000
0.998 0.000 0.000 0.002 0.000 0.000 0.000 0.000 0.000
0.998 0.000 0.000 0.002 0.000 0.000 0.000 0.000 0.000
0.998 0.000 0.000 0.001 0.000 0.000 0.000 0.000 0.000
0.000 0.954 0.012 0.028 0.000 0.000 0.000 0.007 0.000
0.000 0.952 0.010 0.030 0.000 0.000 0.000 0.008 0.000
0.000 0.947 0.010 0.033 0.000 0.000 0.000 0.010 0.000
0.000 0.940 0.010 0.038 0.000 0.000 0.000 0.012 0.000
0.000 0.924 0.009 0.051 0.000 0.000 0.000 0.015 0.000
0.000 0.932 0.006 0.048 0.000 0.000 0.000 0.014 0.000
0.000 0.938 0.004 0.047 0.000 0.000 0.000 0.012 0.000
0.000 0.931 0.004 0.051 0.000 0.000 0.000 0.014 0.000
0.000 0.941 0.002 0.043 0.000 0.000 0.000 0.013 0.000
0.996 0.000 0.000 0.004 0.000 0.000 0.000 0.000 0.000
0.999 0.000 0.000 0.001 0.000 0.000 0.000 0.000 0.000
0.999 0.000 0.000 0.001 0.000 0.000 0.000 0.000 0.000
0.999 0.000 0.000 0.001 0.000 0.000 0.000 0.000 0.000
0.998 0.000 0.000 0.001 0.000 0.000 0.000 0.000 0.000
0.998 0.000 0.000 0.002 0.000 0.000 0.000 0.001 0.000
0.997 0.000 0.000 0.002 0.000 0.000 0.000 0.001 0.000
0.997 0.000 0.000 0.002 0.000 0.000 0.000 0.001 0.000
0.998 0.000 0.000 0.002 0.000 0.000 0.000 0.000 0.000
0.998 0.000 0.000 0.002 0.000 0.000 0.000 0.000 0.000
0.998 0.000 0.000 0.002 0.000 0.000 0.000 0.000 0.000
0.000 0.935 0.014 0.039 0.000 0.000 0.000 0.012 0.000
0.000 0.926 0.013 0.047 0.000 0.000 0.000 0.015 0.000
0.000 0.917 0.012 0.052 0.000 0.000 0.000 0.019 0.000
0.000 0.930 0.007 0.048 0.000 0.000 0.000 0.016 0.000
0.000 0.932 0.005 0.048 0.000 0.000 0.000 0.015 0.000
0.000 0.926 0.004 0.054 0.000 0.000 0.000 0.016 0.000
0.000 0.915 0.004 0.061 0.000 0.000 0.000 0.019 0.000
0.000 0.911 0.004 0.062 0.000 0.000 0.000 0.023 0.000
0.000 0.914 0.003 0.059 0.000 0.000 0.000 0.024 0.000
0.996 0.000 0.000 0.004 0.000 0.000 0.000 0.000 0.000
0.999 0.000 0.000 0.001 0.000 0.000 0.000 0.000 0.000
0.999 0.000 0.000 0.001 0.000 0.000 0.000 0.000 0.000
0.997 0.000 0.000 0.003 0.000 0.000 0.000 0.000 0.000
0.998 0.000 0.000 0.001 0.000 0.000 0.000 0.001 0.000
0.997 0.000 0.000 0.002 0.000 0.000 0.000 0.001 0.000
0.997 0.000 0.000 0.002 0.000 0.000 0.000 0.001 0.000
0.996 0.000 0.000 0.002 0.000 0.000 0.000 0.002 0.000
0.995 0.000 0.000 0.003 0.000 0.000 0.000 0.002 0.000
0.997 0.000 0.000 0.002 0.000 0.000 0.000 0.001 0.000
0.997 0.000 0.000 0.002 0.000 0.000 0.000 0.001 0.000
0.997 0.000 0.000 0.002 0.000 0.000 0.000 0.001 0.000
0.996 0.000 0.000 0.003 0.000 0.000 0.000 0.001 0.000
0.993 0.000 0.000 0.006 0.000 0.000 0.000 0.001 0.000
0.993 0.000 0.000 0.006 0.000 0.000 0.000 0.001 0.000
0.000 0.932 0.009 0.043 0.000 0.000 0.000 0.015 0.000
0.000 0.928 0.006 0.052 0.000 0.000 0.000 0.014 0.000
0.000 0.916 0.006 0.058 0.000 0.000 0.000 0.018 0.000
0.000 0.922 0.006 0.051 0.000 0.000 0.000 0.021 0.000
0.000 0.918 0.005 0.057 0.000 0.000 0.000 0.021 0.000
0.000 0.913 0.004 0.062 0.000 0.000 0.000 0.022 0.000
0.000 0.898 0.004 0.072 0.000 0.000 0.000 0.026 0.000
0.000 0.889 0.003 0.077 0.000 0.000 0.000 0.030 0.000
0.000 0.883 0.004 0.076 0.000 0.000 0.000 0.037 0.000
0.999 0.000 0.000 0.001 0.000 0.000 0.000 0.000 0.000
0.999 0.000 0.000 0.001 0.000 0.000 0.000 0.000 0.000
0.999 0.000 0.000 0.001 0.000 0.000 0.000 0.000 0.000
0.995 0.000 0.000 0.002 0.000 0.000 0.000 0.003 0.000
0.995 0.000 0.000 0.002 0.000 0.000 0.000 0.003 0.000
0.994 0.000 0.000 0.003 0.000 0.000 0.000 0.003 0.000
0.993 0.000 0.000 0.004 0.000 0.000 0.000 0.003 0.000
0.992 0.000 0.000 0.005 0.000 0.000 0.000 0.003 0.000
0.992 0.000 0.000 0.006 0.000 0.000 0.000 0.003 0.000
0.986 0.000 0.000 0.012 0.000 0.000 0.000 0.002 0.000
0.980 0.000 0.000 0.017 0.000 0.000 0.000 0.003 0.000
0.000 0.923 0.005 0.054 0.000 0.000 0.000 0.018 0.000
0.000 0.903 0.006 0.065 0.000 0.000 0.000 0.026 0.000
0.000 0.891 0.007 0.069 0.000 0.000 0.000 0.034 0.000
0.000 0.899 0.005 0.064 0.000 0.000 0.000 0.032 0.000
0.000 0.898 0.003 0.072 0.000 0.000 0.000 0.026 0.000
0.000 0.882 0.003 0.081 0.000 0.000 0.000 0.034 0.000
0.000 0.868 0.003 0.087 0.000 0.000 0.000 0.042 0.000
0.000 0.850 0.003 0.095 0.000 0.000 0.000 0.052 0.000
0.000 0.833 0.004 0.099 0.000 0.000 0.000 0.064 0.000
0.998 0.000 0.000 0.002 0.000 0.000 0.000 0.000 0.000
0.999 0.000 0.000 0.001 0.000 0.000 0.000 0.000 0.000
0.999 0.000 0.000 0.001 0.000 0.000 0.000 0.000 0.000
0.992 0.000 0.000 0.003 0.000 0.000 0.000 0.006 0.000
0.989 0.000 0.000 0.003 0.000 0.000 0.000 0.008 0.000
0.989 0.000 0.000 0.003 0.000 0.000 0.000 0.008 0.000
0.989 0.000 0.000 0.003 0.000 0.000 0.000 0.008 0.000
0.986 0.000 0.000 0.007 0.000 0.000 0.000 0.007 0.000
0.983 0.000 0.000 0.008 0.000 0.000 0.000 0.008 0.000
0.982 0.000 0.000 0.009 0.000 0.000 0.000 0.009 0.000
0.978 0.000 0.000 0.011 0.000 0.000 0.000 0.010 0.000
0.961 0.000 0.000 0.027 0.000 0.000 0.000 0.012 0.000
0.000 0.907 0.005 0.064 0.000 0.000 0.000 0.023 0.000
0.000 0.896 0.004 0.073 0.000 0.000 0.000 0.026 0.000
0.000 0.864 0.006 0.083 0.000 0.000 0.000 0.046 0.000
0.000 0.868 0.005 0.079 0.000 0.000 0.000 0.048 0.000
0.000 0.868 0.004 0.086 0.000 0.000 0.000 0.042 0.000
0.000 0.854 0.003 0.093 0.000 0.000 0.000 0.050 0.000
0.000 0.830 0.003 0.108 0.000 0.000 0.000 0.059 0.000
0.000 0.805 0.003 0.117 0.000 0.000 0.000 0.074 0.000
0.000 0.789 0.003 0.119 0.000 0.000 0.000 0.089 0.000
0.999 0.000 0.000 0.001 0.000 0.000 0.000 0.000 0.000
0.999 0.000 0.000 0.001 0.000 0.000 0.000 0.000 0.000
0.999 0.000 0.000 0.001 0.000 0.000 0.000 0.000 0.000
0.983 0.000 0.000 0.003 0.000 0.000 0.000 0.013 0.000
0.985 0.000 0.000 0.003 0.000 0.000 0.000 0.012 0.000
0.986 0.000 0.000 0.002 0.000 0.000 0.000 0.012 0.000
0.968 0.000 0.000 0.005 0.000 0.000 0.000 0.028 0.000
0.972 0.000 0.000 0.005 0.000 0.000 0.000 0.024 0.000
0.972 0.000 0.000 0.005 0.000 0.000 0.000 0.023 0.000
0.975 0.000 0.000 0.005 0.000 0.000 0.000 0.021 0.000
0.975 0.000 0.000 0.005 0.000 0.000 0.000 0.021 0.000
0.972 0.000 0.000 0.006 0.000 0.000 0.000 0.023 0.000
0.973 0.000 0.000 0.010 0.000 0.000 0.000 0.017 0.000
0.972 0.000 0.000 0.011 0.000 0.000 0.000 0.017 0.000
0.963 0.000 0.000 0.015 0.000 0.000 0.000 0.022 0.000
0.965 0.000 0.000 0.014 0.000 0.000 0.000 0.020 0.000
0.956 0.000 0.000 0.024 0.000 0.000 0.000 0.020 0.000
0.949 0.000 0.000 0.033 0.000 0.000 0.000 0.018 0.000
0.000 0.839 0.007 0.090 0.000 0.000 0.000 0.064 0.001
0.000 0.813 0.007 0.103 0.000 0.000 0.000 0.076 0.001
0.000 0.804 0.006 0.103 0.000 0.000 0.000 0.086 0.000
0.000 0.837 0.003 0.100 0.000 0.000 0.000 0.060 0.000
0.000 0.816 0.003 0.113 0.000 0.000 0.000 0.067 0.000
0.000 0.804 0.003 0.118 0.000 0.000 0.000 0.075 0.000
0.000 0.762 0.003 0.140 0.000 0.000 0.000 0.094 0.001
0.000 0.734 0.003 0.150 0.000 0.000 0.000 0.112 0.000
0.998 0.000 0.000 0.001 0.000 0.000 0.000 0.000 0.000
0.999 0.000 0.000 0.001 0.000 0.000 0.000 0.000 0.000
0.999 0.000 0.000 0.001 0.000 0.000 0.000 0.000 0.000
0.969 0.000 0.000 0.004 0.000 0.000 0.000 0.028 0.000
0.970 0.000 0.000 0.003 0.000 0.000 0.000 0.027 0.000
0.932 0.000 0.000 0.006 0.000 0.000 0.000 0.061 0.000
0.937 0.000 0.000 0.007 0.000 0.000 0.000 0.056 0.000
0.940 0.000 0.000 0.007 0.000 0.000 0.000 0.053 0.000
0.941 0.000 0.000 0.007 0.000 0.000 0.000 0.052 0.000
0.932 0.000 0.000 0.009 0.000 0.000 0.000 0.059 0.000
0.928 0.000 0.000 0.011 0.000 0.000 0.000 0.061 0.000
0.900 0.000 0.000 0.025 0.000 0.000 0.000 0.075 0.000
0.949 0.000 0.000 0.015 0.000 0.000 0.000 0.036 0.000
0.941 0.000 0.000 0.018 0.000 0.000 0.000 0.041 0.000
0.937 0.000 0.000 0.020 0.000 0.000 0.000 0.043 0.000
0.929 0.000 0.000 0.026 0.000 0.000 0.000 0.045 0.000
0.916 0.000 0.000 0.043 0.000 0.000 0.000 0.040 0.000
0.922 0.000 0.000 0.044 0.000 0.000 0.000 0.034 0.000
0.000 0.796 0.006 0.110 0.000 0.000 0.000 0.087 0.001
0.000 0.771 0.006 0.119 0.000 0.000 0.000 0.103 0.001
0.000 0.757 0.006 0.118 0.000 0.000 0.000 0.119 0.000
0.000 0.774 0.004 0.116 0.000 0.000 0.000 0.106 0.000
0.000 0.767 0.003 0.128 0.000 0.000 0.000 0.101 0.000
0.000 0.757 0.002 0.130 0.000 0.000 0.000 0.110 0.001
0.000 0.722 0.002 0.158 0.000 0.000 0.000 0.118 0.001
0.000 0.657 0.003 0.158 0.000 0.000 0.000 0.182 0.001
0.997 0.000 0.000 0.003 0.000 0.000 0.000 0.000 0.000
0.999 0.000 0.000 0.001 0.000 0.000 0.000 0.000 0.000
1.000 0.000 0.000 0.000 0.000 0.000 0.000 0.000 0.000
0.934 0.000 0.000 0.005 0.000 0.000 0.000 0.061 0.000
0.937 0.000 0.000 0.004 0.000 0.000 0.000 0.060 0.000
0.938 0.000 0.000 0.003 0.000 0.000 0.000 0.059 0.000
0.867 0.000 0.000 0.009 0.000 0.000 0.000 0.123 0.000
0.863 0.000 0.000 0.010 0.000 0.000 0.000 0.127 0.000
0.855 0.000 0.000 0.012 0.000 0.000 0.000 0.133 0.000
0.811 0.000 0.000 0.020 0.000 0.000 0.000 0.169 0.000
0.919 0.000 0.000 0.012 0.000 0.000 0.000 0.068 0.000
0.966 0.000 0.000 0.008 0.000 0.000 0.000 0.026 0.000
0.894 0.000 0.000 0.022 0.000 0.000 0.000 0.083 0.000
0.885 0.000 0.000 0.026 0.000 0.000 0.000 0.089 0.000
0.882 0.000 0.000 0.027 0.000 0.000 0.000 0.091 0.000
0.880 0.000 0.000 0.031 0.000 0.000 0.000 0.089 0.000
0.862 0.000 0.000 0.048 0.000 0.000 0.000 0.090 0.000
0.849 0.000 0.000 0.062 0.000 0.000 0.000 0.089 0.000
0.000 0.749 0.005 0.130 0.000 0.000 0.000 0.114 0.001
0.000 0.705 0.006 0.146 0.000 0.000 0.000 0.143 0.001
0.000 0.708 0.005 0.135 0.000 0.000 0.000 0.151 0.001
0.000 0.719 0.004 0.140 0.000 0.000 0.000 0.137 0.000
0.000 0.708 0.003 0.152 0.000 0.000 0.000 0.137 0.000
0.000 0.695 0.002 0.156 0.000 0.000 0.000 0.146 0.001
0.000 0.659 0.002 0.178 0.000 0.000 0.000 0.161 0.001
0.000 0.621 0.002 0.190 0.000 0.000 0.000 0.186 0.001
0.999 0.000 0.000 0.001 0.000 0.000 0.000 0.000 0.000
1.000 0.000 0.000 0.000 0.000 0.000 0.000 0.000 0.000
0.999 0.000 0.000 0.001 0.000 0.000 0.000 0.000 0.000
0.851 0.000 0.000 0.006 0.000 0.000 0.000 0.143 0.000
0.866 0.000 0.000 0.005 0.000 0.000 0.000 0.129 0.000
0.873 0.000 0.000 0.004 0.000 0.000 0.000 0.124 0.000
0.712 0.000 0.000 0.013 0.000 0.000 0.000 0.275 0.000
0.688 0.000 0.000 0.016 0.000 0.000 0.000 0.297 0.000
0.753 0.000 0.000 0.016 0.000 0.000 0.000 0.231 0.000
0.764 0.000 0.000 0.021 0.000 0.000 0.000 0.215 0.000
0.762 0.000 0.000 0.028 0.000 0.000 0.000 0.210 0.000
0.639 0.000 0.000 0.025 0.000 0.000 0.000 0.337 0.000
0.803 0.000 0.000 0.032 0.000 0.000 0.000 0.165 0.000
0.780 0.000 0.000 0.037 0.000 0.000 0.000 0.183 0.000
0.780 0.000 0.000 0.043 0.000 0.000 0.000 0.177 0.000
0.759 0.000 0.000 0.054 0.000 0.000 0.000 0.187 0.000
0.736 0.000 0.000 0.082 0.000 0.000 0.000 0.182 0.000
0.000 0.689 0.005 0.144 0.000 0.000 0.000 0.160 0.001
0.000 0.654 0.005 0.153 0.000 0.000 0.000 0.187 0.001
0.000 0.633 0.004 0.158 0.000 0.000 0.000 0.204 0.001
0.000 0.660 0.003 0.151 0.000 0.000 0.000 0.185 0.000
0.000 0.636 0.003 0.166 0.000 0.000 0.000 0.194 0.000
0.000 0.619 0.002 0.171 0.000 0.000 0.000 0.207 0.001
0.000 0.602 0.002 0.178 0.000 0.000 0.000 0.218 0.001
0.000 0.562 0.002 0.205 0.000 0.000 0.000 0.230 0.001
0.998 0.000 0.000 0.002 0.000 0.000 0.000 0.000 0.000
1.000 0.000 0.000 0.000 0.000 0.000 0.000 0.000 0.000
1.000 0.000 0.000 0.000 0.000 0.000 0.000 0.000 0.000
0.749 0.000 0.000 0.005 0.000 0.000 0.000 0.245 0.000
0.744 0.000 0.000 0.004 0.000 0.000 0.000 0.252 0.000
0.738 0.000 0.000 0.004 0.000 0.000 0.000 0.258 0.000
0.543 0.000 0.000 0.013 0.000 0.000 0.000 0.444 0.000
0.539 0.000 0.000 0.014 0.000 0.000 0.000 0.447 0.000
0.492 0.000 0.000 0.015 0.000 0.000 0.000 0.493 0.000
0.479 0.000 0.000 0.017 0.000 0.000 0.000 0.504 0.000
0.463 0.000 0.000 0.020 0.000 0.000 0.000 0.516 0.000
0.475 0.000 0.000 0.023 0.000 0.000 0.000 0.502 0.000
0.637 0.000 0.000 0.042 0.000 0.000 0.000 0.320 0.000
0.638 0.000 0.000 0.047 0.000 0.000 0.000 0.315 0.000
0.631 0.000 0.000 0.053 0.000 0.000 0.000 0.316 0.000
0.603 0.000 0.000 0.072 0.000 0.000 0.000 0.325 0.000
0.000 0.622 0.004 0.167 0.000 0.000 0.000 0.206 0.001
0.000 0.596 0.004 0.160 0.000 0.000 0.000 0.239 0.001
0.000 0.545 0.004 0.175 0.000 0.000 0.000 0.275 0.001
0.000 0.533 0.003 0.175 0.000 0.000 0.000 0.288 0.001
0.000 0.575 0.002 0.171 0.000 0.000 0.000 0.252 0.000
0.000 0.553 0.002 0.184 0.000 0.000 0.000 0.260 0.001
0.000 0.511 0.002 0.188 0.000 0.000 0.000 0.299 0.001
0.000 0.490 0.001 0.208 0.000 0.000 0.000 0.300 0.001
0.999 0.000 0.000 0.001 0.000 0.000 0.000 0.000 0.000
1.000 0.000 0.000 0.000 0.000 0.000 0.000 0.000 0.000
0.999 0.000 0.000 0.000 0.000 0.000 0.000 0.000 0.000
0.550 0.000 0.000 0.006 0.000 0.000 0.000 0.444 0.000
0.580 0.000 0.000 0.005 0.000 0.000 0.000 0.416 0.000
0.568 0.000 0.000 0.004 0.000 0.000 0.000 0.428 0.000
0.340 0.000 0.000 0.013 0.000 0.000 0.000 0.648 0.000
0.317 0.000 0.000 0.014 0.000 0.000 0.000 0.669 0.000
0.288 0.000 0.000 0.016 0.000 0.000 0.000 0.696 0.000
0.289 0.000 0.000 0.018 0.000 0.000 0.000 0.692 0.000
0.472 0.000 0.000 0.051 0.000 0.000 0.000 0.477 0.000
0.453 0.000 0.000 0.051 0.000 0.000 0.000 0.496 0.000
0.475 0.000 0.000 0.056 0.000 0.000 0.000 0.469 0.000
0.455 0.000 0.000 0.057 0.000 0.000 0.000 0.488 0.000
0.441 0.000 0.000 0.068 0.000 0.000 0.000 0.490 0.000
0.000 0.519 0.003 0.189 0.000 0.000 0.000 0.288 0.001
0.000 0.490 0.003 0.194 0.000 0.000 0.000 0.312 0.001
0.000 0.474 0.003 0.177 0.000 0.000 0.000 0.345 0.001
0.000 0.469 0.002 0.183 0.000 0.000 0.000 0.346 0.001
0.000 0.473 0.002 0.200 0.000 0.000 0.000 0.325 0.001
0.000 0.443 0.001 0.203 0.000 0.000 0.000 0.352 0.001
0.000 0.428 0.001 0.221 0.000 0.000 0.000 0.350 0.001
0.999 0.000 0.000 0.001 0.000 0.000 0.000 0.000 0.000
1.000 0.000 0.000 0.000 0.000 0.000 0.000 0.000 0.000
1.000 0.000 0.000 0.000 0.000 0.000 0.000 0.000 0.000
0.354 0.000 0.000 0.005 0.000 0.000 0.000 0.641 0.000
0.390 0.000 0.000 0.004 0.000 0.000 0.000 0.606 0.000
0.373 0.000 0.000 0.004 0.000 0.000 0.000 0.623 0.000
0.162 0.000 0.000 0.010 0.000 0.000 0.000 0.828 0.000
0.138 0.000 0.000 0.012 0.000 0.000 0.000 0.850 0.000
0.138 0.000 0.000 0.014 0.000 0.000 0.000 0.848 0.000
0.150 0.000 0.000 0.018 0.000 0.000 0.000 0.833 0.000
0.309 0.000 0.000 0.044 0.000 0.000 0.000 0.647 0.000
0.322 0.000 0.000 0.045 0.000 0.000 0.000 0.633 0.000
0.267 0.000 0.000 0.056 0.000 0.000 0.000 0.677 0.000
0.198 0.000 0.000 0.064 0.000 0.000 0.000 0.738 0.000
0.000 0.437 0.003 0.195 0.000 0.000 0.000 0.364 0.001
0.000 0.397 0.003 0.191 0.000 0.000 0.000 0.408 0.001
0.000 0.371 0.002 0.188 0.000 0.000 0.000 0.438 0.001
0.000 0.388 0.002 0.189 0.000 0.000 0.000 0.421 0.001
0.000 0.395 0.001 0.211 0.000 0.000 0.000 0.392 0.001
0.000 0.357 0.001 0.210 0.000 0.000 0.000 0.432 0.001
0.000 0.342 0.001 0.220 0.000 0.000 0.000 0.437 0.001
1.000 0.000 0.000 0.000 0.000 0.000 0.000 0.000 0.000
1.000 0.000 0.000 0.000 0.000 0.000 0.000 0.000 0.000
0.999 0.000 0.000 0.001 0.000 0.000 0.000 0.000 0.000
0.272 0.000 0.000 0.003 0.000 0.000 0.000 0.725 0.000
0.257 0.000 0.000 0.003 0.000 0.000 0.000 0.740 0.000
0.090 0.000 0.000 0.007 0.000 0.000 0.000 0.903 0.000
0.068 0.000 0.000 0.008 0.000 0.000 0.000 0.924 0.000
0.067 0.000 0.000 0.009 0.000 0.000 0.000 0.924 0.000
0.074 0.000 0.000 0.011 0.000 0.000 0.000 0.914 0.000
0.085 0.000 0.000 0.013 0.000 0.000 0.000 0.901 0.000
0.144 0.000 0.000 0.035 0.000 0.000 0.000 0.820 0.000
0.161 0.000 0.000 0.047 0.000 0.000 0.000 0.792 0.000
0.000 0.349 0.002 0.191 0.000 0.000 0.000 0.456 0.002
0.000 0.341 0.002 0.202 0.000 0.000 0.000 0.454 0.001
0.000 0.307 0.002 0.199 0.000 0.000 0.000 0.491 0.001
0.000 0.310 0.001 0.192 0.000 0.000 0.000 0.496 0.001
0.000 0.318 0.001 0.201 0.000 0.000 0.000 0.480 0.000
0.000 0.318 0.001 0.227 0.000 0.000 0.000 0.454 0.000
0.000 0.302 0.001 0.220 0.000 0.000 0.000 0.477 0.000
0.000 0.243 0.001 0.230 0.000 0.000 0.000 0.526 0.001
0.998 0.000 0.000 0.002 0.000 0.000 0.000 0.000 0.000
1.000 0.000 0.000 0.000 0.000 0.000 0.000 0.000 0.000
0.999 0.000 0.000 0.000 0.000 0.000 0.000 0.000 0.000
0.198 0.000 0.000 0.003 0.000 0.000 0.000 0.800 0.000
0.197 0.000 0.000 0.002 0.000 0.000 0.000 0.800 0.000
0.173 0.000 0.000 0.002 0.000 0.000 0.000 0.825 0.000
0.042 0.000 0.000 0.006 0.000 0.000 0.000 0.953 0.000
0.040 0.000 0.000 0.006 0.000 0.000 0.000 0.954 0.000
0.043 0.000 0.000 0.007 0.000 0.000 0.000 0.950 0.000
0.046 0.000 0.000 0.008 0.000 0.000 0.000 0.946 0.000
0.136 0.000 0.000 0.044 0.000 0.000 0.000 0.820 0.000
0.141 0.000 0.000 0.045 0.000 0.000 0.000 0.814 0.000
0.145 0.000 0.000 0.050 0.000 0.000 0.000 0.805 0.000
0.000 0.268 0.002 0.191 0.000 0.000 0.000 0.537 0.002
0.000 0.251 0.002 0.194 0.000 0.000 0.000 0.553 0.001
0.000 0.239 0.001 0.186 0.000 0.000 0.000 0.573 0.001
0.000 0.233 0.001 0.180 0.000 0.000 0.000 0.586 0.001
0.000 0.305 0.001 0.208 0.000 0.000 0.000 0.486 0.000
0.000 0.219 0.001 0.187 0.000 0.000 0.000 0.593 0.000
0.000 0.192 0.001 0.188 0.000 0.000 0.000 0.619 0.001
0.000 0.181 0.000 0.207 0.000 0.000 0.000 0.611 0.000
0.999 0.000 0.000 0.001 0.000 0.000 0.000 0.000 0.000
0.999 0.000 0.000 0.000 0.000 0.000 0.000 0.000 0.000
0.998 0.001 0.000 0.001 0.000 0.000 0.000 0.000 0.000
0.145 0.000 0.000 0.002 0.000 0.000 0.000 0.854 0.000
0.134 0.000 0.000 0.001 0.000 0.000 0.000 0.865 0.000
0.043 0.000 0.000 0.006 0.000 0.000 0.000 0.951 0.000
0.047 0.000 0.000 0.006 0.000 0.000 0.000 0.947 0.000
0.044 0.000 0.000 0.007 0.000 0.000 0.000 0.949 0.000
0.046 0.000 0.000 0.007 0.000 0.000 0.000 0.947 0.000
0.030 0.000 0.000 0.009 0.000 0.000 0.000 0.962 0.000
0.122 0.000 0.000 0.043 0.000 0.000 0.000 0.834 0.000
0.136 0.000 0.000 0.046 0.000 0.000 0.000 0.818 0.000
0.139 0.000 0.000 0.049 0.000 0.000 0.000 0.812 0.000
0.125 0.000 0.000 0.047 0.000 0.000 0.000 0.828 0.000
0.000 0.196 0.001 0.174 0.000 0.000 0.000 0.628 0.001
0.000 0.172 0.001 0.177 0.000 0.000 0.000 0.649 0.001
0.000 0.142 0.001 0.146 0.000 0.000 0.000 0.711 0.000
0.000 0.163 0.001 0.174 0.000 0.000 0.000 0.662 0.000
0.000 0.163 0.001 0.196 0.000 0.000 0.000 0.640 0.000
0.000 0.147 0.000 0.180 0.000 0.000 0.000 0.672 0.000
0.998 0.001 0.000 0.001 0.000 0.000 0.000 0.000 0.000
0.999 0.000 0.000 0.001 0.000 0.000 0.000 0.000 0.000
0.998 0.001 0.000 0.001 0.000 0.000 0.000 0.000 0.000
0.129 0.000 0.000 0.001 0.000 0.000 0.000 0.870 0.000
0.123 0.000 0.000 0.001 0.000 0.000 0.000 0.876 0.000
0.110 0.000 0.000 0.001 0.000 0.000 0.000 0.889 0.000
0.054 0.000 0.000 0.007 0.000 0.000 0.000 0.939 0.000
0.031 0.000 0.000 0.007 0.000 0.000 0.000 0.961 0.000
0.036 0.000 0.000 0.006 0.000 0.000 0.000 0.958 0.000
0.072 0.000 0.000 0.009 0.000 0.000 0.000 0.919 0.000
0.028 0.000 0.000 0.010 0.000 0.000 0.000 0.962 0.000
0.059 0.000 0.000 0.025 0.000 0.000 0.000 0.916 0.000
0.085 0.000 0.000 0.034 0.000 0.000 0.000 0.881 0.000
0.097 0.000 0.000 0.040 0.000 0.000 0.000 0.864 0.000
0.118 0.000 0.000 0.040 0.000 0.000 0.000 0.842 0.000
0.139 0.000 0.000 0.043 0.000 0.000 0.000 0.817 0.000
0.149 0.000 0.000 0.048 0.000 0.000 0.000 0.802 0.000
0.117 0.000 0.000 0.047 0.000 0.000 0.000 0.835 0.000
0.000 0.115 0.001 0.166 0.000 0.000 0.000 0.717 0.001
0.000 0.121 0.001 0.160 0.000 0.000 0.000 0.719 0.001
0.000 0.133 0.001 0.177 0.000 0.000 0.000 0.689 0.000
0.000 0.126 0.000 0.174 0.000 0.000 0.000 0.698 0.000
0.000 0.108 0.000 0.159 0.000 0.000 0.000 0.732 0.000
0.000 0.113 0.000 0.170 0.000 0.000 0.000 0.716 0.000
0.986 0.008 0.000 0.006 0.000 0.000 0.000 0.000 0.000
0.998 0.001 0.000 0.001 0.000 0.000 0.000 0.000 0.000
0.998 0.001 0.000 0.001 0.000 0.000 0.000 0.000 0.000
0.981 0.012 0.000 0.007 0.000 0.000 0.000 0.000 0.000
0.150 0.000 0.000 0.001 0.000 0.000 0.000 0.849 0.000
0.153 0.000 0.000 0.001 0.000 0.000 0.000 0.846 0.000
0.135 0.000 0.000 0.001 0.000 0.000 0.000 0.864 0.000
0.062 0.000 0.000 0.006 0.000 0.000 0.000 0.932 0.000
0.062 0.000 0.000 0.009 0.000 0.000 0.000 0.929 0.000
0.057 0.000 0.000 0.008 0.000 0.000 0.000 0.935 0.000
0.059 0.000 0.000 0.009 0.000 0.000 0.000 0.932 0.000
0.038 0.000 0.000 0.010 0.000 0.000 0.000 0.953 0.000
0.036 0.000 0.000 0.012 0.000 0.000 0.000 0.952 0.000
0.047 0.000 0.000 0.013 0.000 0.000 0.000 0.940 0.000
0.049 0.000 0.000 0.015 0.000 0.000 0.000 0.936 0.000
0.058 0.000 0.000 0.017 0.000 0.000 0.000 0.924 0.000
0.056 0.000 0.000 0.024 0.000 0.000 0.000 0.920 0.000
0.064 0.000 0.000 0.029 0.000 0.000 0.000 0.908 0.000
0.080 0.000 0.000 0.035 0.000 0.000 0.000 0.885 0.000
0.106 0.000 0.000 0.037 0.000 0.000 0.000 0.857 0.000
0.123 0.000 0.000 0.040 0.000 0.000 0.000 0.836 0.000
0.138 0.000 0.000 0.044 0.000 0.000 0.000 0.818 0.000
0.137 0.000 0.000 0.048 0.000 0.000 0.000 0.814 0.000
0.000 0.096 0.001 0.155 0.000 0.000 0.000 0.748 0.001
0.000 0.093 0.000 0.145 0.000 0.000 0.000 0.761 0.000
0.000 0.096 0.000 0.145 0.000 0.000 0.000 0.758 0.000
0.000 0.093 0.000 0.167 0.000 0.000 0.000 0.739 0.000
0.000 0.083 0.000 0.145 0.000 0.000 0.000 0.771 0.000
0.000 0.089 0.000 0.150 0.000 0.000 0.000 0.760 0.000
0.995 0.003 0.000 0.002 0.000 0.000 0.000 0.000 0.000
0.997 0.002 0.000 0.001 0.000 0.000 0.000 0.000 0.000
0.993 0.005 0.000 0.002 0.000 0.000 0.000 0.000 0.000
0.182 0.000 0.000 0.001 0.000 0.000 0.000 0.817 0.000
0.182 0.000 0.000 0.001 0.000 0.000 0.000 0.817 0.000
0.152 0.000 0.000 0.001 0.000 0.000 0.000 0.847 0.000
0.053 0.000 0.000 0.009 0.000 0.000 0.000 0.938 0.000
0.059 0.000 0.000 0.009 0.000 0.000 0.000 0.931 0.000
0.061 0.000 0.000 0.011 0.000 0.000 0.000 0.928 0.000
0.059 0.000 0.000 0.012 0.000 0.000 0.000 0.929 0.000
0.063 0.000 0.000 0.014 0.000 0.000 0.000 0.923 0.000
0.061 0.000 0.000 0.016 0.000 0.000 0.000 0.922 0.000
0.065 0.000 0.000 0.018 0.000 0.000 0.000 0.916 0.000
0.062 0.000 0.000 0.023 0.000 0.000 0.000 0.914 0.000
0.071 0.000 0.000 0.030 0.000 0.000 0.000 0.898 0.000
0.084 0.000 0.000 0.034 0.000 0.000 0.000 0.882 0.000
0.112 0.000 0.000 0.034 0.000 0.000 0.000 0.854 0.000
0.126 0.000 0.000 0.036 0.000 0.000 0.000 0.837 0.000
0.128 0.000 0.000 0.041 0.000 0.000 0.000 0.831 0.000
0.129 0.000 0.000 0.043 0.000 0.000 0.000 0.828 0.000
0.000 0.069 0.000 0.134 0.000 0.000 0.000 0.797 0.001
0.000 0.062 0.000 0.130 0.000 0.000 0.000 0.808 0.000
0.000 0.067 0.000 0.137 0.000 0.000 0.000 0.796 0.000
0.000 0.076 0.000 0.148 0.000 0.000 0.000 0.775 0.000
0.000 0.070 0.000 0.134 0.000 0.000 0.000 0.795 0.000
0.000 0.064 0.000 0.129 0.000 0.000 0.000 0.806 0.000
0.963 0.028 0.000 0.009 0.000 0.000 0.000 0.000 0.000
0.994 0.005 0.000 0.001 0.000 0.000 0.000 0.000 0.000
0.991 0.007 0.000 0.002 0.000 0.000 0.000 0.000 0.000
0.230 0.000 0.000 0.001 0.000 0.000 0.000 0.769 0.000
0.197 0.000 0.000 0.001 0.000 0.000 0.000 0.802 0.000
0.049 0.000 0.000 0.010 0.000 0.000 0.000 0.941 0.000
0.056 0.000 0.000 0.010 0.000 0.000 0.000 0.934 0.000
0.061 0.000 0.000 0.011 0.000 0.000 0.000 0.928 0.000
0.067 0.000 0.000 0.013 0.000 0.000 0.000 0.920 0.000
0.068 0.000 0.000 0.017 0.000 0.000 0.000 0.915 0.000
0.066 0.000 0.000 0.019 0.000 0.000 0.000 0.915 0.000
0.071 0.000 0.000 0.022 0.000 0.000 0.000 0.907 0.000
0.080 0.000 0.000 0.028 0.000 0.000 0.000 0.891 0.000
0.097 0.000 0.000 0.033 0.000 0.000 0.000 0.870 0.000
0.112 0.000 0.000 0.034 0.000 0.000 0.000 0.853 0.000
0.129 0.000 0.000 0.037 0.000 0.000 0.000 0.834 0.000
0.143 0.000 0.000 0.039 0.000 0.000 0.000 0.818 0.000
0.000 0.047 0.000 0.116 0.000 0.000 0.000 0.836 0.001
0.000 0.043 0.000 0.113 0.000 0.000 0.000 0.843 0.000
0.000 0.056 0.000 0.123 0.000 0.000 0.000 0.821 0.000
0.000 0.059 0.000 0.128 0.000 0.000 0.000 0.813 0.000
0.000 0.052 0.000 0.117 0.000 0.000 0.000 0.831 0.000
0.000 0.052 0.000 0.114 0.000 0.000 0.000 0.833 0.000
0.987 0.010 0.000 0.002 0.000 0.000 0.000 0.000 0.000
0.984 0.014 0.000 0.002 0.000 0.000 0.000 0.000 0.000
0.937 0.056 0.000 0.006 0.000 0.000 0.000 0.000 0.000
0.271 0.000 0.000 0.001 0.000 0.000 0.000 0.728 0.000
0.254 0.000 0.000 0.001 0.000 0.000 0.000 0.745 0.000
0.205 0.000 0.000 0.001 0.000 0.000 0.000 0.794 0.000
0.080 0.000 0.000 0.023 0.000 0.000 0.000 0.898 0.000
0.090 0.000 0.000 0.028 0.000 0.000 0.000 0.882 0.000
0.112 0.000 0.000 0.030 0.000 0.000 0.000 0.858 0.000
0.131 0.000 0.000 0.032 0.000 0.000 0.000 0.836 0.000
0.133 0.000 0.000 0.035 0.000 0.000 0.000 0.832 0.000
0.138 0.000 0.000 0.041 0.000 0.000 0.000 0.821 0.000
0.000 0.033 0.000 0.103 0.000 0.000 0.000 0.863 0.000
0.000 0.034 0.000 0.102 0.000 0.000 0.000 0.863 0.000
0.000 0.038 0.000 0.102 0.000 0.000 0.000 0.859 0.000
0.000 0.046 0.000 0.120 0.000 0.000 0.000 0.834 0.000
0.000 0.039 0.000 0.099 0.000 0.000 0.000 0.862 0.000
0.000 0.039 0.000 0.102 0.000 0.000 0.000 0.858 0.000
0.960 0.035 0.000 0.005 0.000 0.000 0.000 0.000 0.000
0.982 0.016 0.000 0.002 0.000 0.000 0.000 0.000 0.000
0.972 0.025 0.000 0.002 0.000 0.000 0.000 0.000 0.000
0.331 0.000 0.000 0.001 0.000 0.000 0.000 0.668 0.000
0.285 0.000 0.000 0.000 0.000 0.000 0.000 0.714 0.000
0.131 0.000 0.000 0.028 0.000 0.000 0.000 0.841 0.000
0.145 0.000 0.000 0.030 0.000 0.000 0.000 0.825 0.000
0.135 0.000 0.000 0.035 0.000 0.000 0.000 0.829 0.000
0.129 0.001 0.000 0.038 0.000 0.000 0.000 0.833 0.000
0.000 0.023 0.000 0.091 0.000 0.000 0.000 0.885 0.000
0.000 0.024 0.000 0.083 0.000 0.000 0.000 0.893 0.000
0.000 0.031 0.000 0.091 0.000 0.000 0.000 0.878 0.000
0.000 0.034 0.000 0.096 0.000 0.000 0.000 0.871 0.000
0.000 0.029 0.000 0.085 0.000 0.000 0.000 0.886 0.000
0.000 0.030 0.000 0.087 0.000 0.000 0.000 0.883 0.000
0.980 0.018 0.000 0.002 0.000 0.000 0.000 0.000 0.000
0.973 0.025 0.000 0.002 0.000 0.000 0.000 0.000 0.000
0.392 0.000 0.000 0.001 0.000 0.000 0.000 0.607 0.000
0.375 0.000 0.000 0.000 0.000 0.000 0.000 0.624 0.000
0.308 0.000 0.000 0.000 0.000 0.000 0.000 0.692 0.000
0.131 0.000 0.000 0.026 0.000 0.000 0.000 0.843 0.000
0.143 0.000 0.000 0.027 0.000 0.000 0.000 0.829 0.000
0.148 0.000 0.000 0.032 0.000 0.000 0.000 0.819 0.000
0.144 0.001 0.000 0.037 0.000 0.000 0.000 0.818 0.000
0.000 0.019 0.000 0.077 0.000 0.000 0.000 0.904 0.000
0.000 0.020 0.000 0.073 0.000 0.000 0.000 0.907 0.000
0.000 0.023 0.000 0.080 0.000 0.000 0.000 0.896 0.000
0.000 0.025 0.000 0.083 0.000 0.000 0.000 0.892 0.000
0.000 0.022 0.000 0.073 0.000 0.000 0.000 0.904 0.000
0.000 0.024 0.000 0.076 0.000 0.000 0.000 0.900 0.000
0.951 0.046 0.000 0.004 0.000 0.000 0.000 0.000 0.000
0.966 0.033 0.000 0.002 0.000 0.000 0.000 0.000 0.000
0.942 0.056 0.000 0.003 0.000 0.000 0.000 0.000 0.000
0.442 0.000 0.000 0.000 0.000 0.000 0.000 0.557 0.000
0.400 0.000 0.000 0.000 0.000 0.000 0.000 0.600 0.000
0.138 0.000 0.000 0.023 0.000 0.000 0.000 0.839 0.000
0.150 0.000 0.000 0.025 0.000 0.000 0.000 0.824 0.000
0.157 0.000 0.000 0.028 0.000 0.000 0.000 0.814 0.000
0.154 0.000 0.000 0.030 0.000 0.000 0.000 0.815 0.000
0.181 0.001 0.000 0.033 0.000 0.000 0.000 0.785 0.000
0.139 0.001 0.000 0.037 0.000 0.000 0.000 0.823 0.000
0.000 0.014 0.000 0.065 0.000 0.000 0.000 0.920 0.000
0.000 0.014 0.000 0.060 0.000 0.000 0.000 0.925 0.000
0.000 0.017 0.000 0.070 0.000 0.000 0.000 0.912 0.000
0.000 0.019 0.000 0.075 0.000 0.000 0.000 0.906 0.000
0.000 0.018 0.000 0.067 0.000 0.000 0.000 0.915 0.000
0.000 0.019 0.000 0.071 0.000 0.000 0.000 0.910 0.000
0.844 0.147 0.000 0.009 0.000 0.000 0.000 0.000 0.000
0.966 0.032 0.000 0.002 0.000 0.000 0.000 0.000 0.000
0.945 0.053 0.000 0.002 0.000 0.000 0.000 0.000 0.000
0.534 0.000 0.000 0.000 0.000 0.000 0.000 0.465 0.000
0.476 0.000 0.000 0.000 0.000 0.000 0.000 0.523 0.000
0.408 0.000 0.000 0.000 0.000 0.000 0.000 0.592 0.000
0.128 0.000 0.000 0.023 0.000 0.000 0.000 0.849 0.000
0.146 0.000 0.000 0.025 0.000 0.000 0.000 0.829 0.000
0.170 0.000 0.000 0.025 0.000 0.000 0.000 0.805 0.000
0.187 0.000 0.000 0.029 0.000 0.000 0.000 0.783 0.000
0.192 0.000 0.000 0.029 0.000 0.000 0.000 0.778 0.000
0.209 0.001 0.000 0.032 0.000 0.000 0.000 0.759 0.000
0.000 0.010 0.000 0.054 0.000 0.000 0.000 0.936 0.000
0.000 0.012 0.000 0.057 0.000 0.000 0.000 0.931 0.000
0.000 0.014 0.000 0.062 0.000 0.000 0.000 0.924 0.000
0.000 0.016 0.000 0.066 0.000 0.000 0.000 0.918 0.000
0.000 0.018 0.000 0.065 0.000 0.000 0.000 0.918 0.000
0.000 0.022 0.000 0.070 0.000 0.000 0.000 0.908 0.000
0.962 0.036 0.000 0.002 0.000 0.000 0.000 0.000 0.000
0.946 0.053 0.000 0.002 0.000 0.000 0.000 0.000 0.000
0.823 0.173 0.000 0.005 0.000 0.000 0.000 0.000 0.000
0.577 0.001 0.000 0.000 0.000 0.000 0.000 0.422 0.000
0.492 0.000 0.000 0.000 0.000 0.000 0.000 0.507 0.000
0.129 0.000 0.000 0.026 0.000 0.000 0.000 0.844 0.000
0.145 0.001 0.000 0.032 0.000 0.000 0.000 0.822 0.000
0.182 0.001 0.000 0.029 0.000 0.000 0.000 0.789 0.000
0.203 0.001 0.000 0.034 0.000 0.000 0.000 0.763 0.000
0.215 0.001 0.000 0.035 0.000 0.000 0.000 0.750 0.000
0.210 0.001 0.000 0.034 0.000 0.000 0.000 0.754 0.000
0.000 0.008 0.000 0.048 0.000 0.000 0.000 0.943 0.000
0.000 0.009 0.000 0.047 0.000 0.000 0.000 0.944 0.000
0.000 0.012 0.000 0.052 0.000 0.000 0.000 0.935 0.000
0.000 0.015 0.000 0.062 0.000 0.000 0.000 0.923 0.000
0.000 0.017 0.000 0.061 0.000 0.000 0.000 0.922 0.000
0.000 0.022 0.000 0.072 0.000 0.000 0.000 0.906 0.000
0.886 0.109 0.000 0.006 0.000 0.000 0.000 0.000 0.000
0.960 0.039 0.000 0.001 0.000 0.000 0.000 0.000 0.000
0.933 0.065 0.000 0.002 0.000 0.000 0.000 0.000 0.000
0.676 0.001 0.000 0.000 0.000 0.000 0.000 0.323 0.000
0.596 0.001 0.000 0.000 0.000 0.000 0.000 0.403 0.000
0.500 0.001 0.000 0.000 0.000 0.000 0.000 0.499 0.000
0.140 0.001 0.000 0.033 0.000 0.000 0.000 0.826 0.000
0.173 0.001 0.000 0.034 0.000 0.000 0.000 0.793 0.000
0.207 0.001 0.000 0.035 0.000 0.000 0.000 0.758 0.000
0.230 0.001 0.000 0.035 0.000 0.000 0.000 0.735 0.000
0.219 0.001 0.000 0.035 0.000 0.000 0.000 0.745 0.000
0.219 0.001 0.000 0.037 0.000 0.000 0.000 0.744 0.000
0.000 0.007 0.000 0.042 0.000 0.000 0.000 0.951 0.000
0.000 0.009 0.000 0.046 0.000 0.000 0.000 0.945 0.000
0.000 0.013 0.000 0.059 0.000 0.000 0.000 0.928 0.000
0.000 0.015 0.000 0.062 0.000 0.000 0.000 0.922 0.000
0.000 0.018 0.000 0.057 0.000 0.000 0.000 0.925 0.000
0.713 0.276 0.000 0.011 0.000 0.000 0.000 0.000 0.000
0.971 0.027 0.000 0.001 0.000 0.000 0.000 0.000 0.000
0.959 0.040 0.000 0.001 0.000 0.000 0.000 0.000 0.000
0.811 0.184 0.000 0.004 0.000 0.000 0.000 0.000 0.000
0.719 0.001 0.000 0.000 0.000 0.000 0.000 0.280 0.000
0.710 0.001 0.000 0.000 0.000 0.000 0.000 0.289 0.000
0.617 0.001 0.000 0.000 0.000 0.000 0.000 0.382 0.000
0.157 0.001 0.000 0.030 0.000 0.000 0.000 0.813 0.000
0.178 0.001 0.000 0.036 0.000 0.000 0.000 0.785 0.000
0.227 0.001 0.000 0.036 0.000 0.000 0.000 0.737 0.000
0.243 0.001 0.000 0.036 0.000 0.000 0.000 0.720 0.000
0.237 0.001 0.000 0.035 0.000 0.000 0.000 0.728 0.000
0.247 0.001 0.000 0.034 0.000 0.000 0.000 0.718 0.000
0.000 0.007 0.000 0.040 0.000 0.000 0.000 0.953 0.000
0.000 0.011 0.000 0.048 0.000 0.000 0.000 0.941 0.000
0.000 0.013 0.000 0.053 0.000 0.000 0.000 0.933 0.000
0.000 0.017 0.000 0.063 0.000 0.000 0.000 0.920 0.000
0.000 0.019 0.000 0.057 0.000 0.000 0.000 0.924 0.000
0.968 0.030 0.000 0.002 0.000 0.000 0.000 0.000 0.000
0.975 0.024 0.000 0.001 0.000 0.000 0.000 0.000 0.000
0.938 0.060 0.000 0.002 0.000 0.000 0.000 0.000 0.000
0.781 0.001 0.000 0.000 0.000 0.000 0.000 0.218 0.000
0.746 0.001 0.000 0.000 0.000 0.000 0.000 0.254 0.000
0.634 0.001 0.000 0.000 0.000 0.000 0.000 0.365 0.000
0.193 0.001 0.000 0.036 0.000 0.000 0.000 0.770 0.000
0.236 0.001 0.000 0.036 0.000 0.000 0.000 0.727 0.000
0.277 0.001 0.000 0.042 0.000 0.000 0.000 0.680 0.000
0.289 0.001 0.000 0.044 0.000 0.000 0.000 0.665 0.000
0.274 0.001 0.000 0.038 0.000 0.000 0.000 0.687 0.000
0.000 0.008 0.000 0.041 0.000 0.000 0.000 0.951 0.000
0.000 0.010 0.000 0.044 0.000 0.000 0.000 0.946 0.000
0.000 0.014 0.000 0.053 0.000 0.000 0.000 0.932 0.000
0.000 0.017 0.000 0.057 0.000 0.000 0.000 0.926 0.000
0.000 0.021 0.000 0.055 0.000 0.000 0.000 0.924 0.000
0.904 0.091 0.000 0.005 0.000 0.000 0.000 0.000 0.000
0.984 0.015 0.000 0.001 0.000 0.000 0.000 0.000 0.000
0.971 0.028 0.000 0.001 0.000 0.000 0.000 0.000 0.000
0.821 0.001 0.000 0.000 0.000 0.000 0.000 0.178 0.000
0.810 0.001 0.000 0.000 0.000 0.000 0.000 0.189 0.000
0.765 0.001 0.000 0.000 0.000 0.000 0.000 0.234 0.000
0.172 0.001 0.000 0.033 0.000 0.000 0.000 0.793 0.000
0.205 0.001 0.000 0.041 0.000 0.000 0.000 0.753 0.000
0.232 0.001 0.000 0.040 0.000 0.000 0.000 0.727 0.000
0.270 0.001 0.000 0.044 0.000 0.000 0.000 0.685 0.000
0.286 0.001 0.000 0.043 0.000 0.000 0.000 0.669 0.000
0.275 0.001 0.000 0.040 0.000 0.000 0.000 0.683 0.000
0.000 0.007 0.000 0.039 0.000 0.000 0.000 0.954 0.000
0.000 0.008 0.000 0.038 0.000 0.000 0.000 0.954 0.000
0.000 0.012 0.000 0.048 0.000 0.000 0.000 0.940 0.000
0.000 0.016 0.000 0.057 0.000 0.000 0.000 0.928 0.000
0.000 0.017 0.000 0.052 0.000 0.000 0.000 0.931 0.000
0.000 0.020 0.000 0.055 0.000 0.000 0.000 0.924 0.000
0.983 0.016 0.000 0.001 0.000 0.000 0.000 0.000 0.000
0.980 0.019 0.000 0.001 0.000 0.000 0.000 0.000 0.000
0.942 0.056 0.000 0.002 0.000 0.000 0.000 0.000 0.000
0.856 0.001 0.000 0.000 0.000 0.000 0.000 0.143 0.000
0.829 0.001 0.000 0.000 0.000 0.000 0.000 0.170 0.000
0.763 0.001 0.000 0.000 0.000 0.000 0.000 0.236 0.000
0.208 0.001 0.000 0.038 0.000 0.000 0.000 0.752 0.000
0.233 0.002 0.000 0.043 0.000 0.000 0.000 0.723 0.000
0.286 0.002 0.000 0.044 0.000 0.000 0.000 0.669 0.000
0.315 0.001 0.000 0.043 0.000 0.000 0.000 0.641 0.000
0.000 0.007 0.000 0.041 0.000 0.000 0.000 0.952 0.000
0.000 0.009 0.000 0.042 0.000 0.000 0.000 0.949 0.000
0.000 0.012 0.000 0.048 0.000 0.000 0.000 0.939 0.000
0.000 0.018 0.000 0.061 0.000 0.000 0.000 0.921 0.000
0.000 0.022 0.000 0.064 0.000 0.000 0.000 0.914 0.000
0.953 0.044 0.000 0.003 0.000 0.000 0.000 0.000 0.000
0.987 0.012 0.000 0.001 0.000 0.000 0.000 0.000 0.000
0.981 0.018 0.000 0.001 0.000 0.000 0.000 0.000 0.000
0.877 0.001 0.000 0.000 0.000 0.000 0.000 0.122 0.000
0.875 0.001 0.000 0.000 0.000 0.000 0.000 0.124 0.000
0.833 0.001 0.000 0.000 0.000 0.000 0.000 0.166 0.000
0.231 0.002 0.000 0.043 0.000 0.000 0.000 0.725 0.000
0.285 0.002 0.000 0.042 0.000 0.000 0.000 0.671 0.000
0.308 0.002 0.000 0.039 0.000 0.000 0.000 0.651 0.000
0.308 0.002 0.000 0.049 0.000 0.000 0.000 0.642 0.000
0.323 0.002 0.000 0.050 0.000 0.000 0.000 0.624 0.000
0.000 0.008 0.000 0.040 0.000 0.000 0.000 0.951 0.000
0.000 0.010 0.000 0.041 0.000 0.000 0.000 0.948 0.000
0.000 0.014 0.000 0.049 0.000 0.000 0.000 0.936 0.000
0.000 0.018 0.000 0.051 0.000 0.000 0.000 0.931 0.000
0.000 0.021 0.000 0.054 0.000 0.000 0.000 0.925 0.000
0.991 0.008 0.000 0.001 0.000 0.000 0.000 0.000 0.000
0.987 0.012 0.000 0.001 0.000 0.000 0.000 0.000 0.000
0.946 0.052 0.000 0.002 0.000 0.000 0.000 0.000 0.000
0.902 0.001 0.000 0.000 0.000 0.000 0.000 0.097 0.000
0.884 0.001 0.000 0.000 0.000 0.000 0.000 0.115 0.000
0.831 0.001 0.000 0.000 0.000 0.000 0.000 0.168 0.000
0.241 0.002 0.000 0.043 0.000 0.000 0.000 0.715 0.000
0.294 0.002 0.000 0.042 0.000 0.000 0.000 0.662 0.000
0.304 0.002 0.000 0.043 0.000 0.000 0.000 0.652 0.000
0.307 0.002 0.000 0.045 0.000 0.000 0.000 0.646 0.000
0.314 0.002 0.000 0.047 0.000 0.000 0.000 0.636 0.000
0.000 0.008 0.000 0.035 0.000 0.000 0.000 0.957 0.000
0.000 0.012 0.000 0.039 0.000 0.000 0.000 0.950 0.000
0.000 0.017 0.000 0.049 0.000 0.000 0.000 0.934 0.000
0.000 0.019 0.000 0.050 0.000 0.000 0.000 0.931 0.000
0.000 0.022 0.000 0.050 0.000 0.000 0.000 0.928 0.000
0.987 0.012 0.000 0.001 0.000 0.000 0.000 0.000 0.000
0.991 0.008 0.000 0.001 0.000 0.000 0.000 0.000 0.000
0.981 0.018 0.000 0.001 0.000 0.000 0.000 0.000 0.000
0.922 0.001 0.000 0.000 0.000 0.000 0.000 0.077 0.000
0.919 0.001 0.000 0.000 0.000 0.000 0.000 0.081 0.000
0.890 0.001 0.000 0.000 0.000 0.000 0.000 0.109 0.000
0.226 0.002 0.000 0.043 0.000 0.000 0.000 0.728 0.000
0.288 0.002 0.000 0.044 0.000 0.000 0.000 0.665 0.000
0.324 0.002 0.000 0.039 0.000 0.000 0.000 0.635 0.000
0.316 0.002 0.000 0.043 0.000 0.000 0.000 0.638 0.000
0.295 0.003 0.000 0.046 0.000 0.000 0.000 0.656 0.000
0.276 0.004 0.000 0.051 0.000 0.000 0.000 0.669 0.000
0.000 0.008 0.000 0.033 0.000 0.000 0.000 0.959 0.000
0.000 0.010 0.000 0.033 0.000 0.000 0.000 0.957 0.000
0.000 0.013 0.000 0.037 0.000 0.000 0.000 0.950 0.000
0.000 0.018 0.000 0.043 0.000 0.000 0.000 0.938 0.000
0.000 0.022 0.000 0.047 0.000 0.000 0.000 0.931 0.000
0.000 0.024 0.000 0.047 0.000 0.000 0.000 0.928 0.000
0.994 0.005 0.000 0.000 0.000 0.000 0.000 0.000 0.000
0.992 0.008 0.000 0.000 0.000 0.000 0.000 0.000 0.000
0.938 0.001 0.000 0.000 0.000 0.000 0.000 0.061 0.000
0.922 0.001 0.000 0.000 0.000 0.000 0.000 0.077 0.000
0.243 0.003 0.000 0.046 0.000 0.000 0.000 0.708 0.000
0.278 0.002 0.000 0.044 0.000 0.000 0.000 0.676 0.000
0.320 0.002 0.000 0.035 0.000 0.000 0.000 0.644 0.000
0.338 0.002 0.000 0.033 0.000 0.000 0.000 0.627 0.000
0.303 0.003 0.000 0.038 0.000 0.000 0.000 0.656 0.000
0.000 0.010 0.000 0.029 0.000 0.000 0.000 0.962 0.000
0.000 0.012 0.000 0.031 0.000 0.000 0.000 0.957 0.000
0.000 0.015 0.000 0.032 0.000 0.000 0.000 0.952 0.000
0.000 0.021 0.000 0.037 0.000 0.000 0.000 0.942 0.000
0.000 0.025 0.000 0.040 0.000 0.000 0.000 0.935 0.000
0.000 0.031 0.000 0.045 0.000 0.000 0.000 0.923 0.000
0.991 0.008 0.000 0.001 0.000 0.000 0.000 0.000 0.000
0.993 0.007 0.000 0.000 0.000 0.000 0.000 0.000 0.000
0.983 0.016 0.000 0.001 0.000 0.000 0.000 0.000 0.000
0.951 0.001 0.000 0.000 0.000 0.000 0.000 0.048 0.000
0.941 0.001 0.000 0.000 0.000 0.000 0.000 0.058 0.000
0.288 0.003 0.000 0.045 0.000 0.000 0.000 0.663 0.000
0.300 0.003 0.000 0.040 0.000 0.000 0.000 0.657 0.000
0.303 0.003 0.000 0.043 0.000 0.000 0.000 0.651 0.000
0.286 0.004 0.000 0.045 0.000 0.000 0.000 0.665 0.000
0.274 0.005 0.000 0.053 0.000 0.000 0.000 0.668 0.000
0.000 0.011 0.000 0.024 0.000 0.000 0.000 0.965 0.000
0.000 0.014 0.000 0.027 0.000 0.000 0.000 0.959 0.000
0.000 0.018 0.000 0.032 0.000 0.000 0.000 0.950 0.000
0.000 0.023 0.000 0.036 0.000 0.000 0.000 0.941 0.000
0.000 0.027 0.000 0.034 0.000 0.000 0.000 0.939 0.000
0.974 0.024 0.000 0.002 0.000 0.000 0.000 0.000 0.000
0.994 0.005 0.000 0.000 0.000 0.000 0.000 0.000 0.000
0.989 0.010 0.000 0.001 0.000 0.000 0.000 0.000 0.000
0.957 0.002 0.000 0.000 0.000 0.000 0.000 0.041 0.000
0.957 0.001 0.000 0.000 0.000 0.000 0.000 0.042 0.000
0.942 0.001 0.000 0.000 0.000 0.000 0.000 0.057 0.000
0.262 0.003 0.000 0.040 0.000 0.000 0.000 0.696 0.000
0.276 0.003 0.000 0.043 0.000 0.000 0.000 0.678 0.000
0.306 0.003 0.000 0.035 0.000 0.000 0.000 0.656 0.000
0.318 0.003 0.000 0.039 0.000 0.000 0.000 0.640 0.000
0.303 0.004 0.000 0.044 0.000 0.000 0.000 0.649 0.000
0.000 0.010 0.000 0.024 0.000 0.000 0.000 0.966 0.000
0.000 0.013 0.000 0.024 0.000 0.000 0.000 0.963 0.000
0.000 0.018 0.000 0.027 0.000 0.000 0.000 0.954 0.000
0.000 0.024 0.000 0.031 0.000 0.000 0.000 0.945 0.000
0.000 0.030 0.000 0.034 0.000 0.000 0.000 0.936 0.000
0.000 0.034 0.000 0.035 0.000 0.000 0.000 0.931 0.000
0.995 0.005 0.000 0.000 0.000 0.000 0.000 0.000 0.000
0.993 0.007 0.000 0.000 0.000 0.000 0.000 0.000 0.000
0.960 0.039 0.000 0.002 0.000 0.000 0.000 0.000 0.000
0.966 0.002 0.000 0.000 0.000 0.000 0.000 0.032 0.000
0.964 0.002 0.000 0.000 0.000 0.000 0.000 0.035 0.000
0.955 0.001 0.000 0.000 0.000 0.000 0.000 0.044 0.000
