0.796 0.000 0.000 0.204 0.000 0.000 0.000 0.000 0.000
0.963 0.000 0.000 0.037 0.000 0.000 0.000 0.000 0.000
0.969 0.000 0.000 0.031 0.000 0.000 0.000 0.000 0.000
0.998 0.000 0.000 0.001 0.000 0.000 0.000 0.000 0.000
0.998 0.000 0.000 0.002 0.000 0.000 0.000 0.000 0.000
0.998 0.000 0.000 0.002 0.000 0.000 0.000 0.000 0.000
0.998 0.000 0.000 0.001 0.000 0.000 0.000 0.000 0.000
0.999 0.000 0.000 0.001 0.000 0.000 0.000 0.000 0.000
0.000 0.877 0.102 0.003 0.000 0.000 0.000 0.017 0.000
0.000 0.885 0.094 0.004 0.000 0.000 0.000 0.017 0.000
0.000 0.882 0.095 0.005 0.000 0.000 0.000 0.019 0.000
0.000 0.894 0.082 0.005 0.000 0.000 0.000 0.019 0.000
0.000 0.885 0.086 0.005 0.000 0.000 0.000 0.024 0.000
0.000 0.866 0.097 0.006 0.000 0.000 0.000 0.032 0.000
0.000 0.879 0.080 0.006 0.000 0.000 0.000 0.035 0.000
0.000 0.906 0.056 0.007 0.000 0.000 0.000 0.032 0.000
0.000 0.943 0.029 0.004 0.000 0.000 0.000 0.024 0.000
0.949 0.000 0.000 0.051 0.000 0.000 0.000 0.000 0.000
0.972 0.000 0.000 0.028 0.000 0.000 0.000 0.000 0.000
0.930 0.000 0.000 0.070 0.000 0.000 0.000 0.000 0.000
0.999 0.000 0.000 0.001 0.000 0.000 0.000 0.000 0.000
0.998 0.000 0.000 0.001 0.000 0.000 0.000 0.000 0.000
0.998 0.000 0.000 0.002 0.000 0.000 0.000 0.001 0.000
0.998 0.000 0.000 0.002 0.000 0.000 0.000 0.001 0.000
0.998 0.000 0.000 0.001 0.000 0.000 0.000 0.001 0.000
0.998 0.000 0.000 0.001 0.000 0.000 0.000 0.000 0.000
0.000 0.834 0.129 0.005 0.000 0.000 0.000 0.032 0.000
0.000 0.824 0.134 0.006 0.000 0.000 0.000 0.036 0.000
0.000 0.821 0.131 0.007 0.000 0.000 0.000 0.041 0.000
0.000 0.825 0.120 0.007 0.000 0.000 0.000 0.047 0.000
0.000 0.823 0.112 0.009 0.000 0.000 0.000 0.056 0.000
0.000 0.874 0.070 0.008 0.000 0.000 0.000 0.047 0.000
0.000 0.911 0.043 0.008 0.000 0.000 0.000 0.039 0.000
0.000 0.895 0.049 0.009 0.000 0.000 0.000 0.047 0.000
0.000 0.919 0.032 0.007 0.000 0.000 0.000 0.041 0.000
0.860 0.000 0.000 0.140 0.000 0.000 0.000 0.000 0.000
0.978 0.000 0.000 0.022 0.000 0.000 0.000 0.000 0.000
0.978 0.000 0.000 0.022 0.000 0.000 0.000 0.000 0.000
0.999 0.000 0.000 0.001 0.000 0.000 0.000 0.000 0.000
0.998 0.000 0.000 0.001 0.000 0.000 0.000 0.001 0.000
0.998 0.000 0.000 0.001 0.000 0.000 0.000 0.001 0.000
0.997 0.000 0.000 0.002 0.000 0.000 0.000 0.001 0.000
0.997 0.000 0.000 0.002 0.000 0.000 0.000 0.001 0.000
0.998 0.000 0.000 0.001 0.000 0.000 0.000 0.001 0.000
0.998 0.000 0.000 0.001 0.000 0.000 0.000 0.001 0.000
0.998 0.000 0.000 0.001 0.000 0.000 0.000 0.001 0.000
0.000 0.744 0.183 0.009 0.000 0.000 0.000 0.064 0.000
0.000 0.746 0.169 0.011 0.000 0.000 0.000 0.074 0.000
0.000 0.756 0.144 0.011 0.000 0.000 0.000 0.088 0.000
0.000 0.834 0.084 0.010 0.000 0.000 0.000 0.072 0.000
0.000 0.857 0.066 0.010 0.000 0.000 0.000 0.067 0.000
0.000 0.860 0.059 0.011 0.000 0.000 0.000 0.070 0.000
0.000 0.836 0.066 0.014 0.000 0.000 0.000 0.084 0.000
0.000 0.828 0.062 0.014 0.000 0.000 0.000 0.096 0.000
0.000 0.837 0.050 0.013 0.000 0.000 0.000 0.100 0.000
0.813 0.000 0.000 0.187 0.000 0.000 0.000 0.000 0.000
0.970 0.000 0.000 0.030 0.000 0.000 0.000 0.000 0.000
0.984 0.000 0.000 0.016 0.000 0.000 0.000 0.000 0.000
0.927 0.000 0.000 0.073 0.000 0.000 0.000 0.000 0.000
0.999 0.000 0.000 0.001 0.000 0.000 0.000 0.001 0.000
0.998 0.000 0.000 0.001 0.000 0.000 0.000 0.001 0.000
0.998 0.000 0.000 0.001 0.000 0.000 0.000 0.001 0.000
0.997 0.000 0.000 0.002 0.000 0.000 0.000 0.002 0.000
0.996 0.000 0.000 0.002 0.000 0.000 0.000 0.002 0.000
0.997 0.000 0.000 0.001 0.000 0.000 0.000 0.001 0.000
0.998 0.000 0.000 0.001 0.000 0.000 0.000 0.001 0.000
0.997 0.000 0.000 0.001 0.000 0.000 0.000 0.002 0.000
0.997 0.000 0.000 0.001 0.000 0.000 0.000 0.002 0.000
0.994 0.000 0.000 0.003 0.000 0.000 0.000 0.003 0.000
0.995 0.000 0.000 0.003 0.000 0.000 0.000 0.002 0.000
0.000 0.749 0.141 0.011 0.000 0.000 0.000 0.099 0.000
0.000 0.820 0.083 0.013 0.000 0.000 0.000 0.084 0.000
0.000 0.791 0.089 0.015 0.000 0.000 0.000 0.105 0.000
0.000 0.783 0.083 0.013 0.000 0.000 0.000 0.121 0.000
0.000 0.791 0.074 0.015 0.000 0.000 0.000 0.120 0.000
0.000 0.799 0.061 0.016 0.000 0.000 0.000 0.123 0.000
0.000 0.779 0.059 0.019 0.000 0.000 0.000 0.142 0.000
0.000 0.766 0.055 0.021 0.000 0.000 0.000 0.158 0.000
0.000 0.723 0.060 0.021 0.000 0.000 0.000 0.195 0.000
0.956 0.000 0.000 0.044 0.000 0.000 0.000 0.000 0.000
0.983 0.000 0.000 0.017 0.000 0.000 0.000 0.000 0.000
0.975 0.000 0.000 0.025 0.000 0.000 0.000 0.000 0.000
0.997 0.000 0.000 0.001 0.000 0.000 0.000 0.002 0.000
0.997 0.000 0.000 0.001 0.000 0.000 0.000 0.002 0.000
0.996 0.000 0.000 0.001 0.000 0.000 0.000 0.003 0.000
0.995 0.000 0.000 0.002 0.000 0.000 0.000 0.003 0.000
0.994 0.000 0.000 0.002 0.000 0.000 0.000 0.004 0.000
0.993 0.000 0.000 0.002 0.000 0.000 0.000 0.005 0.000
0.989 0.000 0.000 0.006 0.000 0.000 0.000 0.005 0.000
0.982 0.000 0.000 0.008 0.000 0.000 0.000 0.009 0.000
0.000 0.757 0.085 0.016 0.000 0.000 0.000 0.141 0.000
0.000 0.697 0.096 0.020 0.000 0.000 0.000 0.187 0.000
0.000 0.647 0.102 0.021 0.000 0.000 0.000 0.230 0.000
0.000 0.671 0.082 0.020 0.000 0.000 0.000 0.227 0.000
0.000 0.734 0.054 0.023 0.000 0.000 0.000 0.188 0.000
0.000 0.699 0.052 0.026 0.000 0.000 0.000 0.222 0.000
0.000 0.661 0.051 0.027 0.000 0.000 0.000 0.261 0.000
0.000 0.607 0.054 0.030 0.000 0.000 0.000 0.308 0.000
0.000 0.541 0.061 0.031 0.000 0.000 0.000 0.367 0.000
0.893 0.000 0.000 0.107 0.000 0.000 0.000 0.000 0.000
0.984 0.000 0.000 0.016 0.000 0.000 0.000 0.000 0.000
0.986 0.000 0.000 0.014 0.000 0.000 0.000 0.000 0.000
0.985 0.000 0.000 0.005 0.000 0.000 0.000 0.010 0.000
0.992 0.000 0.000 0.002 0.000 0.000 0.000 0.006 0.000
0.993 0.000 0.000 0.002 0.000 0.000 0.000 0.006 0.000
0.992 0.000 0.000 0.002 0.000 0.000 0.000 0.006 0.000
0.991 0.000 0.000 0.002 0.000 0.000 0.000 0.007 0.000
0.987 0.000 0.000 0.003 0.000 0.000 0.000 0.011 0.000
0.984 0.000 0.000 0.003 0.000 0.000 0.000 0.013 0.000
0.979 0.000 0.000 0.004 0.000 0.000 0.000 0.017 0.000
0.962 0.000 0.000 0.011 0.000 0.000 0.000 0.027 0.000
0.000 0.668 0.083 0.024 0.000 0.000 0.000 0.226 0.000
0.000 0.657 0.074 0.027 0.000 0.000 0.000 0.242 0.000
0.000 0.524 0.093 0.028 0.000 0.000 0.000 0.355 0.000
0.000 0.521 0.081 0.027 0.000 0.000 0.000 0.371 0.000
0.000 0.570 0.060 0.031 0.000 0.000 0.000 0.339 0.000
0.000 0.562 0.047 0.032 0.000 0.000 0.000 0.359 0.000
0.000 0.518 0.046 0.037 0.000 0.000 0.000 0.398 0.000
0.000 0.456 0.048 0.040 0.000 0.000 0.000 0.457 0.000
0.000 0.395 0.049 0.039 0.000 0.000 0.000 0.517 0.000
0.972 0.000 0.000 0.028 0.000 0.000 0.000 0.000 0.000
0.988 0.000 0.000 0.012 0.000 0.000 0.000 0.000 0.000
0.977 0.000 0.000 0.023 0.000 0.000 0.000 0.000 0.000
0.968 0.000 0.000 0.007 0.000 0.000 0.000 0.025 0.000
0.974 0.000 0.000 0.005 0.000 0.000 0.000 0.021 0.000
0.977 0.000 0.000 0.004 0.000 0.000 0.000 0.019 0.000
0.975 0.000 0.000 0.004 0.000 0.000 0.000 0.021 0.000
0.980 0.000 0.000 0.003 0.000 0.000 0.000 0.017 0.000
0.981 0.000 0.000 0.003 0.000 0.000 0.000 0.016 0.000
0.984 0.000 0.000 0.003 0.000 0.000 0.000 0.014 0.000
0.984 0.000 0.000 0.002 0.000 0.000 0.000 0.014 0.000
0.982 0.000 0.000 0.003 0.000 0.000 0.000 0.015 0.000
0.983 0.000 0.000 0.003 0.000 0.000 0.000 0.014 0.000
0.981 0.000 0.000 0.003 0.000 0.000 0.000 0.016 0.000
0.970 0.000 0.000 0.004 0.000 0.000 0.000 0.026 0.000
0.972 0.000 0.000 0.004 0.000 0.000 0.000 0.024 0.000
0.961 0.000 0.000 0.006 0.000 0.000 0.000 0.032 0.000
0.953 0.000 0.000 0.010 0.000 0.000 0.000 0.038 0.000
0.000 0.391 0.084 0.028 0.000 0.000 0.000 0.497 0.000
0.000 0.344 0.082 0.031 0.000 0.000 0.000 0.542 0.000
0.000 0.310 0.077 0.030 0.000 0.000 0.000 0.583 0.000
0.000 0.425 0.050 0.037 0.000 0.000 0.000 0.488 0.000
0.000 0.406 0.042 0.041 0.000 0.000 0.000 0.511 0.000
0.000 0.393 0.034 0.041 0.000 0.000 0.000 0.532 0.000
0.000 0.332 0.035 0.047 0.000 0.000 0.000 0.587 0.000
0.000 0.281 0.035 0.049 0.000 0.000 0.000 0.635 0.000
0.938 0.000 0.000 0.062 0.000 0.000 0.000 0.000 0.000
0.988 0.000 0.000 0.012 0.000 0.000 0.000 0.000 0.000
0.987 0.000 0.000 0.013 0.000 0.000 0.000 0.000 0.000
0.940 0.000 0.000 0.007 0.000 0.000 0.000 0.052 0.000
0.945 0.000 0.000 0.006 0.000 0.000 0.000 0.049 0.000
0.953 0.000 0.000 0.004 0.000 0.000 0.000 0.043 0.000
0.958 0.000 0.000 0.004 0.000 0.000 0.000 0.038 0.000
0.962 0.000 0.000 0.003 0.000 0.000 0.000 0.035 0.000
0.964 0.000 0.000 0.003 0.000 0.000 0.000 0.032 0.000
0.958 0.000 0.000 0.004 0.000 0.000 0.000 0.037 0.000
0.958 0.000 0.000 0.005 0.000 0.000 0.000 0.037 0.000
0.943 0.000 0.000 0.011 0.000 0.000 0.000 0.046 0.000
0.971 0.000 0.000 0.003 0.000 0.000 0.000 0.026 0.000
0.960 0.000 0.000 0.003 0.000 0.000 0.000 0.037 0.000
0.953 0.000 0.000 0.004 0.000 0.000 0.000 0.043 0.000
0.938 0.000 0.000 0.005 0.000 0.000 0.000 0.057 0.000
0.920 0.000 0.000 0.010 0.000 0.000 0.000 0.071 0.000
0.920 0.000 0.000 0.010 0.000 0.000 0.000 0.070 0.000
0.000 0.274 0.058 0.033 0.000 0.000 0.000 0.635 0.000
0.000 0.238 0.054 0.033 0.000 0.000 0.000 0.674 0.000
0.000 0.196 0.055 0.030 0.000 0.000 0.000 0.719 0.000
0.000 0.232 0.041 0.034 0.000 0.000 0.000 0.693 0.000
0.000 0.251 0.032 0.040 0.000 0.000 0.000 0.676 0.000
0.000 0.245 0.025 0.040 0.000 0.000 0.000 0.690 0.000
0.000 0.228 0.023 0.049 0.000 0.000 0.000 0.699 0.000
0.000 0.161 0.026 0.038 0.000 0.000 0.000 0.775 0.000
0.891 0.001 0.000 0.109 0.000 0.000 0.000 0.000 0.000
0.985 0.000 0.000 0.015 0.000 0.000 0.000 0.000 0.000
0.990 0.000 0.000 0.010 0.000 0.000 0.000 0.000 0.000
0.868 0.000 0.000 0.009 0.000 0.000 0.000 0.123 0.000
0.884 0.000 0.000 0.007 0.000 0.000 0.000 0.109 0.000
0.895 0.000 0.000 0.006 0.000 0.000 0.000 0.099 0.000
0.920 0.000 0.000 0.005 0.000 0.000 0.000 0.075 0.000
0.919 0.000 0.000 0.005 0.000 0.000 0.000 0.076 0.000
0.915 0.000 0.000 0.005 0.000 0.000 0.000 0.080 0.000
0.888 0.000 0.000 0.009 0.000 0.000 0.000 0.103 0.000
0.970 0.000 0.000 0.003 0.000 0.000 0.000 0.026 0.000
0.989 0.000 0.000 0.002 0.000 0.000 0.000 0.009 0.000
0.941 0.000 0.000 0.003 0.000 0.000 0.000 0.055 0.000
0.931 0.000 0.000 0.004 0.000 0.000 0.000 0.065 0.000
0.918 0.000 0.000 0.004 0.000 0.000 0.000 0.078 0.000
0.909 0.000 0.000 0.005 0.000 0.000 0.000 0.087 0.000
0.869 0.000 0.000 0.008 0.000 0.000 0.000 0.123 0.000
0.847 0.000 0.000 0.010 0.000 0.000 0.000 0.142 0.000
0.000 0.180 0.039 0.035 0.000 0.000 0.000 0.747 0.000
0.000 0.136 0.040 0.036 0.000 0.000 0.000 0.788 0.000
0.000 0.131 0.033 0.032 0.000 0.000 0.000 0.804 0.000
0.000 0.144 0.028 0.037 0.000 0.000 0.000 0.792 0.000
0.000 0.148 0.023 0.042 0.000 0.000 0.000 0.787 0.000
0.000 0.152 0.019 0.042 0.000 0.000 0.000 0.787 0.000
0.000 0.162 0.017 0.046 0.000 0.000 0.000 0.775 0.000
0.000 0.158 0.016 0.047 0.000 0.000 0.000 0.780 0.000
0.966 0.000 0.000 0.033 0.000 0.000 0.000 0.000 0.000
0.991 0.000 0.000 0.009 0.000 0.000 0.000 0.000 0.000
0.989 0.000 0.000 0.011 0.000 0.000 0.000 0.000 0.000
0.693 0.000 0.000 0.011 0.000 0.000 0.000 0.297 0.000
0.747 0.000 0.000 0.009 0.000 0.000 0.000 0.244 0.000
0.775 0.000 0.000 0.007 0.000 0.000 0.000 0.218 0.000
0.826 0.000 0.000 0.006 0.000 0.000 0.000 0.168 0.000
0.817 0.000 0.000 0.008 0.000 0.000 0.000 0.176 0.000
0.870 0.000 0.000 0.006 0.000 0.000 0.000 0.125 0.000
0.856 0.000 0.000 0.007 0.000 0.000 0.000 0.137 0.000
0.868 0.000 0.000 0.009 0.000 0.000 0.000 0.123 0.000
0.766 0.000 0.000 0.008 0.000 0.000 0.000 0.226 0.000
0.891 0.000 0.000 0.004 0.000 0.000 0.000 0.105 0.000
0.854 0.000 0.000 0.005 0.000 0.000 0.000 0.142 0.000
0.844 0.000 0.000 0.005 0.000 0.000 0.000 0.151 0.000
0.792 0.000 0.000 0.007 0.000 0.000 0.000 0.201 0.000
0.739 0.000 0.000 0.011 0.000 0.000 0.000 0.250 0.000
0.000 0.098 0.026 0.031 0.000 0.000 0.000 0.846 0.000
0.000 0.081 0.023 0.030 0.000 0.000 0.000 0.865 0.000
0.000 0.070 0.022 0.030 0.000 0.000 0.000 0.878 0.000
0.000 0.084 0.019 0.032 0.000 0.000 0.000 0.865 0.000
0.000 0.086 0.017 0.037 0.000 0.000 0.000 0.860 0.000
0.000 0.099 0.014 0.036 0.000 0.000 0.000 0.850 0.000
0.000 0.109 0.012 0.037 0.000 0.000 0.000 0.842 0.000
0.000 0.117 0.011 0.043 0.000 0.000 0.000 0.828 0.000
0.900 0.001 0.000 0.099 0.000 0.000 0.000 0.000 0.000
0.990 0.000 0.000 0.010 0.000 0.000 0.000 0.000 0.000
0.993 0.000 0.000 0.007 0.000 0.000 0.000 0.000 0.000
0.558 0.000 0.000 0.008 0.000 0.000 0.000 0.434 0.000
0.573 0.000 0.000 0.007 0.000 0.000 0.000 0.420 0.000
0.576 0.000 0.000 0.007 0.000 0.000 0.000 0.417 0.000
0.717 0.000 0.000 0.006 0.000 0.000 0.000 0.278 0.000
0.717 0.000 0.000 0.005 0.000 0.000 0.000 0.277 0.000
0.663 0.000 0.000 0.006 0.000 0.000 0.000 0.331 0.000
0.667 0.000 0.000 0.006 0.000 0.000 0.000 0.326 0.000
0.648 0.000 0.000 0.007 0.000 0.000 0.000 0.344 0.000
0.663 0.000 0.000 0.007 0.000 0.000 0.000 0.329 0.000
0.771 0.000 0.000 0.005 0.000 0.000 0.000 0.224 0.000
0.750 0.000 0.000 0.005 0.000 0.000 0.000 0.245 0.000
0.715 0.000 0.000 0.006 0.000 0.000 0.000 0.279 0.000
0.634 0.000 0.000 0.007 0.000 0.000 0.000 0.359 0.000
0.000 0.070 0.019 0.033 0.000 0.000 0.000 0.878 0.000
0.000 0.058 0.017 0.028 0.000 0.000 0.000 0.897 0.000
0.000 0.048 0.018 0.030 0.000 0.000 0.000 0.905 0.000
0.000 0.050 0.016 0.030 0.000 0.000 0.000 0.904 0.000
0.000 0.073 0.014 0.034 0.000 0.000 0.000 0.880 0.000
0.000 0.082 0.012 0.037 0.000 0.000 0.000 0.869 0.000
0.000 0.081 0.011 0.035 0.000 0.000 0.000 0.873 0.000
0.000 0.096 0.009 0.041 0.000 0.000 0.000 0.854 0.000
0.980 0.000 0.000 0.019 0.000 0.000 0.000 0.000 0.000
0.994 0.000 0.000 0.006 0.000 0.000 0.000 0.000 0.000
0.989 0.000 0.000 0.011 0.000 0.000 0.000 0.000 0.000
0.340 0.000 0.000 0.007 0.000 0.000 0.000 0.652 0.000
0.380 0.000 0.000 0.006 0.000 0.000 0.000 0.614 0.000
0.375 0.000 0.000 0.006 0.000 0.000 0.000 0.619 0.000
0.554 0.000 0.000 0.005 0.000 0.000 0.000 0.441 0.000
0.533 0.000 0.000 0.005 0.000 0.000 0.000 0.461 0.000
0.486 0.000 0.000 0.006 0.000 0.000 0.000 0.508 0.000
0.487 0.000 0.000 0.006 0.000 0.000 0.000 0.506 0.000
0.674 0.000 0.000 0.005 0.000 0.000 0.000 0.321 0.000
0.618 0.000 0.000 0.005 0.000 0.000 0.000 0.377 0.000
0.624 0.000 0.000 0.005 0.000 0.000 0.000 0.371 0.000
0.539 0.000 0.000 0.005 0.000 0.000 0.000 0.456 0.000
0.495 0.000 0.000 0.006 0.000 0.000 0.000 0.500 0.000
0.000 0.050 0.015 0.036 0.000 0.000 0.000 0.899 0.000
0.000 0.049 0.014 0.037 0.000 0.000 0.000 0.900 0.000
0.000 0.048 0.014 0.031 0.000 0.000 0.000 0.907 0.000
0.000 0.057 0.013 0.033 0.000 0.000 0.000 0.897 0.000
0.000 0.075 0.011 0.040 0.000 0.000 0.000 0.874 0.000
0.000 0.080 0.009 0.039 0.000 0.000 0.000 0.871 0.000
0.000 0.094 0.008 0.045 0.000 0.000 0.000 0.853 0.000
0.955 0.001 0.000 0.044 0.000 0.000 0.000 0.000 0.000
0.994 0.000 0.000 0.006 0.000 0.000 0.000 0.000 0.000
0.994 0.000 0.000 0.006 0.000 0.000 0.000 0.000 0.000
0.173 0.000 0.000 0.005 0.000 0.000 0.000 0.822 0.000
0.220 0.000 0.000 0.005 0.000 0.000 0.000 0.775 0.000
0.217 0.000 0.000 0.004 0.000 0.000 0.000 0.779 0.000
0.335 0.000 0.000 0.004 0.000 0.000 0.000 0.661 0.000
0.281 0.000 0.000 0.005 0.000 0.000 0.000 0.714 0.000
0.284 0.000 0.000 0.005 0.000 0.000 0.000 0.711 0.000
0.309 0.000 0.000 0.005 0.000 0.000 0.000 0.685 0.000
0.514 0.000 0.000 0.004 0.000 0.000 0.000 0.482 0.000
0.505 0.000 0.000 0.004 0.000 0.000 0.000 0.491 0.000
0.390 0.000 0.000 0.005 0.000 0.000 0.000 0.605 0.000
0.232 0.000 0.000 0.005 0.000 0.000 0.000 0.763 0.000
0.000 0.043 0.013 0.037 0.000 0.000 0.000 0.908 0.000
0.000 0.040 0.013 0.034 0.000 0.000 0.000 0.913 0.000
0.000 0.041 0.012 0.033 0.000 0.000 0.000 0.914 0.000
0.000 0.051 0.011 0.035 0.000 0.000 0.000 0.903 0.000
0.000 0.068 0.010 0.043 0.000 0.000 0.000 0.879 0.000
0.000 0.068 0.009 0.042 0.000 0.000 0.000 0.882 0.000
0.000 0.080 0.008 0.045 0.000 0.000 0.000 0.867 0.000
0.992 0.000 0.000 0.008 0.000 0.000 0.000 0.000 0.000
0.995 0.000 0.000 0.005 0.000 0.000 0.000 0.000 0.000
0.982 0.001 0.000 0.017 0.000 0.000 0.000 0.000 0.000
0.125 0.000 0.000 0.003 0.000 0.000 0.000 0.872 0.000
0.131 0.000 0.000 0.003 0.000 0.000 0.000 0.867 0.000
0.237 0.000 0.000 0.003 0.000 0.000 0.000 0.760 0.000
0.169 0.000 0.000 0.003 0.000 0.000 0.000 0.828 0.000
0.167 0.000 0.000 0.003 0.000 0.000 0.000 0.830 0.000
0.187 0.000 0.000 0.003 0.000 0.000 0.000 0.810 0.000
0.225 0.000 0.000 0.003 0.000 0.000 0.000 0.772 0.000
0.291 0.000 0.000 0.003 0.000 0.000 0.000 0.706 0.000
0.296 0.000 0.000 0.004 0.000 0.000 0.000 0.700 0.000
0.000 0.036 0.011 0.035 0.000 0.000 0.000 0.917 0.000
0.000 0.042 0.011 0.039 0.000 0.000 0.000 0.908 0.000
0.000 0.040 0.011 0.039 0.000 0.000 0.000 0.911 0.000
0.000 0.045 0.010 0.038 0.000 0.000 0.000 0.906 0.000
0.000 0.058 0.009 0.042 0.000 0.000 0.000 0.891 0.000
0.000 0.074 0.008 0.052 0.000 0.000 0.000 0.866 0.000
0.000 0.079 0.007 0.049 0.000 0.000 0.000 0.864 0.000
0.000 0.073 0.007 0.053 0.000 0.000 0.000 0.867 0.000
0.966 0.001 0.000 0.033 0.000 0.000 0.000 0.000 0.000
0.996 0.000 0.000 0.004 0.000 0.000 0.000 0.000 0.000
0.995 0.000 0.000 0.005 0.000 0.000 0.000 0.000 0.000
0.067 0.000 0.000 0.002 0.000 0.000 0.000 0.931 0.000
0.078 0.000 0.000 0.002 0.000 0.000 0.000 0.920 0.000
0.075 0.000 0.000 0.002 0.000 0.000 0.000 0.923 0.000
0.114 0.000 0.000 0.002 0.000 0.000 0.000 0.884 0.000
0.102 0.000 0.000 0.002 0.000 0.000 0.000 0.896 0.000
0.106 0.000 0.000 0.002 0.000 0.000 0.000 0.892 0.000
0.112 0.000 0.000 0.002 0.000 0.000 0.000 0.886 0.000
0.191 0.000 0.000 0.003 0.000 0.000 0.000 0.806 0.000
0.179 0.000 0.000 0.003 0.000 0.000 0.000 0.818 0.000
0.164 0.000 0.000 0.003 0.000 0.000 0.000 0.833 0.000
0.000 0.031 0.010 0.037 0.000 0.000 0.000 0.921 0.000
0.000 0.033 0.010 0.039 0.000 0.000 0.000 0.918 0.000
0.000 0.035 0.009 0.038 0.000 0.000 0.000 0.917 0.000
0.000 0.038 0.009 0.037 0.000 0.000 0.000 0.916 0.000
0.000 0.064 0.009 0.051 0.000 0.000 0.000 0.876 0.000
0.000 0.048 0.008 0.042 0.000 0.000 0.000 0.902 0.000
0.000 0.055 0.006 0.043 0.000 0.000 0.000 0.896 0.000
0.000 0.062 0.006 0.051 0.000 0.000 0.000 0.881 0.000
0.994 0.000 0.000 0.005 0.000 0.000 0.000 0.000 0.000
0.996 0.000 0.000 0.003 0.000 0.000 0.000 0.000 0.000
0.985 0.002 0.000 0.013 0.000 0.000 0.000 0.000 0.000
0.046 0.000 0.000 0.001 0.000 0.000 0.000 0.953 0.000
0.048 0.000 0.000 0.001 0.000 0.000 0.000 0.951 0.000
0.058 0.000 0.000 0.001 0.000 0.000 0.000 0.941 0.000
0.063 0.000 0.000 0.001 0.000 0.000 0.000 0.936 0.000
0.057 0.000 0.000 0.001 0.000 0.000 0.000 0.942 0.000
0.058 0.000 0.000 0.001 0.000 0.000 0.000 0.941 0.000
0.032 0.000 0.000 0.001 0.000 0.000 0.000 0.967 0.000
0.118 0.000 0.000 0.002 0.000 0.000 0.000 0.879 0.000
0.116 0.000 0.000 0.002 0.000 0.000 0.000 0.881 0.000
0.109 0.000 0.000 0.002 0.000 0.000 0.000 0.889 0.000
0.082 0.000 0.000 0.002 0.000 0.000 0.000 0.916 0.000
0.000 0.030 0.008 0.037 0.000 0.000 0.000 0.924 0.000
0.000 0.029 0.009 0.040 0.000 0.000 0.000 0.922 0.000
0.000 0.023 0.010 0.032 0.000 0.000 0.000 0.935 0.000
0.000 0.035 0.008 0.042 0.000 0.000 0.000 0.915 0.000
0.000 0.047 0.006 0.050 0.000 0.000 0.000 0.897 0.000
0.000 0.049 0.005 0.045 0.000 0.000 0.000 0.901 0.000
0.988 0.001 0.000 0.011 0.000 0.000 0.000 0.000 0.000
0.996 0.001 0.000 0.003 0.000 0.000 0.000 0.000 0.000
0.993 0.001 0.000 0.005 0.000 0.000 0.000 0.000 0.000
0.033 0.000 0.000 0.001 0.000 0.000 0.000 0.966 0.000
0.035 0.000 0.000 0.001 0.000 0.000 0.000 0.964 0.000
0.035 0.000 0.000 0.001 0.000 0.000 0.000 0.964 0.000
0.078 0.000 0.000 0.001 0.000 0.000 0.000 0.921 0.000
0.038 0.000 0.000 0.001 0.000 0.000 0.000 0.961 0.000
0.052 0.000 0.000 0.001 0.000 0.000 0.000 0.947 0.000
0.123 0.000 0.000 0.001 0.000 0.000 0.000 0.876 0.000
0.038 0.000 0.000 0.002 0.000 0.000 0.000 0.960 0.000
0.054 0.000 0.000 0.002 0.000 0.000 0.000 0.944 0.000
0.082 0.000 0.000 0.002 0.000 0.000 0.000 0.916 0.000
0.093 0.000 0.000 0.002 0.000 0.000 0.000 0.905 0.000
0.112 0.000 0.000 0.002 0.000 0.000 0.000 0.886 0.000
0.125 0.000 0.000 0.002 0.000 0.000 0.000 0.873 0.000
0.122 0.000 0.000 0.002 0.000 0.000 0.000 0.876 0.000
0.077 0.000 0.000 0.002 0.000 0.000 0.000 0.921 0.000
0.000 0.021 0.007 0.040 0.000 0.000 0.000 0.931 0.000
0.000 0.026 0.006 0.039 0.000 0.000 0.000 0.929 0.000
0.000 0.035 0.006 0.046 0.000 0.000 0.000 0.914 0.000
0.000 0.040 0.005 0.046 0.000 0.000 0.000 0.910 0.000
0.000 0.038 0.004 0.042 0.000 0.000 0.000 0.915 0.000
0.000 0.045 0.004 0.048 0.000 0.000 0.000 0.903 0.000
0.954 0.005 0.000 0.039 0.000 0.000 0.000 0.002 0.000
0.997 0.000 0.000 0.003 0.000 0.000 0.000 0.000 0.000
0.996 0.001 0.000 0.003 0.000 0.000 0.000 0.000 0.000
0.952 0.012 0.000 0.035 0.000 0.000 0.000 0.001 0.000
0.034 0.000 0.000 0.001 0.000 0.000 0.000 0.966 0.000
0.041 0.000 0.000 0.001 0.000 0.000 0.000 0.959 0.000
0.040 0.000 0.000 0.001 0.000 0.000 0.000 0.959 0.000
0.103 0.000 0.000 0.001 0.000 0.000 0.000 0.896 0.000
0.087 0.000 0.000 0.001 0.000 0.000 0.000 0.911 0.000
0.085 0.000 0.000 0.001 0.000 0.000 0.000 0.913 0.000
0.087 0.000 0.000 0.001 0.000 0.000 0.000 0.912 0.000
0.063 0.000 0.000 0.002 0.000 0.000 0.000 0.935 0.000
0.056 0.000 0.000 0.002 0.000 0.000 0.000 0.942 0.000
0.061 0.000 0.000 0.002 0.000 0.000 0.000 0.937 0.000
0.054 0.000 0.000 0.001 0.000 0.000 0.000 0.944 0.000
0.064 0.000 0.000 0.001 0.000 0.000 0.000 0.934 0.000
0.056 0.000 0.000 0.002 0.000 0.000 0.000 0.942 0.000
0.064 0.000 0.000 0.002 0.000 0.000 0.000 0.934 0.000
0.081 0.000 0.000 0.002 0.000 0.000 0.000 0.917 0.000
0.112 0.000 0.000 0.002 0.000 0.000 0.000 0.886 0.000
0.123 0.000 0.000 0.002 0.000 0.000 0.000 0.875 0.000
0.129 0.000 0.000 0.002 0.000 0.000 0.000 0.869 0.000
0.113 0.000 0.000 0.002 0.000 0.000 0.000 0.885 0.000
0.000 0.022 0.005 0.039 0.000 0.000 0.000 0.935 0.000
0.000 0.023 0.005 0.037 0.000 0.000 0.000 0.935 0.000
0.000 0.028 0.004 0.038 0.000 0.000 0.000 0.930 0.000
0.000 0.033 0.004 0.047 0.000 0.000 0.000 0.916 0.000
0.000 0.031 0.003 0.042 0.000 0.000 0.000 0.923 0.000
0.000 0.037 0.003 0.045 0.000 0.000 0.000 0.915 0.000
0.994 0.001 0.000 0.005 0.000 0.000 0.000 0.000 0.000
0.997 0.001 0.000 0.002 0.000 0.000 0.000 0.000 0.000
0.993 0.002 0.000 0.004 0.000 0.000 0.000 0.000 0.000
0.047 0.000 0.000 0.001 0.000 0.000 0.000 0.952 0.000
0.053 0.000 0.000 0.001 0.000 0.000 0.000 0.946 0.000
0.047 0.000 0.000 0.001 0.000 0.000 0.000 0.952 0.000
0.082 0.000 0.000 0.001 0.000 0.000 0.000 0.916 0.000
0.090 0.000 0.000 0.001 0.000 0.000 0.000 0.909 0.000
0.090 0.000 0.000 0.001 0.000 0.000 0.000 0.909 0.000
0.082 0.000 0.000 0.001 0.000 0.000 0.000 0.917 0.000
0.082 0.000 0.000 0.001 0.000 0.000 0.000 0.916 0.000
0.077 0.000 0.000 0.002 0.000 0.000 0.000 0.922 0.000
0.078 0.000 0.000 0.002 0.000 0.000 0.000 0.921 0.000
0.071 0.000 0.000 0.002 0.000 0.000 0.000 0.927 0.000
0.079 0.000 0.000 0.002 0.000 0.000 0.000 0.919 0.000
0.093 0.000 0.000 0.002 0.000 0.000 0.000 0.905 0.000
0.127 0.000 0.000 0.002 0.000 0.000 0.000 0.872 0.000
0.130 0.000 0.000 0.002 0.000 0.000 0.000 0.868 0.000
0.121 0.000 0.000 0.002 0.000 0.000 0.000 0.877 0.000
0.108 0.000 0.000 0.002 0.000 0.000 0.000 0.890 0.000
0.000 0.018 0.004 0.036 0.000 0.000 0.000 0.943 0.000
0.000 0.018 0.004 0.036 0.000 0.000 0.000 0.942 0.000
0.000 0.022 0.003 0.040 0.000 0.000 0.000 0.935 0.000
0.000 0.029 0.003 0.045 0.000 0.000 0.000 0.923 0.000
0.000 0.029 0.002 0.042 0.000 0.000 0.000 0.926 0.000
0.000 0.029 0.002 0.043 0.000 0.000 0.000 0.926 0.000
0.974 0.003 0.000 0.022 0.000 0.000 0.000 0.001 0.000
0.998 0.001 0.000 0.002 0.000 0.000 0.000 0.000 0.000
0.997 0.001 0.000 0.002 0.000 0.000 0.000 0.000 0.000
0.066 0.000 0.000 0.001 0.000 0.000 0.000 0.933 0.000
0.060 0.000 0.000 0.001 0.000 0.000 0.000 0.939 0.000
0.078 0.000 0.000 0.001 0.000 0.000 0.000 0.921 0.000
0.085 0.000 0.000 0.001 0.000 0.000 0.000 0.914 0.000
0.092 0.000 0.000 0.001 0.000 0.000 0.000 0.907 0.000
0.100 0.000 0.000 0.001 0.000 0.000 0.000 0.898 0.000
0.092 0.000 0.000 0.001 0.000 0.000 0.000 0.907 0.000
0.084 0.000 0.000 0.002 0.000 0.000 0.000 0.915 0.000
0.088 0.000 0.000 0.002 0.000 0.000 0.000 0.910 0.000
0.097 0.000 0.000 0.002 0.000 0.000 0.000 0.901 0.000
0.121 0.000 0.000 0.002 0.000 0.000 0.000 0.877 0.000
0.132 0.000 0.000 0.002 0.000 0.000 0.000 0.866 0.000
0.139 0.000 0.000 0.002 0.000 0.000 0.000 0.859 0.000
0.147 0.000 0.000 0.002 0.000 0.000 0.000 0.851 0.000
0.000 0.014 0.003 0.034 0.000 0.000 0.000 0.949 0.000
0.000 0.014 0.003 0.035 0.000 0.000 0.000 0.948 0.000
0.000 0.020 0.003 0.039 0.000 0.000 0.000 0.939 0.000
0.000 0.024 0.002 0.043 0.000 0.000 0.000 0.931 0.000
0.000 0.023 0.002 0.041 0.000 0.000 0.000 0.933 0.000
0.000 0.026 0.002 0.042 0.000 0.000 0.000 0.931 0.000
0.997 0.000 0.000 0.002 0.000 0.000 0.000 0.000 0.000
0.998 0.001 0.000 0.001 0.000 0.000 0.000 0.000 0.000
0.989 0.004 0.000 0.007 0.000 0.000 0.000 0.000 0.000
0.078 0.000 0.000 0.001 0.000 0.000 0.000 0.921 0.000
0.077 0.000 0.000 0.001 0.000 0.000 0.000 0.923 0.000
0.062 0.000 0.000 0.001 0.000 0.000 0.000 0.937 0.000
0.108 0.000 0.000 0.002 0.000 0.000 0.000 0.890 0.000
0.121 0.000 0.000 0.002 0.000 0.000 0.000 0.877 0.000
0.152 0.000 0.000 0.002 0.000 0.000 0.000 0.846 0.000
0.167 0.000 0.000 0.002 0.000 0.000 0.000 0.831 0.000
0.156 0.000 0.000 0.002 0.000 0.000 0.000 0.842 0.000
0.155 0.000 0.000 0.002 0.000 0.000 0.000 0.843 0.000
0.000 0.011 0.002 0.033 0.000 0.000 0.000 0.953 0.000
0.000 0.012 0.002 0.035 0.000 0.000 0.000 0.950 0.000
0.000 0.015 0.002 0.036 0.000 0.000 0.000 0.947 0.000
0.000 0.021 0.002 0.045 0.000 0.000 0.000 0.932 0.000
0.000 0.020 0.001 0.039 0.000 0.000 0.000 0.940 0.000
0.000 0.022 0.001 0.042 0.000 0.000 0.000 0.935 0.000
0.993 0.001 0.000 0.006 0.000 0.000 0.000 0.000 0.000
0.998 0.001 0.000 0.001 0.000 0.000 0.000 0.000 0.000
0.997 0.001 0.000 0.002 0.000 0.000 0.000 0.000 0.000
0.107 0.000 0.000 0.001 0.000 0.000 0.000 0.892 0.000
0.095 0.000 0.000 0.001 0.000 0.000 0.000 0.904 0.000
0.197 0.000 0.000 0.002 0.000 0.000 0.000 0.802 0.000
0.202 0.000 0.000 0.002 0.000 0.000 0.000 0.796 0.000
0.177 0.000 0.000 0.002 0.000 0.000 0.000 0.821 0.000
0.145 0.000 0.000 0.002 0.000 0.000 0.000 0.853 0.000
0.000 0.009 0.002 0.034 0.000 0.000 0.000 0.955 0.000
0.000 0.010 0.002 0.031 0.000 0.000 0.000 0.958 0.000
0.000 0.013 0.002 0.035 0.000 0.000 0.000 0.950 0.000
0.000 0.017 0.001 0.039 0.000 0.000 0.000 0.943 0.000
0.000 0.016 0.001 0.037 0.000 0.000 0.000 0.946 0.000
0.000 0.019 0.001 0.040 0.000 0.000 0.000 0.940 0.000
0.998 0.000 0.000 0.001 0.000 0.000 0.000 0.000 0.000
0.998 0.001 0.000 0.001 0.000 0.000 0.000 0.000 0.000
0.136 0.000 0.000 0.001 0.000 0.000 0.000 0.863 0.000
0.136 0.000 0.000 0.001 0.000 0.000 0.000 0.863 0.000
0.108 0.000 0.000 0.001 0.000 0.000 0.000 0.892 0.000
0.215 0.000 0.000 0.002 0.000 0.000 0.000 0.783 0.000
0.233 0.000 0.000 0.002 0.000 0.000 0.000 0.765 0.000
0.228 0.000 0.000 0.002 0.000 0.000 0.000 0.770 0.000
0.196 0.000 0.000 0.002 0.000 0.000 0.000 0.802 0.000
0.000 0.008 0.001 0.031 0.000 0.000 0.000 0.959 0.000
0.000 0.009 0.001 0.030 0.000 0.000 0.000 0.959 0.000
0.000 0.011 0.001 0.036 0.000 0.000 0.000 0.952 0.000
0.000 0.014 0.001 0.039 0.000 0.000 0.000 0.946 0.000
0.000 0.014 0.001 0.035 0.000 0.000 0.000 0.950 0.000
0.000 0.017 0.001 0.039 0.000 0.000 0.000 0.944 0.000
0.996 0.001 0.000 0.003 0.000 0.000 0.000 0.000 0.000
0.998 0.001 0.000 0.001 0.000 0.000 0.000 0.000 0.000
0.997 0.002 0.000 0.001 0.000 0.000 0.000 0.000 0.000
0.168 0.000 0.000 0.001 0.000 0.000 0.000 0.831 0.000
0.156 0.000 0.000 0.001 0.000 0.000 0.000 0.843 0.000
0.249 0.000 0.000 0.002 0.000 0.000 0.000 0.749 0.000
0.276 0.000 0.000 0.002 0.000 0.000 0.000 0.722 0.000
0.276 0.000 0.000 0.002 0.000 0.000 0.000 0.722 0.000
0.253 0.000 0.000 0.002 0.000 0.000 0.000 0.745 0.000
0.281 0.000 0.000 0.002 0.000 0.000 0.000 0.717 0.000
0.166 0.000 0.000 0.002 0.000 0.000 0.000 0.832 0.000
0.000 0.008 0.001 0.028 0.000 0.000 0.000 0.964 0.000
0.000 0.008 0.001 0.027 0.000 0.000 0.000 0.964 0.000
0.000 0.011 0.001 0.033 0.000 0.000 0.000 0.956 0.000
0.000 0.014 0.001 0.036 0.000 0.000 0.000 0.949 0.000
0.000 0.014 0.001 0.033 0.000 0.000 0.000 0.952 0.000
0.000 0.014 0.001 0.035 0.000 0.000 0.000 0.950 0.000
0.990 0.003 0.000 0.007 0.000 0.000 0.000 0.000 0.000
0.999 0.000 0.000 0.001 0.000 0.000 0.000 0.000 0.000
0.998 0.001 0.000 0.001 0.000 0.000 0.000 0.000 0.000
0.230 0.000 0.000 0.001 0.000 0.000 0.000 0.769 0.000
0.196 0.000 0.000 0.001 0.000 0.000 0.000 0.803 0.000
0.162 0.000 0.000 0.001 0.000 0.000 0.000 0.837 0.000
0.245 0.000 0.000 0.002 0.000 0.000 0.000 0.753 0.000
0.284 0.000 0.000 0.002 0.000 0.000 0.000 0.714 0.000
0.336 0.000 0.000 0.002 0.000 0.000 0.000 0.662 0.000
0.347 0.000 0.000 0.002 0.000 0.000 0.000 0.651 0.000
0.345 0.000 0.000 0.002 0.000 0.000 0.000 0.653 0.000
0.355 0.000 0.000 0.002 0.000 0.000 0.000 0.643 0.000
0.000 0.008 0.001 0.022 0.000 0.000 0.000 0.969 0.000
0.000 0.009 0.001 0.024 0.000 0.000 0.000 0.966 0.000
0.000 0.013 0.001 0.027 0.000 0.000 0.000 0.959 0.000
0.000 0.015 0.001 0.030 0.000 0.000 0.000 0.955 0.000
0.000 0.015 0.000 0.027 0.000 0.000 0.000 0.957 0.000
0.000 0.017 0.000 0.028 0.000 0.000 0.000 0.954 0.000
0.999 0.000 0.000 0.001 0.000 0.000 0.000 0.000 0.000
0.999 0.001 0.000 0.001 0.000 0.000 0.000 0.000 0.000
0.994 0.004 0.000 0.002 0.000 0.000 0.000 0.000 0.000
0.272 0.000 0.000 0.001 0.000 0.000 0.000 0.727 0.000
0.212 0.000 0.000 0.001 0.000 0.000 0.000 0.787 0.000
0.271 0.000 0.000 0.002 0.000 0.000 0.000 0.727 0.000
0.305 0.000 0.000 0.003 0.000 0.000 0.000 0.693 0.000
0.375 0.000 0.000 0.002 0.000 0.000 0.000 0.623 0.000
0.390 0.000 0.000 0.002 0.000 0.000 0.000 0.608 0.000
0.400 0.000 0.000 0.002 0.000 0.000 0.000 0.598 0.000
0.378 0.000 0.000 0.002 0.000 0.000 0.000 0.620 0.000
0.000 0.009 0.000 0.019 0.000 0.000 0.000 0.971 0.000
0.000 0.010 0.000 0.020 0.000 0.000 0.000 0.970 0.000
0.000 0.012 0.000 0.021 0.000 0.000 0.000 0.967 0.000
0.000 0.014 0.000 0.024 0.000 0.000 0.000 0.962 0.000
0.000 0.014 0.000 0.022 0.000 0.000 0.000 0.963 0.000
0.000 0.017 0.000 0.025 0.000 0.000 0.000 0.958 0.000
0.994 0.002 0.000 0.004 0.000 0.000 0.000 0.000 0.000
0.999 0.001 0.000 0.000 0.000 0.000 0.000 0.000 0.000
0.998 0.001 0.000 0.001 0.000 0.000 0.000 0.000 0.000
0.369 0.001 0.000 0.000 0.000 0.000 0.000 0.629 0.000
0.290 0.001 0.000 0.000 0.000 0.000 0.000 0.708 0.000
0.229 0.000 0.000 0.001 0.000 0.000 0.000 0.770 0.000
0.318 0.000 0.000 0.003 0.000 0.000 0.000 0.679 0.000
0.366 0.000 0.000 0.003 0.000 0.000 0.000 0.631 0.000
0.414 0.000 0.000 0.003 0.000 0.000 0.000 0.584 0.000
0.448 0.000 0.000 0.002 0.000 0.000 0.000 0.550 0.000
0.421 0.000 0.000 0.002 0.000 0.000 0.000 0.576 0.000
0.398 0.000 0.000 0.002 0.000 0.000 0.000 0.600 0.000
0.000 0.009 0.000 0.015 0.000 0.000 0.000 0.975 0.000
0.000 0.010 0.000 0.016 0.000 0.000 0.000 0.973 0.000
0.000 0.013 0.000 0.020 0.000 0.000 0.000 0.966 0.000
0.000 0.014 0.000 0.020 0.000 0.000 0.000 0.966 0.000
0.000 0.015 0.000 0.017 0.000 0.000 0.000 0.968 0.000
0.978 0.011 0.000 0.010 0.000 0.000 0.000 0.000 0.000
0.999 0.001 0.000 0.001 0.000 0.000 0.000 0.000 0.000
0.999 0.001 0.000 0.000 0.000 0.000 0.000 0.000 0.000
0.994 0.005 0.000 0.002 0.000 0.000 0.000 0.000 0.000
0.407 0.001 0.000 0.000 0.000 0.000 0.000 0.592 0.000
0.410 0.001 0.000 0.000 0.000 0.000 0.000 0.589 0.000
0.321 0.001 0.000 0.000 0.000 0.000 0.000 0.678 0.000
0.370 0.000 0.000 0.003 0.000 0.000 0.000 0.628 0.000
0.395 0.000 0.000 0.003 0.000 0.000 0.000 0.602 0.000
0.476 0.000 0.000 0.003 0.000 0.000 0.000 0.522 0.000
0.481 0.000 0.000 0.003 0.000 0.000 0.000 0.516 0.000
0.472 0.000 0.000 0.002 0.000 0.000 0.000 0.525 0.000
0.469 0.000 0.000 0.002 0.000 0.000 0.000 0.528 0.000
0.000 0.010 0.000 0.012 0.000 0.000 0.000 0.978 0.000
0.000 0.012 0.000 0.014 0.000 0.000 0.000 0.974 0.000
0.000 0.013 0.000 0.015 0.000 0.000 0.000 0.972 0.000
0.000 0.016 0.000 0.017 0.000 0.000 0.000 0.967 0.000
0.000 0.016 0.000 0.014 0.000 0.000 0.000 0.970 0.000
0.998 0.001 0.000 0.001 0.000 0.000 0.000 0.000 0.000
0.999 0.001 0.000 0.000 0.000 0.000 0.000 0.000 0.000
0.998 0.002 0.000 0.001 0.000 0.000 0.000 0.000 0.000
0.507 0.001 0.000 0.000 0.000 0.000 0.000 0.491 0.000
0.478 0.001 0.000 0.000 0.000 0.000 0.000 0.521 0.000
0.355 0.001 0.000 0.000 0.000 0.000 0.000 0.643 0.000
0.454 0.000 0.000 0.003 0.000 0.000 0.000 0.542 0.000
0.509 0.000 0.000 0.003 0.000 0.000 0.000 0.488 0.000
0.560 0.000 0.000 0.003 0.000 0.000 0.000 0.437 0.000
0.554 0.000 0.000 0.003 0.000 0.000 0.000 0.442 0.000
0.531 0.000 0.000 0.003 0.000 0.000 0.000 0.467 0.000
0.000 0.010 0.000 0.010 0.000 0.000 0.000 0.979 0.000
0.000 0.011 0.000 0.011 0.000 0.000 0.000 0.978 0.000
0.000 0.015 0.000 0.012 0.000 0.000 0.000 0.973 0.000
0.000 0.016 0.000 0.013 0.000 0.000 0.000 0.971 0.000
0.000 0.018 0.000 0.011 0.000 0.000 0.000 0.971 0.000
0.993 0.004 0.000 0.003 0.000 0.000 0.000 0.000 0.000
0.999 0.000 0.000 0.000 0.000 0.000 0.000 0.000 0.000
0.999 0.001 0.000 0.000 0.000 0.000 0.000 0.000 0.000
0.571 0.001 0.000 0.000 0.000 0.000 0.000 0.427 0.000
0.564 0.001 0.000 0.000 0.000 0.000 0.000 0.435 0.000
0.507 0.001 0.000 0.000 0.000 0.000 0.000 0.492 0.000
0.447 0.000 0.000 0.003 0.000 0.000 0.000 0.550 0.000
0.489 0.000 0.000 0.004 0.000 0.000 0.000 0.507 0.000
0.515 0.000 0.000 0.003 0.000 0.000 0.000 0.481 0.000
0.566 0.000 0.000 0.003 0.000 0.000 0.000 0.430 0.000
0.578 0.000 0.000 0.003 0.000 0.000 0.000 0.419 0.000
0.542 0.000 0.000 0.003 0.000 0.000 0.000 0.455 0.000
0.000 0.010 0.000 0.009 0.000 0.000 0.000 0.981 0.000
0.000 0.010 0.000 0.008 0.000 0.000 0.000 0.981 0.000
0.000 0.014 0.000 0.010 0.000 0.000 0.000 0.976 0.000
0.000 0.016 0.000 0.011 0.000 0.000 0.000 0.972 0.000
0.000 0.017 0.000 0.010 0.000 0.000 0.000 0.974 0.000
0.000 0.019 0.000 0.010 0.000 0.000 0.000 0.971 0.000
0.999 0.001 0.000 0.000 0.000 0.000 0.000 0.000 0.000
0.999 0.001 0.000 0.000 0.000 0.000 0.000 0.000 0.000
0.997 0.003 0.000 0.001 0.000 0.000 0.000 0.000 0.000
0.643 0.001 0.000 0.000 0.000 0.000 0.000 0.355 0.000
0.605 0.001 0.000 0.000 0.000 0.000 0.000 0.393 0.000
0.530 0.001 0.000 0.000 0.000 0.000 0.000 0.468 0.000
0.518 0.000 0.000 0.004 0.000 0.000 0.000 0.478 0.000
0.543 0.000 0.000 0.004 0.000 0.000 0.000 0.453 0.000
0.613 0.000 0.000 0.004 0.000 0.000 0.000 0.383 0.000
0.640 0.000 0.000 0.003 0.000 0.000 0.000 0.357 0.000
0.000 0.012 0.000 0.008 0.000 0.000 0.000 0.981 0.000
0.000 0.012 0.000 0.008 0.000 0.000 0.000 0.980 0.000
0.000 0.014 0.000 0.008 0.000 0.000 0.000 0.977 0.000
0.000 0.020 0.000 0.010 0.000 0.000 0.000 0.970 0.000
0.000 0.024 0.000 0.010 0.000 0.000 0.000 0.967 0.000
0.996 0.003 0.000 0.001 0.000 0.000 0.000 0.000 0.000
0.999 0.001 0.000 0.000 0.000 0.000 0.000 0.000 0.000
0.999 0.001 0.000 0.000 0.000 0.000 0.000 0.000 0.000
0.680 0.002 0.000 0.000 0.000 0.000 0.000 0.318 0.000
0.688 0.002 0.000 0.000 0.000 0.000 0.000 0.310 0.000
0.624 0.002 0.000 0.000 0.000 0.000 0.000 0.374 0.000
0.583 0.000 0.000 0.004 0.000 0.000 0.000 0.413 0.000
0.645 0.000 0.000 0.004 0.000 0.000 0.000 0.351 0.000
0.667 0.000 0.000 0.003 0.000 0.000 0.000 0.330 0.000
0.651 0.000 0.000 0.004 0.000 0.000 0.000 0.345 0.000
0.661 0.000 0.000 0.004 0.000 0.000 0.000 0.335 0.000
0.000 0.013 0.000 0.007 0.000 0.000 0.000 0.981 0.000
0.000 0.013 0.000 0.006 0.000 0.000 0.000 0.980 0.000
0.000 0.017 0.000 0.007 0.000 0.000 0.000 0.976 0.000
0.000 0.020 0.000 0.007 0.000 0.000 0.000 0.973 0.000
0.000 0.021 0.000 0.007 0.000 0.000 0.000 0.971 0.000
0.999 0.000 0.000 0.000 0.000 0.000 0.000 0.000 0.000
0.999 0.001 0.000 0.000 0.000 0.000 0.000 0.000 0.000
0.997 0.003 0.000 0.000 0.000 0.000 0.000 0.000 0.000
0.741 0.002 0.000 0.000 0.000 0.000 0.000 0.256 0.000
0.714 0.002 0.000 0.000 0.000 0.000 0.000 0.284 0.000
0.637 0.002 0.000 0.000 0.000 0.000 0.000 0.360 0.000
0.621 0.000 0.000 0.004 0.000 0.000 0.000 0.374 0.000
0.687 0.000 0.000 0.004 0.000 0.000 0.000 0.308 0.000
0.686 0.000 0.000 0.004 0.000 0.000 0.000 0.310 0.000
0.682 0.000 0.000 0.004 0.000 0.000 0.000 0.314 0.000
0.674 0.000 0.000 0.004 0.000 0.000 0.000 0.322 0.000
0.000 0.012 0.000 0.005 0.000 0.000 0.000 0.983 0.000
0.000 0.015 0.000 0.005 0.000 0.000 0.000 0.980 0.000
0.000 0.019 0.000 0.006 0.000 0.000 0.000 0.974 0.000
0.000 0.020 0.000 0.006 0.000 0.000 0.000 0.974 0.000
0.000 0.022 0.000 0.006 0.000 0.000 0.000 0.972 0.000
0.999 0.001 0.000 0.000 0.000 0.000 0.000 0.000 0.000
0.999 0.000 0.000 0.000 0.000 0.000 0.000 0.000 0.000
0.999 0.001 0.000 0.000 0.000 0.000 0.000 0.000 0.000
0.785 0.003 0.000 0.000 0.000 0.000 0.000 0.212 0.000
0.786 0.002 0.000 0.000 0.000 0.000 0.000 0.211 0.000
0.742 0.003 0.000 0.000 0.000 0.000 0.000 0.256 0.000
0.625 0.000 0.000 0.005 0.000 0.000 0.000 0.369 0.000
0.705 0.000 0.000 0.004 0.000 0.000 0.000 0.290 0.000
0.729 0.000 0.000 0.003 0.000 0.000 0.000 0.268 0.000
0.716 0.000 0.000 0.004 0.000 0.000 0.000 0.280 0.000
0.678 0.000 0.000 0.004 0.000 0.000 0.000 0.317 0.000
0.624 0.000 0.000 0.005 0.000 0.000 0.000 0.370 0.000
0.000 0.012 0.000 0.005 0.000 0.000 0.000 0.983 0.000
0.000 0.012 0.000 0.004 0.000 0.000 0.000 0.983 0.000
0.000 0.016 0.000 0.004 0.000 0.000 0.000 0.980 0.000
0.000 0.020 0.000 0.005 0.000 0.000 0.000 0.975 0.000
0.000 0.023 0.000 0.005 0.000 0.000 0.000 0.972 0.000
0.000 0.024 0.000 0.005 0.000 0.000 0.000 0.972 0.000
1.000 0.000 0.000 0.000 0.000 0.000 0.000 0.000 0.000
0.999 0.000 0.000 0.000 0.000 0.000 0.000 0.000 0.000
0.832 0.003 0.000 0.000 0.000 0.000 0.000 0.165 0.000
0.803 0.003 0.000 0.000 0.000 0.000 0.000 0.194 0.000
0.676 0.000 0.000 0.005 0.000 0.000 0.000 0.319 0.000
0.709 0.000 0.000 0.005 0.000 0.000 0.000 0.287 0.000
0.750 0.000 0.000 0.003 0.000 0.000 0.000 0.247 0.000
0.761 0.000 0.000 0.003 0.000 0.000 0.000 0.236 0.000
0.709 0.000 0.000 0.004 0.000 0.000 0.000 0.287 0.000
0.000 0.012 0.000 0.004 0.000 0.000 0.000 0.984 0.000
0.000 0.013 0.000 0.004 0.000 0.000 0.000 0.983 0.000
0.000 0.015 0.000 0.004 0.000 0.000 0.000 0.981 0.000
0.000 0.020 0.000 0.004 0.000 0.000 0.000 0.976 0.000
0.000 0.023 0.000 0.004 0.000 0.000 0.000 0.973 0.000
0.000 0.028 0.000 0.004 0.000 0.000 0.000 0.968 0.000
1.000 0.000 0.000 0.000 0.000 0.000 0.000 0.000 0.000
1.000 0.000 0.000 0.000 0.000 0.000 0.000 0.000 0.000
0.999 0.001 0.000 0.000 0.000 0.000 0.000 0.000 0.000
0.866 0.004 0.000 0.000 0.000 0.000 0.000 0.130 0.000
0.846 0.004 0.000 0.000 0.000 0.000 0.000 0.150 0.000
0.747 0.000 0.000 0.005 0.000 0.000 0.000 0.248 0.000
0.753 0.000 0.000 0.004 0.000 0.000 0.000 0.242 0.000
0.743 0.000 0.000 0.004 0.000 0.000 0.000 0.253 0.000
0.712 0.000 0.000 0.005 0.000 0.000 0.000 0.283 0.000
0.664 0.001 0.000 0.006 0.000 0.000 0.000 0.329 0.000
0.000 0.011 0.000 0.003 0.000 0.000 0.000 0.986 0.000
0.000 0.013 0.000 0.003 0.000 0.000 0.000 0.984 0.000
0.000 0.016 0.000 0.003 0.000 0.000 0.000 0.981 0.000
0.000 0.019 0.000 0.003 0.000 0.000 0.000 0.977 0.000
0.000 0.023 0.000 0.003 0.000 0.000 0.000 0.974 0.000
0.999 0.001 0.000 0.000 0.000 0.000 0.000 0.000 0.000
1.000 0.000 0.000 0.000 0.000 0.000 0.000 0.000 0.000
1.000 0.000 0.000 0.000 0.000 0.000 0.000 0.000 0.000
0.894 0.004 0.000 0.000 0.000 0.000 0.000 0.102 0.000
0.896 0.003 0.000 0.000 0.000 0.000 0.000 0.101 0.000
0.868 0.004 0.000 0.000 0.000 0.000 0.000 0.128 0.000
0.721 0.000 0.000 0.005 0.000 0.000 0.000 0.273 0.000
0.732 0.000 0.000 0.005 0.000 0.000 0.000 0.262 0.000
0.753 0.000 0.000 0.004 0.000 0.000 0.000 0.242 0.000
0.758 0.000 0.000 0.004 0.000 0.000 0.000 0.237 0.000
0.729 0.000 0.000 0.005 0.000 0.000 0.000 0.265 0.000
0.000 0.010 0.000 0.003 0.000 0.000 0.000 0.987 0.000
0.000 0.011 0.000 0.003 0.000 0.000 0.000 0.986 0.000
0.000 0.014 0.000 0.003 0.000 0.000 0.000 0.983 0.000
0.000 0.018 0.000 0.003 0.000 0.000 0.000 0.979 0.000
0.000 0.022 0.000 0.003 0.000 0.000 0.000 0.975 0.000
0.000 0.025 0.000 0.003 0.000 0.000 0.000 0.972 0.000
1.000 0.000 0.000 0.000 0.000 0.000 0.000 0.000 0.000
1.000 0.000 0.000 0.000 0.000 0.000 0.000 0.000 0.000
0.998 0.002 0.000 0.000 0.000 0.000 0.000 0.000 0.000
0.922 0.004 0.000 0.000 0.000 0.000 0.000 0.074 0.000
0.920 0.004 0.000 0.000 0.000 0.000 0.000 0.076 0.000
0.905 0.004 0.000 0.000 0.000 0.000 0.000 0.091 0.000
