0.854 0.000 0.000 0.146 0.000 0.000 0.000 0.000 0.000
0.960 0.000 0.000 0.040 0.000 0.000 0.000 0.000 0.000
0.965 0.000 0.000 0.035 0.000 0.000 0.000 0.000 0.000
0.999 0.000 0.000 0.000 0.000 0.000 0.000 0.000 0.000
0.999 0.000 0.000 0.000 0.000 0.000 0.000 0.000 0.000
0.999 0.000 0.000 0.000 0.000 0.000 0.000 0.000 0.000
0.999 0.000 0.000 0.000 0.000 0.000 0.000 0.000 0.000
1.000 0.000 0.000 0.000 0.000 0.000 0.000 0.000 0.000
0.000 0.965 0.010 0.017 0.000 0.000 0.000 0.007 0.000
0.000 0.967 0.008 0.018 0.000 0.000 0.000 0.007 0.000
0.000 0.966 0.007 0.020 0.000 0.000 0.000 0.008 0.000
0.000 0.968 0.006 0.019 0.000 0.000 0.000 0.008 0.000
0.000 0.965 0.006 0.020 0.000 0.000 0.000 0.010 0.000
0.000 0.959 0.006 0.022 0.000 0.000 0.000 0.013 0.000
0.000 0.957 0.004 0.022 0.000 0.000 0.000 0.016 0.000
0.000 0.956 0.003 0.024 0.000 0.000 0.000 0.017 0.000
0.000 0.968 0.002 0.016 0.000 0.000 0.000 0.014 0.000
0.938 0.000 0.000 0.061 0.000 0.000 0.000 0.000 0.000
0.960 0.000 0.000 0.040 0.000 0.000 0.000 0.000 0.000
0.926 0.000 0.000 0.074 0.000 0.000 0.000 0.000 0.000
0.999 0.000 0.000 0.000 0.000 0.000 0.000 0.000 0.000
0.999 0.000 0.000 0.001 0.000 0.000 0.000 0.000 0.000
0.999 0.000 0.000 0.001 0.000 0.000 0.000 0.000 0.000
0.999 0.000 0.000 0.001 0.000 0.000 0.000 0.000 0.000
0.999 0.000 0.000 0.001 0.000 0.000 0.000 0.000 0.000
0.999 0.000 0.000 0.000 0.000 0.000 0.000 0.000 0.000
0.000 0.957 0.010 0.023 0.000 0.000 0.000 0.010 0.000
0.000 0.954 0.009 0.025 0.000 0.000 0.000 0.011 0.000
0.000 0.953 0.009 0.026 0.000 0.000 0.000 0.013 0.000
0.000 0.951 0.007 0.026 0.000 0.000 0.000 0.016 0.000
0.000 0.943 0.006 0.030 0.000 0.000 0.000 0.022 0.000
0.000 0.949 0.004 0.027 0.000 0.000 0.000 0.020 0.000
0.000 0.954 0.002 0.025 0.000 0.000 0.000 0.018 0.000
0.000 0.950 0.002 0.027 0.000 0.000 0.000 0.021 0.000
0.000 0.957 0.001 0.022 0.000 0.000 0.000 0.020 0.000
0.877 0.000 0.000 0.123 0.000 0.000 0.000 0.000 0.000
0.965 0.000 0.000 0.035 0.000 0.000 0.000 0.000 0.000
0.963 0.000 0.000 0.037 0.000 0.000 0.000 0.000 0.000
0.999 0.000 0.000 0.001 0.000 0.000 0.000 0.001 0.000
0.999 0.000 0.000 0.001 0.000 0.000 0.000 0.001 0.000
0.998 0.000 0.000 0.001 0.000 0.000 0.000 0.001 0.000
0.998 0.000 0.000 0.001 0.000 0.000 0.000 0.001 0.000
0.998 0.000 0.000 0.001 0.000 0.000 0.000 0.001 0.000
0.999 0.000 0.000 0.001 0.000 0.000 0.000 0.001 0.000
0.999 0.000 0.000 0.001 0.000 0.000 0.000 0.001 0.000
0.998 0.000 0.000 0.001 0.000 0.000 0.000 0.001 0.000
0.000 0.937 0.012 0.033 0.000 0.000 0.000 0.017 0.000
0.000 0.934 0.010 0.035 0.000 0.000 0.000 0.021 0.000
0.000 0.929 0.008 0.035 0.000 0.000 0.000 0.029 0.000
0.000 0.939 0.004 0.030 0.000 0.000 0.000 0.025 0.000
0.000 0.942 0.003 0.030 0.000 0.000 0.000 0.024 0.000
0.000 0.940 0.003 0.032 0.000 0.000 0.000 0.025 0.000
0.000 0.933 0.003 0.035 0.000 0.000 0.000 0.029 0.000
0.000 0.930 0.002 0.033 0.000 0.000 0.000 0.034 0.000
0.000 0.932 0.002 0.030 0.000 0.000 0.000 0.035 0.000
0.869 0.000 0.000 0.130 0.000 0.000 0.000 0.000 0.000
0.965 0.000 0.000 0.035 0.000 0.000 0.000 0.000 0.000
0.976 0.000 0.000 0.023 0.000 0.000 0.000 0.000 0.000
0.921 0.000 0.000 0.079 0.000 0.000 0.000 0.000 0.000
0.998 0.000 0.000 0.001 0.000 0.000 0.000 0.001 0.000
0.997 0.000 0.000 0.001 0.000 0.000 0.000 0.002 0.000
0.997 0.000 0.000 0.001 0.000 0.000 0.000 0.002 0.000
0.996 0.000 0.000 0.001 0.000 0.000 0.000 0.003 0.000
0.996 0.000 0.000 0.001 0.000 0.000 0.000 0.003 0.000
0.997 0.000 0.000 0.001 0.000 0.000 0.000 0.002 0.000
0.997 0.000 0.000 0.001 0.000 0.000 0.000 0.002 0.000
0.997 0.000 0.000 0.001 0.000 0.000 0.000 0.002 0.000
0.997 0.000 0.000 0.001 0.000 0.000 0.000 0.003 0.000
0.996 0.000 0.000 0.001 0.000 0.000 0.000 0.003 0.000
0.997 0.000 0.000 0.001 0.000 0.000 0.000 0.002 0.000
0.000 0.932 0.008 0.035 0.000 0.000 0.000 0.025 0.000
0.000 0.933 0.005 0.038 0.000 0.000 0.000 0.024 0.000
0.000 0.924 0.004 0.040 0.000 0.000 0.000 0.031 0.000
0.000 0.928 0.004 0.033 0.000 0.000 0.000 0.035 0.000
0.000 0.927 0.003 0.036 0.000 0.000 0.000 0.034 0.000
0.000 0.926 0.002 0.037 0.000 0.000 0.000 0.035 0.000
0.000 0.916 0.002 0.040 0.000 0.000 0.000 0.042 0.000
0.000 0.911 0.002 0.041 0.000 0.000 0.000 0.046 0.000
0.000 0.904 0.002 0.039 0.000 0.000 0.000 0.056 0.000
0.961 0.000 0.000 0.039 0.000 0.000 0.000 0.000 0.000
0.979 0.000 0.000 0.021 0.000 0.000 0.000 0.000 0.000
0.971 0.000 0.000 0.029 0.000 0.000 0.000 0.000 0.000
0.994 0.000 0.000 0.001 0.000 0.000 0.000 0.005 0.000
0.993 0.000 0.000 0.001 0.000 0.000 0.000 0.005 0.000
0.992 0.000 0.000 0.001 0.000 0.000 0.000 0.006 0.000
0.993 0.000 0.000 0.001 0.000 0.000 0.000 0.006 0.000
0.992 0.000 0.000 0.001 0.000 0.000 0.000 0.007 0.000
0.991 0.000 0.000 0.001 0.000 0.000 0.000 0.007 0.000
0.991 0.000 0.000 0.002 0.000 0.000 0.000 0.007 0.000
0.988 0.000 0.000 0.003 0.000 0.000 0.000 0.009 0.000
0.000 0.924 0.004 0.040 0.000 0.000 0.000 0.032 0.000
0.000 0.907 0.004 0.045 0.000 0.000 0.000 0.044 0.000
0.000 0.896 0.004 0.045 0.000 0.000 0.000 0.055 0.000
0.000 0.904 0.003 0.040 0.000 0.000 0.000 0.053 0.000
0.000 0.910 0.002 0.043 0.000 0.000 0.000 0.044 0.000
0.000 0.898 0.002 0.045 0.000 0.000 0.000 0.055 0.000
0.000 0.886 0.002 0.046 0.000 0.000 0.000 0.066 0.000
0.000 0.872 0.001 0.048 0.000 0.000 0.000 0.078 0.000
0.000 0.858 0.002 0.047 0.000 0.000 0.000 0.093 0.000
0.936 0.000 0.000 0.063 0.000 0.000 0.000 0.000 0.000
0.983 0.000 0.000 0.017 0.000 0.000 0.000 0.000 0.000
0.985 0.000 0.000 0.015 0.000 0.000 0.000 0.000 0.000
0.990 0.000 0.000 0.003 0.000 0.000 0.000 0.007 0.000
0.984 0.000 0.000 0.002 0.000 0.000 0.000 0.015 0.000
0.983 0.000 0.000 0.002 0.000 0.000 0.000 0.015 0.000
0.982 0.000 0.000 0.002 0.000 0.000 0.000 0.016 0.000
0.983 0.000 0.000 0.002 0.000 0.000 0.000 0.015 0.000
0.978 0.000 0.000 0.002 0.000 0.000 0.000 0.019 0.000
0.976 0.000 0.000 0.002 0.000 0.000 0.000 0.021 0.000
0.973 0.000 0.000 0.002 0.000 0.000 0.000 0.025 0.000
0.964 0.000 0.000 0.004 0.000 0.000 0.000 0.031 0.000
0.000 0.907 0.003 0.047 0.000 0.000 0.000 0.042 0.000
0.000 0.900 0.003 0.051 0.000 0.000 0.000 0.046 0.000
0.000 0.867 0.004 0.053 0.000 0.000 0.000 0.076 0.000
0.000 0.870 0.003 0.049 0.000 0.000 0.000 0.078 0.000
0.000 0.877 0.002 0.051 0.000 0.000 0.000 0.070 0.000
0.000 0.865 0.001 0.051 0.000 0.000 0.000 0.082 0.000
0.000 0.847 0.001 0.056 0.000 0.000 0.000 0.094 0.000
0.000 0.828 0.001 0.058 0.000 0.000 0.000 0.112 0.000
0.000 0.812 0.001 0.056 0.000 0.000 0.000 0.131 0.000
0.979 0.000 0.000 0.021 0.000 0.000 0.000 0.000 0.000
0.988 0.000 0.000 0.012 0.000 0.000 0.000 0.000 0.000
0.980 0.000 0.000 0.020 0.000 0.000 0.000 0.000 0.000
0.978 0.000 0.000 0.004 0.000 0.000 0.000 0.018 0.000
0.980 0.000 0.000 0.003 0.000 0.000 0.000 0.017 0.000
0.980 0.000 0.000 0.003 0.000 0.000 0.000 0.017 0.000
0.952 0.000 0.000 0.003 0.000 0.000 0.000 0.044 0.000
0.954 0.000 0.000 0.003 0.000 0.000 0.000 0.043 0.000
0.952 0.000 0.000 0.003 0.000 0.000 0.000 0.046 0.000
0.955 0.000 0.000 0.003 0.000 0.000 0.000 0.043 0.000
0.954 0.000 0.000 0.002 0.000 0.000 0.000 0.043 0.000
0.951 0.000 0.000 0.003 0.000 0.000 0.000 0.046 0.000
0.959 0.000 0.000 0.003 0.000 0.000 0.000 0.039 0.000
0.958 0.000 0.000 0.003 0.000 0.000 0.000 0.040 0.000
0.946 0.000 0.000 0.003 0.000 0.000 0.000 0.051 0.000
0.949 0.000 0.000 0.003 0.000 0.000 0.000 0.048 0.000
0.941 0.000 0.000 0.004 0.000 0.000 0.000 0.055 0.000
0.939 0.000 0.000 0.004 0.000 0.000 0.000 0.056 0.000
0.000 0.828 0.004 0.059 0.000 0.000 0.000 0.109 0.001
0.000 0.807 0.003 0.063 0.000 0.000 0.000 0.125 0.000
0.000 0.799 0.003 0.061 0.000 0.000 0.000 0.136 0.000
0.000 0.839 0.002 0.058 0.000 0.000 0.000 0.101 0.000
0.000 0.825 0.001 0.062 0.000 0.000 0.000 0.112 0.000
0.000 0.814 0.001 0.061 0.000 0.000 0.000 0.124 0.000
0.000 0.783 0.001 0.069 0.000 0.000 0.000 0.147 0.000
0.000 0.760 0.001 0.071 0.000 0.000 0.000 0.168 0.000
0.969 0.000 0.000 0.031 0.000 0.000 0.000 0.000 0.000
0.990 0.000 0.000 0.010 0.000 0.000 0.000 0.000 0.000
0.989 0.000 0.000 0.011 0.000 0.000 0.000 0.000 0.000
0.952 0.000 0.000 0.005 0.000 0.000 0.000 0.043 0.000
0.953 0.000 0.000 0.004 0.000 0.000 0.000 0.044 0.000
0.876 0.000 0.000 0.004 0.000 0.000 0.000 0.120 0.000
0.880 0.000 0.000 0.004 0.000 0.000 0.000 0.117 0.000
0.882 0.000 0.000 0.003 0.000 0.000 0.000 0.114 0.000
0.884 0.000 0.000 0.003 0.000 0.000 0.000 0.113 0.000
0.871 0.000 0.000 0.004 0.000 0.000 0.000 0.125 0.000
0.865 0.000 0.000 0.005 0.000 0.000 0.000 0.130 0.000
0.836 0.000 0.000 0.008 0.000 0.000 0.000 0.156 0.000
0.906 0.000 0.000 0.003 0.000 0.000 0.000 0.090 0.000
0.891 0.000 0.000 0.003 0.000 0.000 0.000 0.105 0.000
0.885 0.000 0.000 0.003 0.000 0.000 0.000 0.111 0.000
0.871 0.000 0.000 0.004 0.000 0.000 0.000 0.125 0.000
0.864 0.000 0.000 0.005 0.000 0.000 0.000 0.130 0.000
0.870 0.000 0.000 0.005 0.000 0.000 0.000 0.125 0.000
0.000 0.775 0.003 0.070 0.000 0.000 0.000 0.151 0.001
0.000 0.754 0.003 0.072 0.000 0.000 0.000 0.171 0.001
0.000 0.740 0.003 0.069 0.000 0.000 0.000 0.189 0.000
0.000 0.761 0.002 0.065 0.000 0.000 0.000 0.172 0.000
0.000 0.764 0.001 0.068 0.000 0.000 0.000 0.167 0.000
0.000 0.752 0.001 0.065 0.000 0.000 0.000 0.182 0.000
0.000 0.734 0.001 0.076 0.000 0.000 0.000 0.189 0.000
0.000 0.660 0.001 0.071 0.000 0.000 0.000 0.268 0.000
0.958 0.001 0.000 0.041 0.000 0.000 0.000 0.000 0.000
0.990 0.000 0.000 0.010 0.000 0.000 0.000 0.000 0.000
0.992 0.000 0.000 0.007 0.000 0.000 0.000 0.000 0.000
0.891 0.000 0.000 0.006 0.000 0.000 0.000 0.103 0.000
0.894 0.000 0.000 0.005 0.000 0.000 0.000 0.101 0.000
0.892 0.000 0.000 0.005 0.000 0.000 0.000 0.103 0.000
0.739 0.000 0.000 0.004 0.000 0.000 0.000 0.257 0.000
0.731 0.000 0.000 0.004 0.000 0.000 0.000 0.265 0.000
0.720 0.000 0.000 0.005 0.000 0.000 0.000 0.276 0.000
0.669 0.000 0.000 0.007 0.000 0.000 0.000 0.324 0.000
0.829 0.000 0.000 0.004 0.000 0.000 0.000 0.166 0.000
0.912 0.000 0.000 0.003 0.000 0.000 0.000 0.085 0.000
0.778 0.000 0.000 0.004 0.000 0.000 0.000 0.218 0.000
0.767 0.000 0.000 0.004 0.000 0.000 0.000 0.229 0.000
0.753 0.000 0.000 0.004 0.000 0.000 0.000 0.243 0.000
0.748 0.000 0.000 0.004 0.000 0.000 0.000 0.248 0.000
0.715 0.000 0.000 0.005 0.000 0.000 0.000 0.280 0.000
0.704 0.000 0.000 0.006 0.000 0.000 0.000 0.290 0.000
0.000 0.718 0.002 0.081 0.000 0.000 0.000 0.198 0.001
0.000 0.679 0.002 0.087 0.000 0.000 0.000 0.232 0.001
0.000 0.678 0.002 0.076 0.000 0.000 0.000 0.243 0.001
0.000 0.697 0.001 0.077 0.000 0.000 0.000 0.224 0.000
0.000 0.696 0.001 0.080 0.000 0.000 0.000 0.223 0.000
0.000 0.683 0.001 0.077 0.000 0.000 0.000 0.238 0.000
0.000 0.658 0.001 0.084 0.000 0.000 0.000 0.257 0.001
0.000 0.626 0.001 0.086 0.000 0.000 0.000 0.287 0.001
0.985 0.000 0.000 0.014 0.000 0.000 0.000 0.000 0.000
0.994 0.000 0.000 0.006 0.000 0.000 0.000 0.000 0.000
0.993 0.000 0.000 0.007 0.000 0.000 0.000 0.000 0.000
0.745 0.000 0.000 0.009 0.000 0.000 0.000 0.247 0.000
0.765 0.000 0.000 0.007 0.000 0.000 0.000 0.229 0.000
0.767 0.000 0.000 0.005 0.000 0.000 0.000 0.228 0.000
0.493 0.000 0.000 0.004 0.000 0.000 0.000 0.503 0.000
0.477 0.000 0.000 0.005 0.000 0.000 0.000 0.518 0.000
0.524 0.000 0.000 0.004 0.000 0.000 0.000 0.471 0.000
0.515 0.000 0.000 0.004 0.000 0.000 0.000 0.481 0.000
0.528 0.000 0.000 0.006 0.000 0.000 0.000 0.466 0.000
0.402 0.000 0.000 0.005 0.000 0.000 0.000 0.593 0.000
0.580 0.000 0.000 0.004 0.000 0.000 0.000 0.416 0.000
0.538 0.000 0.000 0.004 0.000 0.000 0.000 0.458 0.000
0.537 0.000 0.000 0.004 0.000 0.000 0.000 0.459 0.000
0.493 0.000 0.000 0.004 0.000 0.000 0.000 0.503 0.000
0.471 0.000 0.000 0.005 0.000 0.000 0.000 0.524 0.000
0.000 0.638 0.002 0.086 0.000 0.000 0.000 0.273 0.001
0.000 0.606 0.002 0.087 0.000 0.000 0.000 0.305 0.001
0.000 0.588 0.002 0.086 0.000 0.000 0.000 0.324 0.001
0.000 0.619 0.001 0.080 0.000 0.000 0.000 0.299 0.000
0.000 0.605 0.001 0.084 0.000 0.000 0.000 0.309 0.000
0.000 0.589 0.001 0.080 0.000 0.000 0.000 0.330 0.001
0.000 0.575 0.001 0.080 0.000 0.000 0.000 0.344 0.001
0.000 0.553 0.000 0.090 0.000 0.000 0.000 0.356 0.001
0.972 0.001 0.000 0.027 0.000 0.000 0.000 0.000 0.000
0.995 0.000 0.000 0.005 0.000 0.000 0.000 0.000 0.000
0.995 0.000 0.000 0.004 0.000 0.000 0.000 0.000 0.000
0.576 0.000 0.000 0.006 0.000 0.000 0.000 0.417 0.000
0.563 0.000 0.000 0.006 0.000 0.000 0.000 0.431 0.000
0.539 0.000 0.000 0.005 0.000 0.000 0.000 0.455 0.000
0.283 0.000 0.000 0.003 0.000 0.000 0.000 0.714 0.000
0.276 0.000 0.000 0.003 0.000 0.000 0.000 0.721 0.000
0.241 0.000 0.000 0.003 0.000 0.000 0.000 0.756 0.000
0.243 0.000 0.000 0.003 0.000 0.000 0.000 0.754 0.000
0.228 0.000 0.000 0.003 0.000 0.000 0.000 0.769 0.000
0.231 0.000 0.000 0.003 0.000 0.000 0.000 0.765 0.000
0.324 0.000 0.000 0.003 0.000 0.000 0.000 0.673 0.000
0.317 0.000 0.000 0.003 0.000 0.000 0.000 0.680 0.000
0.302 0.000 0.000 0.003 0.000 0.000 0.000 0.694 0.000
0.266 0.000 0.000 0.003 0.000 0.000 0.000 0.730 0.000
0.000 0.558 0.001 0.095 0.000 0.000 0.000 0.344 0.001
0.000 0.527 0.001 0.086 0.000 0.000 0.000 0.385 0.001
0.000 0.487 0.001 0.089 0.000 0.000 0.000 0.422 0.001
0.000 0.482 0.001 0.086 0.000 0.000 0.000 0.430 0.001
0.000 0.523 0.001 0.082 0.000 0.000 0.000 0.393 0.000
0.000 0.508 0.001 0.084 0.000 0.000 0.000 0.407 0.000
0.000 0.466 0.000 0.081 0.000 0.000 0.000 0.453 0.001
0.000 0.460 0.000 0.086 0.000 0.000 0.000 0.453 0.001
0.993 0.000 0.000 0.007 0.000 0.000 0.000 0.000 0.000
0.997 0.000 0.000 0.003 0.000 0.000 0.000 0.000 0.000
0.995 0.000 0.000 0.005 0.000 0.000 0.000 0.000 0.000
0.355 0.000 0.000 0.007 0.000 0.000 0.000 0.638 0.000
0.364 0.000 0.000 0.005 0.000 0.000 0.000 0.631 0.000
0.335 0.000 0.000 0.005 0.000 0.000 0.000 0.661 0.000
0.129 0.000 0.000 0.002 0.000 0.000 0.000 0.869 0.000
0.123 0.000 0.000 0.002 0.000 0.000 0.000 0.875 0.000
0.108 0.000 0.000 0.002 0.000 0.000 0.000 0.891 0.000
0.106 0.000 0.000 0.002 0.000 0.000 0.000 0.892 0.000
0.168 0.000 0.000 0.002 0.000 0.000 0.000 0.830 0.000
0.154 0.000 0.000 0.002 0.000 0.000 0.000 0.844 0.000
0.162 0.000 0.000 0.002 0.000 0.000 0.000 0.836 0.000
0.139 0.000 0.000 0.002 0.000 0.000 0.000 0.859 0.000
0.131 0.000 0.000 0.002 0.000 0.000 0.000 0.867 0.000
0.000 0.445 0.001 0.097 0.000 0.000 0.000 0.456 0.001
0.000 0.424 0.001 0.096 0.000 0.000 0.000 0.479 0.001
0.000 0.405 0.001 0.083 0.000 0.000 0.000 0.512 0.000
0.000 0.405 0.001 0.082 0.000 0.000 0.000 0.512 0.000
0.000 0.418 0.000 0.087 0.000 0.000 0.000 0.494 0.000
0.000 0.391 0.000 0.083 0.000 0.000 0.000 0.525 0.000
0.000 0.387 0.000 0.088 0.000 0.000 0.000 0.524 0.000
0.989 0.001 0.000 0.011 0.000 0.000 0.000 0.000 0.000
0.997 0.000 0.000 0.003 0.000 0.000 0.000 0.000 0.000
0.997 0.000 0.000 0.003 0.000 0.000 0.000 0.000 0.000
0.169 0.000 0.000 0.005 0.000 0.000 0.000 0.826 0.000
0.191 0.000 0.000 0.004 0.000 0.000 0.000 0.805 0.000
0.179 0.000 0.000 0.003 0.000 0.000 0.000 0.817 0.000
0.049 0.000 0.000 0.001 0.000 0.000 0.000 0.950 0.000
0.041 0.000 0.000 0.001 0.000 0.000 0.000 0.958 0.000
0.040 0.000 0.000 0.001 0.000 0.000 0.000 0.959 0.000
0.042 0.000 0.000 0.001 0.000 0.000 0.000 0.957 0.000
0.075 0.000 0.000 0.001 0.000 0.000 0.000 0.924 0.000
0.076 0.000 0.000 0.001 0.000 0.000 0.000 0.922 0.000
0.061 0.000 0.000 0.001 0.000 0.000 0.000 0.938 0.000
0.040 0.000 0.000 0.001 0.000 0.000 0.000 0.959 0.000
0.000 0.354 0.001 0.093 0.000 0.000 0.000 0.551 0.001
0.000 0.321 0.001 0.087 0.000 0.000 0.000 0.591 0.001
0.000 0.300 0.001 0.081 0.000 0.000 0.000 0.617 0.001
0.000 0.318 0.000 0.079 0.000 0.000 0.000 0.602 0.000
0.000 0.335 0.000 0.086 0.000 0.000 0.000 0.578 0.000
0.000 0.302 0.000 0.081 0.000 0.000 0.000 0.616 0.000
0.000 0.293 0.000 0.082 0.000 0.000 0.000 0.625 0.000
0.997 0.000 0.000 0.003 0.000 0.000 0.000 0.000 0.000
0.998 0.000 0.000 0.002 0.000 0.000 0.000 0.000 0.000
0.994 0.001 0.000 0.005 0.000 0.000 0.000 0.000 0.000
0.089 0.000 0.000 0.003 0.000 0.000 0.000 0.908 0.000
0.087 0.000 0.000 0.002 0.000 0.000 0.000 0.911 0.000
0.023 0.000 0.000 0.000 0.000 0.000 0.000 0.977 0.000
0.017 0.000 0.000 0.001 0.000 0.000 0.000 0.982 0.000
0.016 0.000 0.000 0.001 0.000 0.000 0.000 0.983 0.000
0.017 0.000 0.000 0.001 0.000 0.000 0.000 0.982 0.000
0.020 0.000 0.000 0.001 0.000 0.000 0.000 0.980 0.000
0.027 0.000 0.000 0.001 0.000 0.000 0.000 0.973 0.000
0.027 0.000 0.000 0.001 0.000 0.000 0.000 0.972 0.000
0.000 0.262 0.001 0.083 0.000 0.000 0.000 0.653 0.001
0.000 0.262 0.000 0.086 0.000 0.000 0.000 0.651 0.001
0.000 0.240 0.000 0.082 0.000 0.000 0.000 0.677 0.000
0.000 0.242 0.000 0.076 0.000 0.000 0.000 0.681 0.000
0.000 0.252 0.000 0.077 0.000 0.000 0.000 0.671 0.000
0.000 0.263 0.000 0.086 0.000 0.000 0.000 0.650 0.000
0.000 0.249 0.000 0.079 0.000 0.000 0.000 0.672 0.000
0.000 0.205 0.000 0.079 0.000 0.000 0.000 0.716 0.000
0.990 0.001 0.000 0.009 0.000 0.000 0.000 0.000 0.000
0.998 0.001 0.000 0.002 0.000 0.000 0.000 0.000 0.000
0.997 0.001 0.000 0.002 0.000 0.000 0.000 0.000 0.000
0.049 0.000 0.000 0.002 0.000 0.000 0.000 0.949 0.000
0.046 0.000 0.000 0.002 0.000 0.000 0.000 0.952 0.000
0.038 0.000 0.000 0.001 0.000 0.000 0.000 0.961 0.000
0.009 0.000 0.000 0.000 0.000 0.000 0.000 0.990 0.000
0.009 0.000 0.000 0.000 0.000 0.000 0.000 0.991 0.000
0.009 0.000 0.000 0.000 0.000 0.000 0.000 0.991 0.000
0.009 0.000 0.000 0.000 0.000 0.000 0.000 0.990 0.000
0.019 0.000 0.000 0.001 0.000 0.000 0.000 0.980 0.000
0.020 0.000 0.000 0.001 0.000 0.000 0.000 0.980 0.000
0.020 0.000 0.000 0.001 0.000 0.000 0.000 0.979 0.000
0.000 0.190 0.000 0.077 0.000 0.000 0.000 0.732 0.001
0.000 0.181 0.000 0.076 0.000 0.000 0.000 0.742 0.001
0.000 0.174 0.000 0.070 0.000 0.000 0.000 0.755 0.000
0.000 0.170 0.000 0.065 0.000 0.000 0.000 0.764 0.000
0.000 0.237 0.000 0.079 0.000 0.000 0.000 0.683 0.000
0.000 0.167 0.000 0.065 0.000 0.000 0.000 0.768 0.000
0.000 0.146 0.000 0.060 0.000 0.000 0.000 0.794 0.000
0.000 0.143 0.000 0.065 0.000 0.000 0.000 0.791 0.000
0.997 0.001 0.000 0.002 0.000 0.000 0.000 0.000 0.000
0.997 0.001 0.000 0.002 0.000 0.000 0.000 0.000 0.000
0.992 0.003 0.000 0.005 0.000 0.000 0.000 0.000 0.000
0.027 0.000 0.000 0.001 0.000 0.000 0.000 0.972 0.000
0.023 0.000 0.000 0.001 0.000 0.000 0.000 0.976 0.000
0.008 0.000 0.000 0.000 0.000 0.000 0.000 0.992 0.000
0.008 0.000 0.000 0.000 0.000 0.000 0.000 0.991 0.000
0.008 0.000 0.000 0.000 0.000 0.000 0.000 0.992 0.000
0.008 0.000 0.000 0.000 0.000 0.000 0.000 0.991 0.000
0.006 0.000 0.000 0.000 0.000 0.000 0.000 0.994 0.000
0.015 0.000 0.000 0.001 0.000 0.000 0.000 0.985 0.000
0.016 0.000 0.000 0.001 0.000 0.000 0.000 0.984 0.000
0.016 0.000 0.000 0.001 0.000 0.000 0.000 0.983 0.000
0.014 0.000 0.000 0.001 0.000 0.000 0.000 0.985 0.000
0.000 0.131 0.000 0.062 0.000 0.000 0.000 0.806 0.001
0.000 0.119 0.000 0.062 0.000 0.000 0.000 0.818 0.000
0.000 0.105 0.000 0.057 0.000 0.000 0.000 0.838 0.000
0.000 0.117 0.000 0.058 0.000 0.000 0.000 0.824 0.000
0.000 0.118 0.000 0.062 0.000 0.000 0.000 0.819 0.000
0.000 0.106 0.000 0.054 0.000 0.000 0.000 0.840 0.000
0.994 0.002 0.000 0.004 0.000 0.000 0.000 0.000 0.000
0.997 0.001 0.000 0.002 0.000 0.000 0.000 0.000 0.000
0.995 0.003 0.000 0.002 0.000 0.000 0.000 0.000 0.000
0.023 0.000 0.000 0.001 0.000 0.000 0.000 0.976 0.000
0.021 0.000 0.000 0.001 0.000 0.000 0.000 0.978 0.000
0.018 0.000 0.000 0.001 0.000 0.000 0.000 0.982 0.000
0.008 0.000 0.000 0.000 0.000 0.000 0.000 0.992 0.000
0.005 0.000 0.000 0.000 0.000 0.000 0.000 0.995 0.000
0.007 0.000 0.000 0.000 0.000 0.000 0.000 0.993 0.000
0.012 0.000 0.000 0.000 0.000 0.000 0.000 0.988 0.000
0.006 0.000 0.000 0.000 0.000 0.000 0.000 0.993 0.000
0.007 0.000 0.000 0.000 0.000 0.000 0.000 0.993 0.000
0.009 0.000 0.000 0.000 0.000 0.000 0.000 0.990 0.000
0.010 0.000 0.000 0.000 0.000 0.000 0.000 0.990 0.000
0.012 0.000 0.000 0.000 0.000 0.000 0.000 0.988 0.000
0.013 0.000 0.000 0.000 0.000 0.000 0.000 0.986 0.000
0.014 0.000 0.000 0.001 0.000 0.000 0.000 0.986 0.000
0.011 0.000 0.000 0.001 0.000 0.000 0.000 0.988 0.000
0.000 0.078 0.000 0.055 0.000 0.000 0.000 0.867 0.000
0.000 0.081 0.000 0.051 0.000 0.000 0.000 0.868 0.000
0.000 0.091 0.000 0.055 0.000 0.000 0.000 0.854 0.000
0.000 0.086 0.000 0.051 0.000 0.000 0.000 0.863 0.000
0.000 0.071 0.000 0.045 0.000 0.000 0.000 0.884 0.000
0.000 0.071 0.000 0.047 0.000 0.000 0.000 0.881 0.000
0.982 0.007 0.000 0.011 0.000 0.000 0.000 0.000 0.000
0.997 0.001 0.000 0.002 0.000 0.000 0.000 0.000 0.000
0.996 0.002 0.000 0.001 0.000 0.000 0.000 0.000 0.000
0.969 0.021 0.000 0.010 0.000 0.000 0.000 0.000 0.000
0.022 0.000 0.000 0.002 0.000 0.000 0.000 0.976 0.000
0.023 0.000 0.000 0.001 0.000 0.000 0.000 0.976 0.000
0.019 0.000 0.000 0.001 0.000 0.000 0.000 0.980 0.000
0.008 0.000 0.000 0.000 0.000 0.000 0.000 0.992 0.000
0.007 0.000 0.000 0.000 0.000 0.000 0.000 0.992 0.000
0.007 0.000 0.000 0.000 0.000 0.000 0.000 0.993 0.000
0.007 0.000 0.000 0.000 0.000 0.000 0.000 0.992 0.000
0.007 0.000 0.000 0.000 0.000 0.000 0.000 0.993 0.000
0.006 0.000 0.000 0.000 0.000 0.000 0.000 0.993 0.000
0.006 0.000 0.000 0.000 0.000 0.000 0.000 0.994 0.000
0.006 0.000 0.000 0.000 0.000 0.000 0.000 0.994 0.000
0.006 0.000 0.000 0.000 0.000 0.000 0.000 0.994 0.000
0.005 0.000 0.000 0.000 0.000 0.000 0.000 0.994 0.000
0.006 0.000 0.000 0.000 0.000 0.000 0.000 0.994 0.000
0.007 0.000 0.000 0.000 0.000 0.000 0.000 0.993 0.000
0.009 0.000 0.000 0.000 0.000 0.000 0.000 0.991 0.000
0.010 0.000 0.000 0.000 0.000 0.000 0.000 0.989 0.000
0.012 0.000 0.000 0.000 0.000 0.000 0.000 0.987 0.000
0.013 0.000 0.000 0.001 0.000 0.000 0.000 0.986 0.000
0.000 0.060 0.000 0.047 0.000 0.000 0.000 0.893 0.000
0.000 0.059 0.000 0.043 0.000 0.000 0.000 0.898 0.000
0.000 0.061 0.000 0.041 0.000 0.000 0.000 0.898 0.000
0.000 0.060 0.000 0.047 0.000 0.000 0.000 0.893 0.000
0.000 0.049 0.000 0.039 0.000 0.000 0.000 0.911 0.000
0.000 0.057 0.000 0.038 0.000 0.000 0.000 0.905 0.000
0.995 0.003 0.000 0.003 0.000 0.000 0.000 0.000 0.000
0.996 0.003 0.000 0.001 0.000 0.000 0.000 0.000 0.000
0.992 0.006 0.000 0.002 0.000 0.000 0.000 0.000 0.000
0.025 0.000 0.000 0.001 0.000 0.000 0.000 0.974 0.000
0.023 0.000 0.000 0.001 0.000 0.000 0.000 0.975 0.000
0.019 0.000 0.000 0.001 0.000 0.000 0.000 0.980 0.000
0.006 0.000 0.000 0.000 0.000 0.000 0.000 0.994 0.000
0.006 0.000 0.000 0.000 0.000 0.000 0.000 0.994 0.000
0.006 0.000 0.000 0.000 0.000 0.000 0.000 0.994 0.000
0.006 0.000 0.000 0.000 0.000 0.000 0.000 0.994 0.000
0.006 0.000 0.000 0.000 0.000 0.000 0.000 0.994 0.000
0.005 0.000 0.000 0.000 0.000 0.000 0.000 0.994 0.000
0.005 0.000 0.000 0.000 0.000 0.000 0.000 0.994 0.000
0.005 0.000 0.000 0.000 0.000 0.000 0.000 0.995 0.000
0.006 0.000 0.000 0.000 0.000 0.000 0.000 0.994 0.000
0.007 0.000 0.000 0.000 0.000 0.000 0.000 0.993 0.000
0.010 0.000 0.000 0.000 0.000 0.000 0.000 0.990 0.000
0.011 0.000 0.000 0.000 0.000 0.000 0.000 0.988 0.000
0.012 0.000 0.000 0.001 0.000 0.000 0.000 0.987 0.000
0.013 0.000 0.000 0.001 0.000 0.000 0.000 0.986 0.000
0.000 0.041 0.000 0.038 0.000 0.000 0.000 0.921 0.000
0.000 0.038 0.000 0.037 0.000 0.000 0.000 0.925 0.000
0.000 0.041 0.000 0.038 0.000 0.000 0.000 0.921 0.000
0.000 0.043 0.000 0.039 0.000 0.000 0.000 0.917 0.000
0.000 0.043 0.000 0.033 0.000 0.000 0.000 0.924 0.000
0.000 0.042 0.000 0.031 0.000 0.000 0.000 0.927 0.000
0.981 0.011 0.000 0.008 0.000 0.000 0.000 0.000 0.000
0.995 0.003 0.000 0.001 0.000 0.000 0.000 0.000 0.000
0.993 0.005 0.000 0.001 0.000 0.000 0.000 0.000 0.000
0.027 0.000 0.000 0.001 0.000 0.000 0.000 0.972 0.000
0.022 0.000 0.000 0.001 0.000 0.000 0.000 0.977 0.000
0.004 0.000 0.000 0.000 0.000 0.000 0.000 0.995 0.000
0.005 0.000 0.000 0.000 0.000 0.000 0.000 0.995 0.000
0.005 0.000 0.000 0.000 0.000 0.000 0.000 0.995 0.000
0.005 0.000 0.000 0.000 0.000 0.000 0.000 0.995 0.000
0.005 0.000 0.000 0.000 0.000 0.000 0.000 0.994 0.000
0.005 0.000 0.000 0.000 0.000 0.000 0.000 0.994 0.000
0.006 0.000 0.000 0.000 0.000 0.000 0.000 0.994 0.000
0.007 0.000 0.000 0.000 0.000 0.000 0.000 0.993 0.000
0.009 0.000 0.000 0.000 0.000 0.000 0.000 0.991 0.000
0.010 0.000 0.000 0.000 0.000 0.000 0.000 0.989 0.000
0.012 0.000 0.000 0.001 0.000 0.000 0.000 0.987 0.000
0.014 0.000 0.000 0.001 0.000 0.000 0.000 0.985 0.000
0.000 0.027 0.000 0.031 0.000 0.000 0.000 0.942 0.000
0.000 0.026 0.000 0.030 0.000 0.000 0.000 0.944 0.000
0.000 0.031 0.000 0.032 0.000 0.000 0.000 0.937 0.000
0.000 0.035 0.000 0.032 0.000 0.000 0.000 0.934 0.000
0.000 0.032 0.000 0.027 0.000 0.000 0.000 0.941 0.000
0.000 0.035 0.000 0.025 0.000 0.000 0.000 0.940 0.000
0.995 0.004 0.000 0.002 0.000 0.000 0.000 0.000 0.000
0.994 0.005 0.000 0.001 0.000 0.000 0.000 0.000 0.000
0.976 0.020 0.000 0.003 0.000 0.000 0.000 0.000 0.000
0.035 0.000 0.000 0.002 0.000 0.000 0.000 0.962 0.000
0.027 0.000 0.000 0.001 0.000 0.000 0.000 0.971 0.000
0.020 0.000 0.000 0.001 0.000 0.000 0.000 0.979 0.000
0.007 0.000 0.000 0.000 0.000 0.000 0.000 0.993 0.000
0.008 0.000 0.000 0.000 0.000 0.000 0.000 0.991 0.000
0.010 0.000 0.000 0.000 0.000 0.000 0.000 0.989 0.000
0.013 0.000 0.000 0.000 0.000 0.000 0.000 0.987 0.000
0.013 0.000 0.000 0.001 0.000 0.000 0.000 0.986 0.000
0.015 0.000 0.000 0.001 0.000 0.000 0.000 0.984 0.000
0.000 0.018 0.000 0.026 0.000 0.000 0.000 0.955 0.000
0.000 0.018 0.000 0.027 0.000 0.000 0.000 0.955 0.000
0.000 0.022 0.000 0.025 0.000 0.000 0.000 0.953 0.000
0.000 0.028 0.000 0.028 0.000 0.000 0.000 0.944 0.000
0.000 0.025 0.000 0.022 0.000 0.000 0.000 0.953 0.000
0.000 0.027 0.000 0.021 0.000 0.000 0.000 0.951 0.000
0.990 0.007 0.000 0.003 0.000 0.000 0.000 0.000 0.000
0.995 0.004 0.000 0.001 0.000 0.000 0.000 0.000 0.000
0.991 0.007 0.000 0.001 0.000 0.000 0.000 0.000 0.000
0.047 0.000 0.000 0.001 0.000 0.000 0.000 0.951 0.000
0.034 0.000 0.000 0.001 0.000 0.000 0.000 0.965 0.000
0.013 0.000 0.000 0.001 0.000 0.000 0.000 0.987 0.000
0.015 0.000 0.000 0.001 0.000 0.000 0.000 0.985 0.000
0.015 0.000 0.000 0.001 0.000 0.000 0.000 0.984 0.000
0.014 0.000 0.000 0.001 0.000 0.000 0.000 0.985 0.000
0.000 0.012 0.000 0.023 0.000 0.000 0.000 0.965 0.000
0.000 0.013 0.000 0.020 0.000 0.000 0.000 0.967 0.000
0.000 0.018 0.000 0.021 0.000 0.000 0.000 0.961 0.000
0.000 0.021 0.000 0.021 0.000 0.000 0.000 0.958 0.000
0.000 0.020 0.000 0.017 0.000 0.000 0.000 0.963 0.000
0.000 0.021 0.000 0.017 0.000 0.000 0.000 0.962 0.000
0.995 0.004 0.000 0.001 0.000 0.000 0.000 0.000 0.000
0.994 0.006 0.000 0.001 0.000 0.000 0.000 0.000 0.000
0.076 0.001 0.000 0.002 0.000 0.000 0.000 0.922 0.000
0.059 0.000 0.000 0.001 0.000 0.000 0.000 0.939 0.000
0.039 0.000 0.000 0.001 0.000 0.000 0.000 0.960 0.000
0.013 0.000 0.000 0.000 0.000 0.000 0.000 0.987 0.000
0.015 0.000 0.000 0.001 0.000 0.000 0.000 0.985 0.000
0.016 0.000 0.000 0.001 0.000 0.000 0.000 0.983 0.000
0.016 0.000 0.000 0.001 0.000 0.000 0.000 0.983 0.000
0.000 0.010 0.000 0.017 0.000 0.000 0.000 0.972 0.000
0.000 0.011 0.000 0.016 0.000 0.000 0.000 0.972 0.000
0.000 0.014 0.000 0.017 0.000 0.000 0.000 0.969 0.000
0.000 0.016 0.000 0.017 0.000 0.000 0.000 0.967 0.000
0.000 0.015 0.000 0.014 0.000 0.000 0.000 0.971 0.000
0.000 0.017 0.000 0.014 0.000 0.000 0.000 0.969 0.000
0.993 0.006 0.000 0.002 0.000 0.000 0.000 0.000 0.000
0.994 0.005 0.000 0.001 0.000 0.000 0.000 0.000 0.000
0.989 0.010 0.000 0.001 0.000 0.000 0.000 0.000 0.000
0.095 0.001 0.000 0.001 0.000 0.000 0.000 0.903 0.000
0.070 0.000 0.000 0.001 0.000 0.000 0.000 0.928 0.000
0.013 0.000 0.000 0.000 0.000 0.000 0.000 0.986 0.000
0.015 0.000 0.000 0.001 0.000 0.000 0.000 0.984 0.000
0.017 0.000 0.000 0.001 0.000 0.000 0.000 0.983 0.000
0.017 0.000 0.000 0.001 0.000 0.000 0.000 0.982 0.000
0.021 0.000 0.000 0.001 0.000 0.000 0.000 0.978 0.000
0.016 0.000 0.000 0.001 0.000 0.000 0.000 0.984 0.000
0.000 0.008 0.000 0.014 0.000 0.000 0.000 0.978 0.000
0.000 0.008 0.000 0.013 0.000 0.000 0.000 0.979 0.000
0.000 0.011 0.000 0.014 0.000 0.000 0.000 0.975 0.000
0.000 0.013 0.000 0.014 0.000 0.000 0.000 0.973 0.000
0.000 0.013 0.000 0.012 0.000 0.000 0.000 0.975 0.000
0.000 0.013 0.000 0.011 0.000 0.000 0.000 0.976 0.000
0.985 0.012 0.000 0.003 0.000 0.000 0.000 0.000 0.000
0.995 0.004 0.000 0.001 0.000 0.000 0.000 0.000 0.000
0.992 0.007 0.000 0.001 0.000 0.000 0.000 0.000 0.000
0.160 0.001 0.000 0.001 0.000 0.000 0.000 0.838 0.000
0.112 0.001 0.000 0.001 0.000 0.000 0.000 0.886 0.000
0.077 0.001 0.000 0.001 0.000 0.000 0.000 0.921 0.000
0.012 0.000 0.000 0.001 0.000 0.000 0.000 0.987 0.000
0.015 0.000 0.000 0.001 0.000 0.000 0.000 0.985 0.000
0.018 0.000 0.000 0.001 0.000 0.000 0.000 0.982 0.000
0.020 0.000 0.000 0.001 0.000 0.000 0.000 0.979 0.000
0.023 0.000 0.000 0.001 0.000 0.000 0.000 0.977 0.000
0.026 0.000 0.000 0.001 0.000 0.000 0.000 0.973 0.000
0.000 0.006 0.000 0.011 0.000 0.000 0.000 0.983 0.000
0.000 0.008 0.000 0.011 0.000 0.000 0.000 0.981 0.000
0.000 0.010 0.000 0.011 0.000 0.000 0.000 0.978 0.000
0.000 0.011 0.000 0.011 0.000 0.000 0.000 0.977 0.000
0.000 0.011 0.000 0.009 0.000 0.000 0.000 0.980 0.000
0.000 0.012 0.000 0.009 0.000 0.000 0.000 0.979 0.000
0.996 0.003 0.000 0.001 0.000 0.000 0.000 0.000 0.000
0.994 0.005 0.000 0.000 0.000 0.000 0.000 0.000 0.000
0.980 0.019 0.000 0.001 0.000 0.000 0.000 0.000 0.000
0.190 0.001 0.000 0.001 0.000 0.000 0.000 0.808 0.000
0.127 0.001 0.000 0.001 0.000 0.000 0.000 0.871 0.000
0.013 0.000 0.000 0.001 0.000 0.000 0.000 0.986 0.000
0.015 0.000 0.000 0.001 0.000 0.000 0.000 0.984 0.000
0.020 0.000 0.000 0.001 0.000 0.000 0.000 0.979 0.000
0.023 0.000 0.000 0.001 0.000 0.000 0.000 0.976 0.000
0.026 0.000 0.000 0.001 0.000 0.000 0.000 0.973 0.000
0.027 0.000 0.000 0.001 0.000 0.000 0.000 0.972 0.000
0.000 0.006 0.000 0.009 0.000 0.000 0.000 0.985 0.000
0.000 0.006 0.000 0.009 0.000 0.000 0.000 0.985 0.000
0.000 0.008 0.000 0.009 0.000 0.000 0.000 0.984 0.000
0.000 0.009 0.000 0.009 0.000 0.000 0.000 0.983 0.000
0.000 0.009 0.000 0.007 0.000 0.000 0.000 0.984 0.000
0.000 0.010 0.000 0.008 0.000 0.000 0.000 0.982 0.000
0.988 0.010 0.000 0.002 0.000 0.000 0.000 0.000 0.000
0.995 0.004 0.000 0.000 0.000 0.000 0.000 0.000 0.000
0.993 0.007 0.000 0.000 0.000 0.000 0.000 0.000 0.000
0.305 0.002 0.000 0.001 0.000 0.000 0.000 0.692 0.000
0.212 0.001 0.000 0.001 0.000 0.000 0.000 0.786 0.000
0.144 0.001 0.000 0.001 0.000 0.000 0.000 0.854 0.000
0.015 0.000 0.000 0.001 0.000 0.000 0.000 0.984 0.000
0.019 0.000 0.000 0.001 0.000 0.000 0.000 0.980 0.000
0.024 0.000 0.000 0.001 0.000 0.000 0.000 0.975 0.000
0.028 0.000 0.000 0.001 0.000 0.000 0.000 0.970 0.000
0.029 0.000 0.000 0.001 0.000 0.000 0.000 0.970 0.000
0.031 0.000 0.000 0.001 0.000 0.000 0.000 0.968 0.000
0.000 0.005 0.000 0.007 0.000 0.000 0.000 0.988 0.000
0.000 0.005 0.000 0.007 0.000 0.000 0.000 0.987 0.000
0.000 0.007 0.000 0.008 0.000 0.000 0.000 0.985 0.000
0.000 0.007 0.000 0.007 0.000 0.000 0.000 0.985 0.000
0.000 0.007 0.000 0.006 0.000 0.000 0.000 0.987 0.000
0.965 0.032 0.000 0.003 0.000 0.000 0.000 0.000 0.000
0.996 0.004 0.000 0.000 0.000 0.000 0.000 0.000 0.000
0.994 0.005 0.000 0.000 0.000 0.000 0.000 0.000 0.000
0.977 0.022 0.000 0.001 0.000 0.000 0.000 0.000 0.000
0.407 0.003 0.000 0.001 0.000 0.000 0.000 0.589 0.000
0.346 0.002 0.000 0.001 0.000 0.000 0.000 0.651 0.000
0.244 0.002 0.000 0.001 0.000 0.000 0.000 0.753 0.000
0.017 0.000 0.000 0.001 0.000 0.000 0.000 0.982 0.000
0.021 0.000 0.000 0.001 0.000 0.000 0.000 0.978 0.000
0.028 0.000 0.000 0.001 0.000 0.000 0.000 0.971 0.000
0.031 0.000 0.000 0.001 0.000 0.000 0.000 0.968 0.000
0.032 0.000 0.000 0.001 0.000 0.000 0.000 0.966 0.000
0.036 0.000 0.000 0.001 0.000 0.000 0.000 0.963 0.000
0.000 0.004 0.000 0.005 0.000 0.000 0.000 0.991 0.000
0.000 0.005 0.000 0.006 0.000 0.000 0.000 0.989 0.000
0.000 0.006 0.000 0.006 0.000 0.000 0.000 0.989 0.000
0.000 0.006 0.000 0.006 0.000 0.000 0.000 0.988 0.000
0.000 0.006 0.000 0.005 0.000 0.000 0.000 0.989 0.000
0.995 0.005 0.000 0.001 0.000 0.000 0.000 0.000 0.000
0.996 0.004 0.000 0.000 0.000 0.000 0.000 0.000 0.000
0.990 0.009 0.000 0.000 0.000 0.000 0.000 0.000 0.000
0.489 0.003 0.000 0.000 0.000 0.000 0.000 0.507 0.000
0.405 0.002 0.000 0.000 0.000 0.000 0.000 0.592 0.000
0.276 0.002 0.000 0.000 0.000 0.000 0.000 0.722 0.000
0.023 0.000 0.000 0.001 0.000 0.000 0.000 0.975 0.000
0.029 0.000 0.000 0.001 0.000 0.000 0.000 0.969 0.000
0.037 0.000 0.000 0.002 0.000 0.000 0.000 0.961 0.000
0.040 0.000 0.000 0.002 0.000 0.000 0.000 0.958 0.000
0.040 0.000 0.000 0.002 0.000 0.000 0.000 0.958 0.000
0.000 0.003 0.000 0.005 0.000 0.000 0.000 0.992 0.000
0.000 0.004 0.000 0.004 0.000 0.000 0.000 0.992 0.000
0.000 0.005 0.000 0.005 0.000 0.000 0.000 0.990 0.000
0.000 0.006 0.000 0.005 0.000 0.000 0.000 0.989 0.000
0.000 0.007 0.000 0.004 0.000 0.000 0.000 0.989 0.000
0.984 0.015 0.000 0.001 0.000 0.000 0.000 0.000 0.000
0.996 0.003 0.000 0.000 0.000 0.000 0.000 0.000 0.000
0.994 0.006 0.000 0.000 0.000 0.000 0.000 0.000 0.000
0.614 0.004 0.000 0.000 0.000 0.000 0.000 0.381 0.000
0.545 0.003 0.000 0.000 0.000 0.000 0.000 0.452 0.000
0.443 0.003 0.000 0.000 0.000 0.000 0.000 0.554 0.000
0.020 0.000 0.000 0.001 0.000 0.000 0.000 0.978 0.000
0.025 0.000 0.000 0.002 0.000 0.000 0.000 0.973 0.000
0.029 0.000 0.000 0.002 0.000 0.000 0.000 0.969 0.000
0.037 0.000 0.000 0.002 0.000 0.000 0.000 0.961 0.000
0.041 0.000 0.000 0.002 0.000 0.000 0.000 0.957 0.000
0.041 0.000 0.000 0.002 0.000 0.000 0.000 0.957 0.000
0.000 0.003 0.000 0.004 0.000 0.000 0.000 0.993 0.000
0.000 0.003 0.000 0.004 0.000 0.000 0.000 0.994 0.000
0.000 0.004 0.000 0.004 0.000 0.000 0.000 0.991 0.000
0.000 0.005 0.000 0.005 0.000 0.000 0.000 0.990 0.000
0.000 0.006 0.000 0.004 0.000 0.000 0.000 0.990 0.000
0.000 0.006 0.000 0.004 0.000 0.000 0.000 0.990 0.000
0.995 0.004 0.000 0.000 0.000 0.000 0.000 0.000 0.000
0.995 0.005 0.000 0.000 0.000 0.000 0.000 0.000 0.000
0.987 0.013 0.000 0.000 0.000 0.000 0.000 0.000 0.000
0.675 0.004 0.000 0.000 0.000 0.000 0.000 0.321 0.000
0.590 0.003 0.000 0.000 0.000 0.000 0.000 0.406 0.000
0.477 0.003 0.000 0.000 0.000 0.000 0.000 0.520 0.000
0.026 0.000 0.000 0.002 0.000 0.000 0.000 0.972 0.000
0.031 0.000 0.000 0.002 0.000 0.000 0.000 0.966 0.000
0.041 0.000 0.000 0.002 0.000 0.000 0.000 0.956 0.001
0.048 0.000 0.000 0.002 0.000 0.000 0.000 0.948 0.001
0.000 0.003 0.000 0.004 0.000 0.000 0.000 0.993 0.000
0.000 0.003 0.000 0.004 0.000 0.000 0.000 0.993 0.000
0.000 0.004 0.000 0.004 0.000 0.000 0.000 0.992 0.000
0.000 0.006 0.000 0.005 0.000 0.000 0.000 0.989 0.000
0.000 0.007 0.000 0.004 0.000 0.000 0.000 0.989 0.000
0.987 0.012 0.000 0.001 0.000 0.000 0.000 0.000 0.000
0.996 0.004 0.000 0.000 0.000 0.000 0.000 0.000 0.000
0.994 0.006 0.000 0.000 0.000 0.000 0.000 0.000 0.000
0.763 0.005 0.000 0.000 0.000 0.000 0.000 0.232 0.000
0.719 0.004 0.000 0.000 0.000 0.000 0.000 0.277 0.000
0.621 0.004 0.000 0.000 0.000 0.000 0.000 0.375 0.000
0.031 0.000 0.000 0.003 0.000 0.000 0.000 0.966 0.000
0.041 0.000 0.000 0.003 0.000 0.000 0.000 0.955 0.001
0.048 0.000 0.000 0.003 0.000 0.000 0.000 0.949 0.001
0.050 0.000 0.000 0.003 0.000 0.000 0.000 0.945 0.001
0.057 0.000 0.000 0.004 0.000 0.000 0.000 0.939 0.001
0.000 0.003 0.000 0.004 0.000 0.000 0.000 0.994 0.000
0.000 0.004 0.000 0.003 0.000 0.000 0.000 0.993 0.000
0.000 0.005 0.000 0.004 0.000 0.000 0.000 0.991 0.000
0.000 0.006 0.000 0.004 0.000 0.000 0.000 0.991 0.000
0.000 0.007 0.000 0.004 0.000 0.000 0.000 0.990 0.000
0.996 0.004 0.000 0.000 0.000 0.000 0.000 0.000 0.000
0.995 0.005 0.000 0.000 0.000 0.000 0.000 0.000 0.000
0.982 0.018 0.000 0.000 0.000 0.000 0.000 0.000 0.000
0.808 0.005 0.000 0.000 0.000 0.000 0.000 0.187 0.000
0.750 0.004 0.000 0.000 0.000 0.000 0.000 0.246 0.000
0.648 0.004 0.000 0.000 0.000 0.000 0.000 0.347 0.000
0.035 0.000 0.000 0.003 0.000 0.000 0.000 0.961 0.001
0.046 0.000 0.000 0.003 0.000 0.000 0.000 0.950 0.001
0.051 0.000 0.000 0.003 0.000 0.000 0.000 0.945 0.001
0.055 0.000 0.000 0.004 0.000 0.000 0.000 0.941 0.001
0.059 0.000 0.000 0.004 0.000 0.000 0.000 0.936 0.001
0.000 0.003 0.000 0.003 0.000 0.000 0.000 0.994 0.000
0.000 0.004 0.000 0.003 0.000 0.000 0.000 0.993 0.000
0.000 0.005 0.000 0.004 0.000 0.000 0.000 0.991 0.000
0.000 0.006 0.000 0.004 0.000 0.000 0.000 0.990 0.000
0.000 0.007 0.000 0.004 0.000 0.000 0.000 0.990 0.000
0.994 0.006 0.000 0.000 0.000 0.000 0.000 0.000 0.000
0.995 0.005 0.000 0.000 0.000 0.000 0.000 0.000 0.000
0.991 0.009 0.000 0.000 0.000 0.000 0.000 0.000 0.000
0.873 0.006 0.000 0.000 0.000 0.000 0.000 0.121 0.000
0.843 0.005 0.000 0.000 0.000 0.000 0.000 0.152 0.000
0.779 0.005 0.000 0.000 0.000 0.000 0.000 0.216 0.000
0.035 0.000 0.000 0.004 0.000 0.000 0.000 0.960 0.000
0.049 0.000 0.000 0.004 0.000 0.000 0.000 0.945 0.001
0.059 0.000 0.000 0.004 0.000 0.000 0.000 0.936 0.001
0.062 0.000 0.000 0.004 0.000 0.000 0.000 0.933 0.001
0.061 0.000 0.000 0.005 0.000 0.000 0.000 0.934 0.001
0.059 0.000 0.000 0.005 0.000 0.000 0.000 0.935 0.001
0.000 0.003 0.000 0.003 0.000 0.000 0.000 0.994 0.000
0.000 0.003 0.000 0.003 0.000 0.000 0.000 0.994 0.000
0.000 0.004 0.000 0.003 0.000 0.000 0.000 0.993 0.000
0.000 0.006 0.000 0.004 0.000 0.000 0.000 0.991 0.000
0.000 0.007 0.000 0.004 0.000 0.000 0.000 0.990 0.000
0.000 0.007 0.000 0.003 0.000 0.000 0.000 0.989 0.000
0.996 0.004 0.000 0.000 0.000 0.000 0.000 0.000 0.000
0.995 0.005 0.000 0.000 0.000 0.000 0.000 0.000 0.000
0.899 0.005 0.000 0.000 0.000 0.000 0.000 0.095 0.000
0.861 0.005 0.000 0.000 0.000 0.000 0.000 0.134 0.000
0.042 0.000 0.000 0.005 0.000 0.000 0.000 0.952 0.001
0.052 0.000 0.000 0.005 0.000 0.000 0.000 0.942 0.001
0.063 0.000 0.000 0.004 0.000 0.000 0.000 0.932 0.001
0.071 0.000 0.000 0.004 0.000 0.000 0.000 0.924 0.001
0.067 0.000 0.000 0.005 0.000 0.000 0.000 0.927 0.001
0.000 0.003 0.000 0.002 0.000 0.000 0.000 0.994 0.000
0.000 0.004 0.000 0.003 0.000 0.000 0.000 0.993 0.000
0.000 0.005 0.000 0.003 0.000 0.000 0.000 0.992 0.000
0.000 0.006 0.000 0.003 0.000 0.000 0.000 0.991 0.000
0.000 0.008 0.000 0.003 0.000 0.000 0.000 0.989 0.000
0.000 0.010 0.000 0.003 0.000 0.000 0.000 0.987 0.000
0.995 0.005 0.000 0.000 0.000 0.000 0.000 0.000 0.000
0.995 0.005 0.000 0.000 0.000 0.000 0.000 0.000 0.000
0.990 0.010 0.000 0.000 0.000 0.000 0.000 0.000 0.000
0.934 0.007 0.000 0.000 0.000 0.000 0.000 0.059 0.000
0.911 0.006 0.000 0.000 0.000 0.000 0.000 0.083 0.000
0.059 0.000 0.000 0.006 0.000 0.000 0.000 0.933 0.001
0.066 0.000 0.000 0.006 0.000 0.000 0.000 0.927 0.001
0.071 0.000 0.000 0.006 0.000 0.000 0.000 0.922 0.001
0.071 0.000 0.000 0.007 0.000 0.000 0.000 0.921 0.001
0.071 0.000 0.000 0.008 0.000 0.000 0.000 0.920 0.001
0.000 0.004 0.000 0.002 0.000 0.000 0.000 0.994 0.000
0.000 0.005 0.000 0.002 0.000 0.000 0.000 0.993 0.000
0.000 0.006 0.000 0.003 0.000 0.000 0.000 0.991 0.000
0.000 0.008 0.000 0.003 0.000 0.000 0.000 0.989 0.000
0.000 0.009 0.000 0.003 0.000 0.000 0.000 0.989 0.000
0.988 0.012 0.000 0.000 0.000 0.000 0.000 0.000 0.000
0.996 0.004 0.000 0.000 0.000 0.000 0.000 0.000 0.000
0.993 0.007 0.000 0.000 0.000 0.000 0.000 0.000 0.000
0.953 0.007 0.000 0.000 0.000 0.000 0.000 0.039 0.000
0.944 0.006 0.000 0.000 0.000 0.000 0.000 0.050 0.000
0.919 0.006 0.000 0.000 0.000 0.000 0.000 0.075 0.000
0.055 0.000 0.000 0.007 0.000 0.000 0.000 0.937 0.001
0.063 0.000 0.000 0.007 0.000 0.000 0.000 0.928 0.001
0.073 0.000 0.000 0.006 0.000 0.000 0.000 0.919 0.001
0.082 0.000 0.000 0.008 0.000 0.000 0.000 0.909 0.001
0.083 0.000 0.000 0.009 0.000 0.000 0.000 0.907 0.001
0.000 0.004 0.000 0.002 0.000 0.000 0.000 0.994 0.000
0.000 0.004 0.000 0.002 0.000 0.000 0.000 0.993 0.000
0.000 0.006 0.000 0.002 0.000 0.000 0.000 0.991 0.000
0.000 0.008 0.000 0.003 0.000 0.000 0.000 0.989 0.000
0.000 0.010 0.000 0.003 0.000 0.000 0.000 0.987 0.000
0.000 0.011 0.000 0.003 0.000 0.000 0.000 0.986 0.000
0.997 0.003 0.000 0.000 0.000 0.000 0.000 0.000 0.000
0.995 0.005 0.000 0.000 0.000 0.000 0.000 0.000 0.000
0.978 0.022 0.000 0.000 0.000 0.000 0.000 0.000 0.000
0.968 0.007 0.000 0.000 0.000 0.000 0.000 0.025 0.000
0.961 0.006 0.000 0.000 0.000 0.000 0.000 0.033 0.000
0.946 0.006 0.000 0.000 0.000 0.000 0.000 0.047 0.000
