0.326 0.003 0.000 0.671 0.000 0.000 0.000 0.000 0.000
0.666 0.002 0.000 0.332 0.000 0.000 0.000 0.000 0.000
0.677 0.002 0.000 0.321 0.000 0.000 0.000 0.000 0.000
0.998 0.000 0.000 0.002 0.000 0.000 0.000 0.000 0.000
0.998 0.000 0.000 0.002 0.000 0.000 0.000 0.000 0.000
0.998 0.000 0.000 0.002 0.000 0.000 0.000 0.000 0.000
0.998 0.000 0.000 0.002 0.000 0.000 0.000 0.000 0.000
0.999 0.000 0.000 0.001 0.000 0.000 0.000 0.000 0.000
0.000 0.767 0.000 0.021 0.000 0.000 0.000 0.212 0.000
0.000 0.764 0.000 0.025 0.000 0.000 0.000 0.212 0.000
0.000 0.755 0.000 0.029 0.000 0.000 0.000 0.217 0.000
0.000 0.748 0.000 0.029 0.000 0.000 0.000 0.223 0.000
0.000 0.718 0.000 0.027 0.000 0.000 0.000 0.254 0.000
0.000 0.683 0.000 0.024 0.000 0.000 0.000 0.292 0.000
0.000 0.670 0.000 0.023 0.000 0.000 0.000 0.306 0.000
0.000 0.667 0.000 0.026 0.000 0.000 0.000 0.306 0.001
0.000 0.701 0.000 0.024 0.000 0.000 0.000 0.274 0.000
0.642 0.004 0.000 0.354 0.000 0.000 0.000 0.000 0.000
0.716 0.003 0.000 0.281 0.000 0.000 0.000 0.000 0.000
0.554 0.004 0.000 0.441 0.000 0.000 0.000 0.000 0.000
0.998 0.000 0.000 0.002 0.000 0.000 0.000 0.000 0.000
0.998 0.000 0.000 0.002 0.000 0.000 0.000 0.000 0.000
0.997 0.000 0.000 0.002 0.000 0.000 0.000 0.000 0.000
0.998 0.000 0.000 0.002 0.000 0.000 0.000 0.000 0.000
0.998 0.000 0.000 0.002 0.000 0.000 0.000 0.000 0.000
0.998 0.000 0.000 0.002 0.000 0.000 0.000 0.000 0.000
0.000 0.742 0.000 0.023 0.000 0.000 0.000 0.235 0.000
0.000 0.727 0.000 0.026 0.000 0.000 0.000 0.247 0.000
0.000 0.705 0.000 0.025 0.000 0.000 0.000 0.269 0.000
0.000 0.688 0.000 0.023 0.000 0.000 0.000 0.289 0.000
0.000 0.659 0.000 0.023 0.000 0.000 0.000 0.317 0.001
0.000 0.673 0.000 0.024 0.000 0.000 0.000 0.303 0.001
0.000 0.688 0.000 0.025 0.000 0.000 0.000 0.286 0.001
0.000 0.665 0.000 0.027 0.000 0.000 0.000 0.308 0.001
0.000 0.682 0.000 0.027 0.000 0.000 0.000 0.291 0.000
0.459 0.006 0.000 0.535 0.000 0.000 0.000 0.000 0.000
0.774 0.004 0.000 0.223 0.000 0.000 0.000 0.000 0.000
0.769 0.004 0.000 0.227 0.000 0.000 0.000 0.000 0.000
0.998 0.000 0.000 0.002 0.000 0.000 0.000 0.000 0.000
0.998 0.000 0.000 0.002 0.000 0.000 0.000 0.000 0.000
0.997 0.000 0.000 0.002 0.000 0.000 0.000 0.000 0.000
0.997 0.000 0.000 0.003 0.000 0.000 0.000 0.001 0.000
0.997 0.000 0.000 0.003 0.000 0.000 0.000 0.000 0.000
0.998 0.000 0.000 0.002 0.000 0.000 0.000 0.000 0.000
0.998 0.000 0.000 0.002 0.000 0.000 0.000 0.000 0.000
0.998 0.000 0.000 0.002 0.000 0.000 0.000 0.000 0.000
0.000 0.701 0.000 0.024 0.000 0.000 0.000 0.275 0.000
0.000 0.685 0.000 0.023 0.000 0.000 0.000 0.292 0.000
0.000 0.651 0.000 0.020 0.000 0.000 0.000 0.328 0.001
0.000 0.672 0.000 0.022 0.000 0.000 0.000 0.305 0.001
0.000 0.678 0.000 0.024 0.000 0.000 0.000 0.298 0.001
0.000 0.668 0.000 0.026 0.000 0.000 0.000 0.305 0.001
0.000 0.640 0.000 0.027 0.000 0.000 0.000 0.332 0.001
0.000 0.613 0.000 0.026 0.000 0.000 0.000 0.360 0.001
0.000 0.602 0.000 0.027 0.000 0.000 0.000 0.370 0.001
0.414 0.010 0.000 0.576 0.000 0.000 0.000 0.000 0.000
0.769 0.005 0.000 0.226 0.000 0.000 0.000 0.000 0.000
0.831 0.005 0.000 0.165 0.000 0.000 0.000 0.000 0.000
0.602 0.008 0.000 0.390 0.000 0.000 0.000 0.000 0.000
0.998 0.000 0.000 0.002 0.000 0.000 0.000 0.001 0.000
0.997 0.000 0.000 0.002 0.000 0.000 0.000 0.001 0.000
0.997 0.000 0.000 0.002 0.000 0.000 0.000 0.001 0.000
0.996 0.000 0.000 0.003 0.000 0.000 0.000 0.001 0.000
0.995 0.000 0.000 0.003 0.000 0.000 0.000 0.001 0.000
0.997 0.000 0.000 0.002 0.000 0.000 0.000 0.001 0.000
0.997 0.000 0.000 0.002 0.000 0.000 0.000 0.001 0.000
0.997 0.000 0.000 0.002 0.000 0.000 0.000 0.001 0.000
0.997 0.000 0.000 0.002 0.000 0.000 0.000 0.001 0.000
0.996 0.000 0.000 0.004 0.000 0.000 0.000 0.001 0.000
0.996 0.000 0.000 0.004 0.000 0.000 0.000 0.000 0.000
0.000 0.699 0.000 0.021 0.000 0.000 0.000 0.279 0.000
0.000 0.707 0.000 0.024 0.000 0.000 0.000 0.268 0.001
0.000 0.671 0.000 0.024 0.000 0.000 0.000 0.304 0.001
0.000 0.647 0.000 0.022 0.000 0.000 0.000 0.330 0.001
0.000 0.647 0.000 0.025 0.000 0.000 0.000 0.327 0.001
0.000 0.636 0.000 0.027 0.000 0.000 0.000 0.336 0.001
0.000 0.604 0.000 0.028 0.000 0.000 0.000 0.367 0.001
0.000 0.578 0.000 0.029 0.000 0.000 0.000 0.392 0.001
0.000 0.541 0.000 0.027 0.000 0.000 0.000 0.431 0.000
0.746 0.008 0.000 0.246 0.000 0.000 0.000 0.000 0.000
0.840 0.006 0.000 0.154 0.000 0.000 0.000 0.000 0.000
0.791 0.008 0.000 0.201 0.000 0.000 0.000 0.000 0.000
0.996 0.000 0.000 0.002 0.000 0.000 0.000 0.002 0.000
0.996 0.000 0.000 0.002 0.000 0.000 0.000 0.002 0.000
0.995 0.000 0.000 0.002 0.000 0.000 0.000 0.003 0.000
0.996 0.000 0.000 0.003 0.000 0.000 0.000 0.002 0.000
0.995 0.000 0.000 0.003 0.000 0.000 0.000 0.002 0.000
0.995 0.000 0.000 0.003 0.000 0.000 0.000 0.002 0.000
0.994 0.000 0.000 0.005 0.000 0.000 0.000 0.001 0.000
0.991 0.000 0.000 0.007 0.000 0.000 0.000 0.002 0.000
0.000 0.687 0.000 0.025 0.000 0.000 0.000 0.287 0.001
0.000 0.632 0.000 0.025 0.000 0.000 0.000 0.342 0.001
0.000 0.589 0.000 0.024 0.000 0.000 0.000 0.386 0.001
0.000 0.588 0.000 0.026 0.000 0.000 0.000 0.386 0.000
0.000 0.610 0.000 0.031 0.000 0.000 0.000 0.358 0.001
0.000 0.572 0.000 0.031 0.000 0.000 0.000 0.397 0.001
0.000 0.533 0.000 0.028 0.000 0.000 0.000 0.438 0.001
0.000 0.498 0.000 0.028 0.000 0.000 0.000 0.474 0.000
0.000 0.462 0.000 0.026 0.000 0.000 0.000 0.512 0.000
0.623 0.018 0.000 0.358 0.000 0.000 0.000 0.000 0.000
0.868 0.008 0.000 0.124 0.000 0.000 0.000 0.000 0.000
0.880 0.008 0.000 0.112 0.000 0.000 0.000 0.000 0.000
0.990 0.000 0.000 0.003 0.000 0.000 0.000 0.008 0.000
0.992 0.000 0.000 0.002 0.000 0.000 0.000 0.006 0.000
0.992 0.000 0.000 0.002 0.000 0.000 0.000 0.006 0.000
0.992 0.000 0.000 0.002 0.000 0.000 0.000 0.006 0.000
0.993 0.000 0.000 0.003 0.000 0.000 0.000 0.004 0.000
0.992 0.000 0.000 0.003 0.000 0.000 0.000 0.005 0.000
0.991 0.000 0.000 0.003 0.000 0.000 0.000 0.005 0.000
0.991 0.000 0.000 0.004 0.000 0.000 0.000 0.006 0.000
0.986 0.000 0.000 0.008 0.000 0.000 0.000 0.006 0.000
0.000 0.652 0.000 0.029 0.000 0.000 0.000 0.318 0.000
0.000 0.631 0.000 0.031 0.000 0.000 0.000 0.337 0.000
0.000 0.540 0.000 0.027 0.000 0.000 0.000 0.432 0.001
0.000 0.527 0.000 0.027 0.000 0.000 0.000 0.445 0.000
0.000 0.543 0.000 0.030 0.000 0.000 0.000 0.426 0.000
0.000 0.519 0.000 0.029 0.000 0.000 0.000 0.452 0.001
0.000 0.486 0.000 0.029 0.000 0.000 0.000 0.485 0.001
0.000 0.448 0.000 0.027 0.000 0.000 0.000 0.524 0.000
0.000 0.413 0.000 0.025 0.000 0.000 0.000 0.561 0.000
0.852 0.012 0.000 0.136 0.000 0.000 0.000 0.000 0.000
0.902 0.010 0.000 0.088 0.000 0.000 0.000 0.000 0.000
0.850 0.014 0.000 0.136 0.000 0.000 0.000 0.000 0.000
0.979 0.000 0.000 0.004 0.000 0.000 0.000 0.017 0.000
0.979 0.000 0.000 0.003 0.000 0.000 0.000 0.018 0.000
0.978 0.000 0.000 0.002 0.000 0.000 0.000 0.020 0.000
0.978 0.000 0.000 0.003 0.000 0.000 0.000 0.020 0.000
0.981 0.000 0.000 0.002 0.000 0.000 0.000 0.017 0.000
0.982 0.000 0.000 0.002 0.000 0.000 0.000 0.016 0.000
0.984 0.000 0.000 0.002 0.000 0.000 0.000 0.014 0.000
0.984 0.000 0.000 0.002 0.000 0.000 0.000 0.014 0.000
0.983 0.000 0.000 0.003 0.000 0.000 0.000 0.014 0.000
0.987 0.000 0.000 0.003 0.000 0.000 0.000 0.010 0.000
0.987 0.000 0.000 0.003 0.000 0.000 0.000 0.010 0.000
0.984 0.000 0.000 0.004 0.000 0.000 0.000 0.012 0.000
0.986 0.000 0.000 0.004 0.000 0.000 0.000 0.011 0.000
0.985 0.000 0.000 0.005 0.000 0.000 0.000 0.010 0.000
0.985 0.000 0.000 0.007 0.000 0.000 0.000 0.008 0.000
0.000 0.488 0.000 0.025 0.000 0.000 0.000 0.486 0.001
0.000 0.455 0.000 0.026 0.000 0.000 0.000 0.519 0.001
0.000 0.429 0.000 0.024 0.000 0.000 0.000 0.547 0.000
0.000 0.489 0.000 0.030 0.000 0.000 0.000 0.480 0.000
0.000 0.466 0.000 0.030 0.000 0.000 0.000 0.504 0.000
0.000 0.446 0.000 0.028 0.000 0.000 0.000 0.526 0.000
0.000 0.406 0.000 0.028 0.000 0.000 0.000 0.565 0.000
0.000 0.376 0.000 0.027 0.000 0.000 0.000 0.596 0.000
0.787 0.019 0.000 0.194 0.000 0.000 0.000 0.000 0.000
0.918 0.010 0.000 0.072 0.000 0.000 0.000 0.000 0.000
0.912 0.013 0.000 0.076 0.000 0.000 0.000 0.000 0.000
0.957 0.000 0.000 0.003 0.000 0.000 0.000 0.040 0.000
0.954 0.000 0.000 0.002 0.000 0.000 0.000 0.044 0.000
0.956 0.000 0.000 0.003 0.000 0.000 0.000 0.042 0.000
0.960 0.000 0.000 0.002 0.000 0.000 0.000 0.038 0.000
0.963 0.000 0.000 0.002 0.000 0.000 0.000 0.035 0.000
0.964 0.000 0.000 0.002 0.000 0.000 0.000 0.033 0.000
0.961 0.000 0.000 0.003 0.000 0.000 0.000 0.036 0.000
0.960 0.000 0.000 0.004 0.000 0.000 0.000 0.036 0.000
0.949 0.000 0.000 0.008 0.000 0.000 0.000 0.042 0.000
0.976 0.000 0.000 0.003 0.000 0.000 0.000 0.020 0.000
0.974 0.000 0.000 0.003 0.000 0.000 0.000 0.022 0.000
0.974 0.000 0.000 0.004 0.000 0.000 0.000 0.022 0.000
0.973 0.000 0.000 0.005 0.000 0.000 0.000 0.022 0.000
0.974 0.000 0.000 0.007 0.000 0.000 0.000 0.019 0.000
0.976 0.000 0.000 0.007 0.000 0.000 0.000 0.017 0.000
0.000 0.435 0.000 0.026 0.000 0.000 0.000 0.539 0.001
0.000 0.405 0.000 0.025 0.000 0.000 0.000 0.570 0.001
0.000 0.374 0.000 0.023 0.000 0.000 0.000 0.603 0.000
0.000 0.396 0.000 0.025 0.000 0.000 0.000 0.578 0.000
0.000 0.399 0.000 0.027 0.000 0.000 0.000 0.573 0.000
0.000 0.386 0.000 0.026 0.000 0.000 0.000 0.588 0.000
0.000 0.367 0.000 0.028 0.000 0.000 0.000 0.604 0.000
0.000 0.293 0.000 0.021 0.000 0.000 0.000 0.686 0.000
0.719 0.031 0.000 0.251 0.000 0.000 0.000 0.000 0.000
0.923 0.011 0.000 0.066 0.000 0.000 0.000 0.000 0.000
0.936 0.011 0.000 0.052 0.000 0.000 0.000 0.000 0.000
0.916 0.000 0.000 0.003 0.000 0.000 0.000 0.080 0.000
0.909 0.000 0.000 0.003 0.000 0.000 0.000 0.089 0.000
0.896 0.000 0.000 0.002 0.000 0.000 0.000 0.102 0.000
0.917 0.000 0.000 0.002 0.000 0.000 0.000 0.081 0.000
0.917 0.000 0.000 0.003 0.000 0.000 0.000 0.080 0.000
0.916 0.000 0.000 0.003 0.000 0.000 0.000 0.081 0.000
0.897 0.000 0.000 0.005 0.000 0.000 0.000 0.098 0.000
0.949 0.000 0.000 0.003 0.000 0.000 0.000 0.048 0.000
0.976 0.000 0.000 0.002 0.000 0.000 0.000 0.022 0.000
0.951 0.000 0.000 0.003 0.000 0.000 0.000 0.046 0.000
0.949 0.000 0.000 0.004 0.000 0.000 0.000 0.047 0.000
0.949 0.000 0.000 0.004 0.000 0.000 0.000 0.047 0.000
0.949 0.000 0.000 0.004 0.000 0.000 0.000 0.047 0.000
0.949 0.000 0.000 0.006 0.000 0.000 0.000 0.046 0.000
0.948 0.000 0.000 0.007 0.000 0.000 0.000 0.045 0.000
0.000 0.391 0.000 0.026 0.000 0.000 0.000 0.583 0.001
0.000 0.351 0.000 0.025 0.000 0.000 0.000 0.624 0.000
0.000 0.338 0.000 0.023 0.000 0.000 0.000 0.639 0.000
0.000 0.351 0.000 0.026 0.000 0.000 0.000 0.623 0.000
0.000 0.349 0.000 0.027 0.000 0.000 0.000 0.624 0.000
0.000 0.334 0.000 0.026 0.000 0.000 0.000 0.640 0.000
0.000 0.315 0.000 0.026 0.000 0.000 0.000 0.658 0.000
0.000 0.287 0.000 0.025 0.000 0.000 0.000 0.687 0.000
0.891 0.017 0.000 0.092 0.000 0.000 0.000 0.000 0.000
0.948 0.011 0.000 0.041 0.000 0.000 0.000 0.000 0.000
0.938 0.015 0.000 0.047 0.000 0.000 0.000 0.000 0.000
0.833 0.000 0.000 0.004 0.000 0.000 0.000 0.162 0.000
0.826 0.000 0.000 0.003 0.000 0.000 0.000 0.171 0.000
0.810 0.000 0.000 0.002 0.000 0.000 0.000 0.188 0.000
0.816 0.000 0.000 0.003 0.000 0.000 0.000 0.181 0.000
0.810 0.000 0.000 0.003 0.000 0.000 0.000 0.187 0.000
0.846 0.000 0.000 0.003 0.000 0.000 0.000 0.151 0.000
0.866 0.000 0.000 0.003 0.000 0.000 0.000 0.130 0.000
0.870 0.000 0.000 0.004 0.000 0.000 0.000 0.126 0.000
0.802 0.000 0.000 0.004 0.000 0.000 0.000 0.194 0.000
0.905 0.000 0.000 0.003 0.000 0.000 0.000 0.091 0.000
0.896 0.000 0.000 0.004 0.000 0.000 0.000 0.100 0.000
0.896 0.000 0.000 0.004 0.000 0.000 0.000 0.099 0.000
0.892 0.000 0.000 0.005 0.000 0.000 0.000 0.103 0.000
0.894 0.000 0.000 0.007 0.000 0.000 0.000 0.099 0.000
0.000 0.333 0.000 0.024 0.000 0.000 0.000 0.643 0.001
0.000 0.303 0.000 0.023 0.000 0.000 0.000 0.674 0.000
0.000 0.286 0.000 0.022 0.000 0.000 0.000 0.692 0.000
0.000 0.301 0.000 0.024 0.000 0.000 0.000 0.675 0.000
0.000 0.289 0.000 0.025 0.000 0.000 0.000 0.686 0.000
0.000 0.277 0.000 0.023 0.000 0.000 0.000 0.699 0.000
0.000 0.264 0.000 0.023 0.000 0.000 0.000 0.713 0.000
0.000 0.250 0.000 0.024 0.000 0.000 0.000 0.726 0.000
0.791 0.035 0.000 0.174 0.000 0.000 0.000 0.000 0.000
0.956 0.011 0.000 0.033 0.000 0.000 0.000 0.000 0.000
0.959 0.012 0.000 0.029 0.000 0.000 0.000 0.000 0.000
0.710 0.000 0.000 0.003 0.000 0.000 0.000 0.287 0.000
0.674 0.000 0.000 0.002 0.000 0.000 0.000 0.324 0.000
0.627 0.000 0.000 0.002 0.000 0.000 0.000 0.371 0.000
0.683 0.000 0.000 0.002 0.000 0.000 0.000 0.315 0.000
0.688 0.000 0.000 0.002 0.000 0.000 0.000 0.310 0.000
0.666 0.000 0.000 0.002 0.000 0.000 0.000 0.331 0.000
0.668 0.000 0.000 0.002 0.000 0.000 0.000 0.330 0.000
0.660 0.000 0.000 0.003 0.000 0.000 0.000 0.337 0.000
0.671 0.000 0.000 0.003 0.000 0.000 0.000 0.326 0.000
0.806 0.000 0.000 0.003 0.000 0.000 0.000 0.190 0.000
0.805 0.000 0.000 0.004 0.000 0.000 0.000 0.191 0.000
0.802 0.000 0.000 0.004 0.000 0.000 0.000 0.194 0.000
0.797 0.000 0.000 0.005 0.000 0.000 0.000 0.197 0.000
0.000 0.290 0.000 0.024 0.000 0.000 0.000 0.686 0.000
0.000 0.262 0.000 0.021 0.000 0.000 0.000 0.717 0.000
0.000 0.235 0.000 0.021 0.000 0.000 0.000 0.744 0.000
0.000 0.227 0.000 0.020 0.000 0.000 0.000 0.752 0.000
0.000 0.246 0.000 0.022 0.000 0.000 0.000 0.731 0.000
0.000 0.237 0.000 0.023 0.000 0.000 0.000 0.740 0.000
0.000 0.213 0.000 0.020 0.000 0.000 0.000 0.767 0.000
0.000 0.208 0.000 0.021 0.000 0.000 0.000 0.771 0.000
0.941 0.015 0.000 0.043 0.000 0.000 0.000 0.000 0.000
0.967 0.011 0.000 0.022 0.000 0.000 0.000 0.000 0.000
0.950 0.018 0.000 0.032 0.000 0.000 0.000 0.000 0.000
0.532 0.000 0.000 0.003 0.000 0.000 0.000 0.465 0.000
0.518 0.000 0.000 0.002 0.000 0.000 0.000 0.480 0.000
0.463 0.000 0.000 0.001 0.000 0.000 0.000 0.535 0.000
0.498 0.000 0.000 0.001 0.000 0.000 0.000 0.500 0.000
0.489 0.000 0.000 0.002 0.000 0.000 0.000 0.509 0.000
0.469 0.000 0.000 0.002 0.000 0.000 0.000 0.529 0.000
0.476 0.000 0.000 0.002 0.000 0.000 0.000 0.522 0.000
0.719 0.000 0.000 0.004 0.000 0.000 0.000 0.278 0.000
0.717 0.000 0.000 0.004 0.000 0.000 0.000 0.279 0.000
0.741 0.000 0.000 0.004 0.000 0.000 0.000 0.255 0.000
0.740 0.000 0.000 0.004 0.000 0.000 0.000 0.256 0.000
0.743 0.000 0.000 0.005 0.000 0.000 0.000 0.251 0.000
0.000 0.229 0.000 0.022 0.000 0.000 0.000 0.750 0.000
0.000 0.213 0.000 0.021 0.000 0.000 0.000 0.766 0.000
0.000 0.196 0.000 0.019 0.000 0.000 0.000 0.785 0.000
0.000 0.194 0.000 0.019 0.000 0.000 0.000 0.787 0.000
0.000 0.199 0.000 0.021 0.000 0.000 0.000 0.780 0.000
0.000 0.185 0.000 0.020 0.000 0.000 0.000 0.795 0.000
0.000 0.183 0.000 0.021 0.000 0.000 0.000 0.796 0.000
0.904 0.027 0.000 0.069 0.000 0.000 0.000 0.000 0.000
0.973 0.011 0.000 0.017 0.000 0.000 0.000 0.000 0.000
0.970 0.014 0.000 0.017 0.000 0.000 0.000 0.000 0.000
0.387 0.000 0.000 0.002 0.000 0.000 0.000 0.610 0.000
0.359 0.000 0.000 0.002 0.000 0.000 0.000 0.639 0.000
0.304 0.000 0.000 0.001 0.000 0.000 0.000 0.695 0.000
0.294 0.000 0.000 0.001 0.000 0.000 0.000 0.705 0.000
0.277 0.000 0.000 0.001 0.000 0.000 0.000 0.722 0.000
0.290 0.000 0.000 0.001 0.000 0.000 0.000 0.709 0.000
0.322 0.000 0.000 0.002 0.000 0.000 0.000 0.676 0.000
0.681 0.000 0.000 0.004 0.000 0.000 0.000 0.315 0.000
0.703 0.000 0.000 0.004 0.000 0.000 0.000 0.294 0.000
0.670 0.000 0.000 0.005 0.000 0.000 0.000 0.325 0.000
0.615 0.000 0.000 0.007 0.000 0.000 0.000 0.378 0.000
0.000 0.189 0.000 0.019 0.000 0.000 0.000 0.791 0.000
0.000 0.168 0.000 0.018 0.000 0.000 0.000 0.814 0.000
0.000 0.156 0.000 0.017 0.000 0.000 0.000 0.827 0.000
0.000 0.160 0.000 0.018 0.000 0.000 0.000 0.822 0.000
0.000 0.168 0.000 0.020 0.000 0.000 0.000 0.812 0.000
0.000 0.150 0.000 0.018 0.000 0.000 0.000 0.832 0.000
0.000 0.145 0.000 0.019 0.000 0.000 0.000 0.836 0.000
0.972 0.012 0.000 0.016 0.000 0.000 0.000 0.000 0.000
0.976 0.012 0.000 0.012 0.000 0.000 0.000 0.000 0.000
0.938 0.031 0.000 0.031 0.000 0.000 0.000 0.000 0.000
0.271 0.000 0.000 0.001 0.000 0.000 0.000 0.727 0.000
0.227 0.000 0.000 0.001 0.000 0.000 0.000 0.772 0.000
0.251 0.000 0.000 0.001 0.000 0.000 0.000 0.748 0.000
0.224 0.000 0.000 0.001 0.000 0.000 0.000 0.775 0.000
0.237 0.000 0.000 0.001 0.000 0.000 0.000 0.762 0.000
0.265 0.000 0.000 0.001 0.000 0.000 0.000 0.734 0.000
0.306 0.000 0.000 0.002 0.000 0.000 0.000 0.692 0.000
0.631 0.000 0.000 0.004 0.000 0.000 0.000 0.364 0.000
0.661 0.000 0.000 0.005 0.000 0.000 0.000 0.334 0.000
0.000 0.151 0.000 0.017 0.000 0.000 0.000 0.832 0.000
0.000 0.148 0.000 0.018 0.000 0.000 0.000 0.834 0.000
0.000 0.135 0.000 0.017 0.000 0.000 0.000 0.848 0.000
0.000 0.132 0.000 0.017 0.000 0.000 0.000 0.851 0.000
0.000 0.135 0.000 0.018 0.000 0.000 0.000 0.847 0.000
0.000 0.140 0.000 0.020 0.000 0.000 0.000 0.840 0.000
0.000 0.141 0.000 0.019 0.000 0.000 0.000 0.840 0.000
0.000 0.146 0.000 0.017 0.000 0.000 0.000 0.837 0.000
0.933 0.029 0.000 0.039 0.000 0.000 0.000 0.000 0.000
0.979 0.012 0.000 0.009 0.000 0.000 0.000 0.000 0.000
0.974 0.016 0.000 0.010 0.000 0.000 0.000 0.000 0.000
0.206 0.000 0.000 0.001 0.000 0.000 0.000 0.793 0.000
0.171 0.000 0.000 0.001 0.000 0.000 0.000 0.828 0.000
0.132 0.000 0.000 0.000 0.000 0.000 0.000 0.868 0.000
0.215 0.000 0.000 0.001 0.000 0.000 0.000 0.784 0.000
0.218 0.000 0.000 0.001 0.000 0.000 0.000 0.781 0.000
0.238 0.000 0.000 0.001 0.000 0.000 0.000 0.761 0.000
0.261 0.000 0.000 0.001 0.000 0.000 0.000 0.738 0.000
0.592 0.000 0.000 0.006 0.000 0.000 0.000 0.402 0.000
0.604 0.000 0.000 0.006 0.000 0.000 0.000 0.390 0.000
0.619 0.000 0.000 0.007 0.000 0.000 0.000 0.374 0.000
0.000 0.122 0.000 0.015 0.000 0.000 0.000 0.863 0.000
0.000 0.115 0.000 0.015 0.000 0.000 0.000 0.870 0.000
0.000 0.108 0.000 0.015 0.000 0.000 0.000 0.877 0.000
0.000 0.104 0.000 0.014 0.000 0.000 0.000 0.882 0.000
0.000 0.130 0.000 0.021 0.000 0.000 0.000 0.849 0.000
0.000 0.104 0.000 0.015 0.000 0.000 0.000 0.880 0.000
0.000 0.115 0.000 0.013 0.000 0.000 0.000 0.872 0.000
0.000 0.137 0.000 0.014 0.000 0.000 0.000 0.849 0.000
0.980 0.012 0.000 0.008 0.000 0.000 0.000 0.000 0.000
0.980 0.013 0.000 0.006 0.000 0.000 0.000 0.000 0.000
0.949 0.034 0.000 0.017 0.000 0.000 0.000 0.000 0.000
0.147 0.000 0.000 0.001 0.000 0.000 0.000 0.853 0.000
0.116 0.000 0.000 0.000 0.000 0.000 0.000 0.884 0.000
0.201 0.000 0.000 0.001 0.000 0.000 0.000 0.799 0.000
0.223 0.000 0.000 0.001 0.000 0.000 0.000 0.776 0.000
0.226 0.000 0.000 0.001 0.000 0.000 0.000 0.772 0.000
0.243 0.000 0.000 0.001 0.000 0.000 0.000 0.756 0.000
0.197 0.000 0.000 0.002 0.000 0.000 0.000 0.801 0.000
0.529 0.000 0.000 0.007 0.000 0.000 0.000 0.464 0.000
0.561 0.000 0.000 0.007 0.000 0.000 0.000 0.432 0.000
0.570 0.000 0.000 0.007 0.000 0.000 0.000 0.423 0.000
0.561 0.000 0.000 0.008 0.000 0.000 0.000 0.431 0.000
0.000 0.093 0.000 0.013 0.000 0.000 0.000 0.894 0.000
0.000 0.084 0.000 0.013 0.000 0.000 0.000 0.903 0.000
0.000 0.072 0.000 0.011 0.000 0.000 0.000 0.917 0.000
0.000 0.081 0.000 0.014 0.000 0.000 0.000 0.906 0.000
0.000 0.100 0.000 0.014 0.000 0.000 0.000 0.886 0.000
0.000 0.109 0.000 0.013 0.000 0.000 0.000 0.878 0.000
0.970 0.019 0.000 0.011 0.000 0.000 0.000 0.000 0.000
0.982 0.013 0.000 0.005 0.000 0.000 0.000 0.000 0.000
0.971 0.022 0.000 0.007 0.000 0.000 0.000 0.000 0.000
0.145 0.000 0.000 0.000 0.000 0.000 0.000 0.855 0.000
0.113 0.000 0.000 0.000 0.000 0.000 0.000 0.886 0.000
0.084 0.000 0.000 0.000 0.000 0.000 0.000 0.916 0.000
0.228 0.000 0.000 0.001 0.000 0.000 0.000 0.771 0.000
0.173 0.000 0.000 0.001 0.000 0.000 0.000 0.826 0.000
0.204 0.000 0.000 0.001 0.000 0.000 0.000 0.795 0.000
0.315 0.000 0.000 0.001 0.000 0.000 0.000 0.683 0.000
0.185 0.000 0.000 0.002 0.000 0.000 0.000 0.813 0.000
0.332 0.000 0.000 0.005 0.000 0.000 0.000 0.663 0.000
0.412 0.000 0.000 0.006 0.000 0.000 0.000 0.582 0.000
0.449 0.000 0.000 0.007 0.000 0.000 0.000 0.544 0.000
0.496 0.000 0.000 0.006 0.000 0.000 0.000 0.497 0.000
0.539 0.000 0.000 0.006 0.000 0.000 0.000 0.455 0.000
0.561 0.000 0.000 0.007 0.000 0.000 0.000 0.431 0.000
0.524 0.000 0.000 0.008 0.000 0.000 0.000 0.468 0.000
0.000 0.061 0.000 0.012 0.000 0.000 0.000 0.927 0.000
0.000 0.061 0.000 0.012 0.000 0.000 0.000 0.927 0.000
0.000 0.080 0.000 0.014 0.000 0.000 0.000 0.906 0.000
0.000 0.093 0.000 0.013 0.000 0.000 0.000 0.894 0.000
0.000 0.098 0.000 0.011 0.000 0.000 0.000 0.891 0.000
0.000 0.117 0.000 0.012 0.000 0.000 0.000 0.871 0.000
0.920 0.051 0.000 0.029 0.000 0.000 0.000 0.000 0.000
0.983 0.013 0.000 0.004 0.000 0.000 0.000 0.000 0.000
0.979 0.017 0.000 0.004 0.000 0.000 0.000 0.000 0.000
0.893 0.081 0.000 0.026 0.000 0.000 0.000 0.000 0.000
0.152 0.000 0.000 0.001 0.000 0.000 0.000 0.847 0.000
0.130 0.000 0.000 0.000 0.000 0.000 0.000 0.869 0.000
0.100 0.000 0.000 0.000 0.000 0.000 0.000 0.899 0.000
0.241 0.000 0.000 0.001 0.000 0.000 0.000 0.758 0.000
0.258 0.000 0.000 0.001 0.000 0.000 0.000 0.740 0.000
0.251 0.000 0.000 0.001 0.000 0.000 0.000 0.748 0.000
0.266 0.000 0.000 0.001 0.000 0.000 0.000 0.733 0.000
0.210 0.000 0.000 0.002 0.000 0.000 0.000 0.787 0.000
0.208 0.000 0.000 0.003 0.000 0.000 0.000 0.790 0.000
0.259 0.000 0.000 0.002 0.000 0.000 0.000 0.738 0.000
0.266 0.000 0.000 0.003 0.000 0.000 0.000 0.731 0.000
0.301 0.000 0.000 0.003 0.000 0.000 0.000 0.696 0.000
0.299 0.000 0.000 0.005 0.000 0.000 0.000 0.696 0.000
0.326 0.000 0.000 0.006 0.000 0.000 0.000 0.668 0.000
0.381 0.000 0.000 0.006 0.000 0.000 0.000 0.613 0.000
0.446 0.000 0.000 0.006 0.000 0.000 0.000 0.548 0.000
0.485 0.000 0.000 0.006 0.000 0.000 0.000 0.509 0.000
0.513 0.000 0.000 0.006 0.000 0.000 0.000 0.481 0.000
0.520 0.000 0.000 0.007 0.000 0.000 0.000 0.473 0.000
0.000 0.050 0.000 0.011 0.000 0.000 0.000 0.938 0.000
0.000 0.058 0.000 0.011 0.000 0.000 0.000 0.930 0.000
0.000 0.072 0.000 0.012 0.000 0.000 0.000 0.916 0.000
0.000 0.087 0.000 0.013 0.000 0.000 0.000 0.900 0.000
0.000 0.090 0.000 0.011 0.000 0.000 0.000 0.899 0.000
0.000 0.109 0.000 0.011 0.000 0.000 0.000 0.879 0.000
0.975 0.020 0.000 0.005 0.000 0.000 0.000 0.000 0.000
0.980 0.017 0.000 0.003 0.000 0.000 0.000 0.000 0.000
0.963 0.031 0.000 0.005 0.000 0.000 0.000 0.000 0.000
0.162 0.000 0.000 0.000 0.000 0.000 0.000 0.838 0.000
0.136 0.000 0.000 0.000 0.000 0.000 0.000 0.864 0.000
0.100 0.000 0.000 0.000 0.000 0.000 0.000 0.900 0.000
0.226 0.000 0.000 0.001 0.000 0.000 0.000 0.772 0.000
0.250 0.000 0.000 0.001 0.000 0.000 0.000 0.748 0.000
0.260 0.000 0.000 0.002 0.000 0.000 0.000 0.738 0.000
0.264 0.000 0.000 0.002 0.000 0.000 0.000 0.734 0.000
0.277 0.000 0.000 0.002 0.000 0.000 0.000 0.720 0.000
0.282 0.000 0.000 0.003 0.000 0.000 0.000 0.715 0.000
0.298 0.000 0.000 0.003 0.000 0.000 0.000 0.698 0.000
0.296 0.000 0.000 0.004 0.000 0.000 0.000 0.700 0.000
0.330 0.000 0.000 0.005 0.000 0.000 0.000 0.665 0.000
0.368 0.000 0.000 0.006 0.000 0.000 0.000 0.626 0.000
0.432 0.000 0.000 0.005 0.000 0.000 0.000 0.562 0.000
0.464 0.000 0.000 0.005 0.000 0.000 0.000 0.530 0.000
0.476 0.000 0.000 0.006 0.000 0.000 0.000 0.517 0.000
0.489 0.000 0.000 0.007 0.000 0.000 0.000 0.504 0.000
0.000 0.045 0.000 0.011 0.000 0.000 0.000 0.944 0.000
0.000 0.051 0.000 0.011 0.000 0.000 0.000 0.938 0.000
0.000 0.065 0.000 0.011 0.000 0.000 0.000 0.923 0.000
0.000 0.082 0.000 0.012 0.000 0.000 0.000 0.905 0.000
0.000 0.089 0.000 0.011 0.000 0.000 0.000 0.900 0.000
0.000 0.097 0.000 0.010 0.000 0.000 0.000 0.893 0.000
0.927 0.055 0.000 0.018 0.000 0.000 0.000 0.000 0.000
0.980 0.017 0.000 0.003 0.000 0.000 0.000 0.000 0.000
0.973 0.024 0.000 0.003 0.000 0.000 0.000 0.000 0.000
0.175 0.000 0.000 0.000 0.000 0.000 0.000 0.825 0.000
0.133 0.000 0.000 0.000 0.000 0.000 0.000 0.867 0.000
0.202 0.000 0.000 0.001 0.000 0.000 0.000 0.797 0.000
0.225 0.000 0.000 0.001 0.000 0.000 0.000 0.773 0.000
0.244 0.000 0.000 0.002 0.000 0.000 0.000 0.755 0.000
0.265 0.000 0.000 0.002 0.000 0.000 0.000 0.733 0.000
0.279 0.000 0.000 0.003 0.000 0.000 0.000 0.718 0.000
0.281 0.000 0.000 0.003 0.000 0.000 0.000 0.715 0.000
0.301 0.000 0.000 0.004 0.000 0.000 0.000 0.695 0.000
0.331 0.000 0.000 0.005 0.000 0.000 0.000 0.664 0.000
0.373 0.000 0.000 0.005 0.000 0.000 0.000 0.622 0.000
0.410 0.000 0.000 0.005 0.000 0.000 0.000 0.585 0.000
0.448 0.000 0.000 0.005 0.000 0.000 0.000 0.547 0.000
0.479 0.000 0.000 0.005 0.000 0.000 0.000 0.515 0.000
0.000 0.040 0.000 0.009 0.000 0.000 0.000 0.950 0.000
0.000 0.047 0.000 0.010 0.000 0.000 0.000 0.944 0.000
0.000 0.063 0.000 0.011 0.000 0.000 0.000 0.926 0.000
0.000 0.076 0.000 0.012 0.000 0.000 0.000 0.913 0.000
0.000 0.080 0.000 0.010 0.000 0.000 0.000 0.910 0.000
0.000 0.092 0.000 0.010 0.000 0.000 0.000 0.898 0.000
0.977 0.020 0.000 0.003 0.000 0.000 0.000 0.000 0.000
0.976 0.021 0.000 0.002 0.000 0.000 0.000 0.000 0.000
0.935 0.058 0.000 0.007 0.000 0.000 0.000 0.000 0.000
0.216 0.000 0.000 0.000 0.000 0.000 0.000 0.784 0.000
0.176 0.000 0.000 0.000 0.000 0.000 0.000 0.824 0.000
0.124 0.000 0.000 0.000 0.000 0.000 0.000 0.876 0.000
0.301 0.000 0.000 0.003 0.000 0.000 0.000 0.695 0.000
0.330 0.000 0.000 0.004 0.000 0.000 0.000 0.666 0.000
0.380 0.000 0.000 0.004 0.000 0.000 0.000 0.615 0.000
0.421 0.000 0.000 0.004 0.000 0.000 0.000 0.574 0.000
0.433 0.000 0.000 0.005 0.000 0.000 0.000 0.562 0.000
0.449 0.000 0.000 0.006 0.000 0.000 0.000 0.545 0.000
0.000 0.037 0.000 0.009 0.000 0.000 0.000 0.954 0.000
0.000 0.044 0.000 0.010 0.000 0.000 0.000 0.947 0.000
0.000 0.054 0.000 0.010 0.000 0.000 0.000 0.936 0.000
0.000 0.071 0.000 0.012 0.000 0.000 0.000 0.917 0.000
0.000 0.074 0.000 0.010 0.000 0.000 0.000 0.916 0.000
0.000 0.085 0.000 0.010 0.000 0.000 0.000 0.905 0.000
0.959 0.035 0.000 0.006 0.000 0.000 0.000 0.000 0.000
0.979 0.020 0.000 0.002 0.000 0.000 0.000 0.000 0.000
0.968 0.029 0.000 0.002 0.000 0.000 0.000 0.000 0.000
0.236 0.000 0.000 0.000 0.000 0.000 0.000 0.763 0.000
0.179 0.000 0.000 0.000 0.000 0.000 0.000 0.821 0.000
0.390 0.000 0.000 0.004 0.000 0.000 0.000 0.606 0.000
0.422 0.000 0.000 0.004 0.000 0.000 0.000 0.574 0.000
0.417 0.000 0.000 0.005 0.000 0.000 0.000 0.578 0.000
0.416 0.001 0.000 0.005 0.000 0.000 0.000 0.578 0.000
0.000 0.033 0.000 0.009 0.000 0.000 0.000 0.958 0.000
0.000 0.038 0.000 0.008 0.000 0.000 0.000 0.954 0.000
0.000 0.051 0.000 0.010 0.000 0.000 0.000 0.939 0.000
0.000 0.064 0.000 0.011 0.000 0.000 0.000 0.926 0.000
0.000 0.067 0.000 0.009 0.000 0.000 0.000 0.923 0.000
0.000 0.081 0.000 0.010 0.000 0.000 0.000 0.910 0.000
0.978 0.021 0.000 0.002 0.000 0.000 0.000 0.000 0.000
0.974 0.025 0.000 0.002 0.000 0.000 0.000 0.000 0.000
0.288 0.000 0.000 0.000 0.000 0.000 0.000 0.712 0.000
0.243 0.000 0.000 0.000 0.000 0.000 0.000 0.757 0.000
0.172 0.000 0.000 0.000 0.000 0.000 0.000 0.828 0.000
0.362 0.000 0.000 0.003 0.000 0.000 0.000 0.634 0.000
0.389 0.000 0.000 0.003 0.000 0.000 0.000 0.608 0.000
0.404 0.000 0.000 0.004 0.000 0.000 0.000 0.591 0.000
0.411 0.001 0.000 0.005 0.000 0.000 0.000 0.584 0.000
0.000 0.031 0.000 0.008 0.000 0.000 0.000 0.961 0.000
0.000 0.036 0.000 0.009 0.000 0.000 0.000 0.955 0.000
0.000 0.047 0.000 0.010 0.000 0.000 0.000 0.943 0.000
0.000 0.058 0.000 0.010 0.000 0.000 0.000 0.932 0.000
0.000 0.063 0.000 0.009 0.000 0.000 0.000 0.928 0.000
0.000 0.077 0.000 0.010 0.000 0.000 0.000 0.913 0.000
0.962 0.035 0.000 0.003 0.000 0.000 0.000 0.000 0.000
0.973 0.025 0.000 0.001 0.000 0.000 0.000 0.000 0.000
0.958 0.040 0.000 0.002 0.000 0.000 0.000 0.000 0.000
0.299 0.000 0.000 0.000 0.000 0.000 0.000 0.701 0.000
0.236 0.000 0.000 0.000 0.000 0.000 0.000 0.763 0.000
0.346 0.000 0.000 0.003 0.000 0.000 0.000 0.651 0.000
0.370 0.000 0.000 0.003 0.000 0.000 0.000 0.627 0.000
0.388 0.000 0.000 0.003 0.000 0.000 0.000 0.608 0.000
0.393 0.001 0.000 0.004 0.000 0.000 0.000 0.603 0.000
0.437 0.001 0.000 0.004 0.000 0.000 0.000 0.558 0.000
0.400 0.001 0.000 0.005 0.000 0.000 0.000 0.594 0.000
0.000 0.029 0.000 0.008 0.000 0.000 0.000 0.963 0.000
0.000 0.032 0.000 0.008 0.000 0.000 0.000 0.960 0.000
0.000 0.043 0.000 0.010 0.000 0.000 0.000 0.947 0.000
0.000 0.055 0.000 0.010 0.000 0.000 0.000 0.935 0.000
0.000 0.060 0.000 0.009 0.000 0.000 0.000 0.931 0.000
0.000 0.065 0.000 0.009 0.000 0.000 0.000 0.925 0.000
0.924 0.069 0.000 0.007 0.000 0.000 0.000 0.000 0.000
0.974 0.024 0.000 0.001 0.000 0.000 0.000 0.000 0.000
0.965 0.033 0.000 0.001 0.000 0.000 0.000 0.000 0.000
0.379 0.000 0.000 0.000 0.000 0.000 0.000 0.620 0.000
0.299 0.000 0.000 0.000 0.000 0.000 0.000 0.700 0.000
0.220 0.000 0.000 0.000 0.000 0.000 0.000 0.780 0.000
0.307 0.000 0.000 0.002 0.000 0.000 0.000 0.691 0.000
0.338 0.000 0.000 0.003 0.000 0.000 0.000 0.659 0.000
0.376 0.000 0.000 0.003 0.000 0.000 0.000 0.621 0.000
0.407 0.001 0.000 0.003 0.000 0.000 0.000 0.590 0.000
0.421 0.001 0.000 0.003 0.000 0.000 0.000 0.575 0.000
0.451 0.001 0.000 0.003 0.000 0.000 0.000 0.545 0.000
0.000 0.025 0.000 0.007 0.000 0.000 0.000 0.967 0.000
0.000 0.032 0.000 0.009 0.000 0.000 0.000 0.960 0.000
0.000 0.043 0.000 0.010 0.000 0.000 0.000 0.947 0.000
0.000 0.050 0.000 0.010 0.000 0.000 0.000 0.939 0.000
0.000 0.055 0.000 0.009 0.000 0.000 0.000 0.936 0.000
0.000 0.065 0.000 0.009 0.000 0.000 0.000 0.926 0.000
0.973 0.026 0.000 0.001 0.000 0.000 0.000 0.000 0.000
0.970 0.029 0.000 0.001 0.000 0.000 0.000 0.000 0.000
0.923 0.074 0.000 0.003 0.000 0.000 0.000 0.000 0.000
0.385 0.000 0.000 0.000 0.000 0.000 0.000 0.615 0.000
0.285 0.000 0.000 0.000 0.000 0.000 0.000 0.715 0.000
0.295 0.001 0.000 0.003 0.000 0.000 0.000 0.702 0.000
0.329 0.001 0.000 0.003 0.000 0.000 0.000 0.667 0.000
0.378 0.001 0.000 0.003 0.000 0.000 0.000 0.618 0.000
0.413 0.001 0.000 0.003 0.000 0.000 0.000 0.582 0.000
0.433 0.001 0.000 0.004 0.000 0.000 0.000 0.563 0.000
0.434 0.001 0.000 0.004 0.000 0.000 0.000 0.561 0.000
0.000 0.024 0.000 0.008 0.000 0.000 0.000 0.968 0.000
0.000 0.029 0.000 0.008 0.000 0.000 0.000 0.963 0.000
0.000 0.036 0.000 0.009 0.000 0.000 0.000 0.955 0.000
0.000 0.043 0.000 0.009 0.000 0.000 0.000 0.948 0.000
0.000 0.048 0.000 0.009 0.000 0.000 0.000 0.943 0.000
0.000 0.058 0.000 0.009 0.000 0.000 0.000 0.933 0.000
0.929 0.068 0.000 0.004 0.000 0.000 0.000 0.000 0.000
0.971 0.028 0.000 0.001 0.000 0.000 0.000 0.000 0.000
0.960 0.039 0.000 0.001 0.000 0.000 0.000 0.000 0.000
0.483 0.001 0.000 0.000 0.000 0.000 0.000 0.516 0.000
0.376 0.001 0.000 0.000 0.000 0.000 0.000 0.624 0.000
0.267 0.000 0.000 0.000 0.000 0.000 0.000 0.732 0.000
0.307 0.001 0.000 0.004 0.000 0.000 0.000 0.689 0.000
0.356 0.001 0.000 0.004 0.000 0.000 0.000 0.640 0.000
0.403 0.001 0.000 0.004 0.000 0.000 0.000 0.593 0.000
0.430 0.001 0.000 0.004 0.000 0.000 0.000 0.566 0.000
0.426 0.001 0.000 0.004 0.000 0.000 0.000 0.569 0.000
0.437 0.001 0.000 0.004 0.000 0.000 0.000 0.558 0.000
0.000 0.022 0.000 0.007 0.000 0.000 0.000 0.971 0.000
0.000 0.026 0.000 0.008 0.000 0.000 0.000 0.966 0.000
0.000 0.034 0.000 0.010 0.000 0.000 0.000 0.956 0.000
0.000 0.039 0.000 0.009 0.000 0.000 0.000 0.951 0.000
0.000 0.043 0.000 0.008 0.000 0.000 0.000 0.949 0.000
0.840 0.152 0.000 0.008 0.000 0.000 0.000 0.000 0.000
0.967 0.032 0.000 0.001 0.000 0.000 0.000 0.000 0.000
0.964 0.035 0.000 0.001 0.000 0.000 0.000 0.000 0.000
0.901 0.097 0.000 0.002 0.000 0.000 0.000 0.000 0.000
0.544 0.001 0.000 0.000 0.000 0.000 0.000 0.454 0.000
0.489 0.001 0.000 0.000 0.000 0.000 0.000 0.510 0.000
0.364 0.001 0.000 0.000 0.000 0.000 0.000 0.635 0.000
0.313 0.001 0.000 0.003 0.000 0.000 0.000 0.683 0.000
0.348 0.001 0.000 0.004 0.000 0.000 0.000 0.647 0.000
0.407 0.001 0.000 0.004 0.000 0.000 0.000 0.589 0.000
0.431 0.001 0.000 0.004 0.000 0.000 0.000 0.565 0.000
0.427 0.001 0.000 0.004 0.000 0.000 0.000 0.568 0.000
0.450 0.001 0.000 0.004 0.000 0.000 0.000 0.545 0.000
0.000 0.020 0.000 0.007 0.000 0.000 0.000 0.973 0.000
0.000 0.027 0.000 0.008 0.000 0.000 0.000 0.965 0.000
0.000 0.032 0.000 0.009 0.000 0.000 0.000 0.960 0.000
0.000 0.038 0.000 0.009 0.000 0.000 0.000 0.953 0.000
0.000 0.041 0.000 0.008 0.000 0.000 0.000 0.951 0.000
0.951 0.048 0.000 0.001 0.000 0.000 0.000 0.000 0.000
0.967 0.032 0.000 0.001 0.000 0.000 0.000 0.000 0.000
0.941 0.058 0.000 0.001 0.000 0.000 0.000 0.000 0.000
0.578 0.001 0.000 0.000 0.000 0.000 0.000 0.421 0.000
0.496 0.001 0.000 0.000 0.000 0.000 0.000 0.503 0.000
0.353 0.001 0.000 0.000 0.000 0.000 0.000 0.646 0.000
0.349 0.001 0.000 0.004 0.000 0.000 0.000 0.646 0.000
0.401 0.001 0.000 0.004 0.000 0.000 0.000 0.594 0.000
0.446 0.001 0.000 0.004 0.000 0.000 0.000 0.548 0.000
0.469 0.001 0.000 0.004 0.000 0.000 0.000 0.525 0.000
0.456 0.001 0.000 0.004 0.000 0.000 0.000 0.538 0.000
0.000 0.022 0.000 0.007 0.000 0.000 0.000 0.972 0.000
0.000 0.026 0.000 0.007 0.000 0.000 0.000 0.967 0.000
0.000 0.033 0.000 0.008 0.000 0.000 0.000 0.959 0.000
0.000 0.038 0.000 0.008 0.000 0.000 0.000 0.954 0.000
0.000 0.044 0.000 0.007 0.000 0.000 0.000 0.949 0.000
0.888 0.109 0.000 0.003 0.000 0.000 0.000 0.000 0.000
0.967 0.033 0.000 0.001 0.000 0.000 0.000 0.000 0.000
0.956 0.043 0.000 0.001 0.000 0.000 0.000 0.000 0.000
0.675 0.002 0.000 0.000 0.000 0.000 0.000 0.323 0.000
0.605 0.001 0.000 0.000 0.000 0.000 0.000 0.394 0.000
0.489 0.001 0.000 0.000 0.000 0.000 0.000 0.509 0.000
0.306 0.001 0.000 0.003 0.000 0.000 0.000 0.689 0.000
0.354 0.001 0.000 0.004 0.000 0.000 0.000 0.641 0.000
0.386 0.001 0.000 0.004 0.000 0.000 0.000 0.609 0.000
0.427 0.001 0.000 0.004 0.000 0.000 0.000 0.567 0.000
0.448 0.002 0.000 0.004 0.000 0.000 0.000 0.546 0.000
0.445 0.002 0.000 0.005 0.000 0.000 0.000 0.549 0.000
0.000 0.020 0.000 0.006 0.000 0.000 0.000 0.974 0.000
0.000 0.022 0.000 0.006 0.000 0.000 0.000 0.972 0.000
0.000 0.029 0.000 0.007 0.000 0.000 0.000 0.963 0.000
0.000 0.036 0.000 0.008 0.000 0.000 0.000 0.956 0.000
0.000 0.038 0.000 0.007 0.000 0.000 0.000 0.955 0.000
0.000 0.044 0.000 0.007 0.000 0.000 0.000 0.949 0.000
0.956 0.043 0.000 0.001 0.000 0.000 0.000 0.000 0.000
0.959 0.040 0.000 0.000 0.000 0.000 0.000 0.000 0.000
0.921 0.078 0.000 0.001 0.000 0.000 0.000 0.000 0.000
0.719 0.002 0.000 0.000 0.000 0.000 0.000 0.279 0.000
0.630 0.002 0.000 0.000 0.000 0.000 0.000 0.368 0.000
0.495 0.001 0.000 0.000 0.000 0.000 0.000 0.504 0.000
0.341 0.001 0.000 0.004 0.000 0.000 0.000 0.654 0.000
0.374 0.002 0.000 0.004 0.000 0.000 0.000 0.620 0.000
0.427 0.002 0.000 0.004 0.000 0.000 0.000 0.566 0.000
0.457 0.002 0.000 0.004 0.000 0.000 0.000 0.536 0.000
0.000 0.021 0.000 0.006 0.000 0.000 0.000 0.973 0.000
0.000 0.025 0.000 0.006 0.000 0.000 0.000 0.969 0.000
0.000 0.031 0.000 0.007 0.000 0.000 0.000 0.962 0.000
0.000 0.040 0.000 0.008 0.000 0.000 0.000 0.952 0.000
0.000 0.047 0.000 0.008 0.000 0.000 0.000 0.945 0.000
0.907 0.091 0.000 0.002 0.000 0.000 0.000 0.000 0.000
0.965 0.035 0.000 0.000 0.000 0.000 0.000 0.000 0.000
0.956 0.043 0.000 0.000 0.000 0.000 0.000 0.000 0.000
0.792 0.004 0.000 0.000 0.000 0.000 0.000 0.204 0.000
0.746 0.003 0.000 0.000 0.000 0.000 0.000 0.251 0.000
0.639 0.002 0.000 0.000 0.000 0.000 0.000 0.358 0.000
0.350 0.002 0.000 0.004 0.000 0.000 0.000 0.644 0.000
0.404 0.002 0.000 0.004 0.000 0.000 0.000 0.590 0.000
0.427 0.002 0.000 0.004 0.000 0.000 0.000 0.567 0.000
0.439 0.002 0.000 0.005 0.000 0.000 0.000 0.554 0.000
0.459 0.002 0.000 0.005 0.000 0.000 0.000 0.533 0.000
0.000 0.022 0.000 0.006 0.000 0.000 0.000 0.972 0.000
0.000 0.027 0.000 0.006 0.000 0.000 0.000 0.967 0.000
0.000 0.034 0.000 0.007 0.000 0.000 0.000 0.959 0.000
0.000 0.039 0.000 0.007 0.000 0.000 0.000 0.954 0.000
0.000 0.045 0.000 0.007 0.000 0.000 0.000 0.949 0.000
0.965 0.034 0.000 0.000 0.000 0.000 0.000 0.000 0.000
0.962 0.037 0.000 0.000 0.000 0.000 0.000 0.000 0.000
0.908 0.091 0.000 0.001 0.000 0.000 0.000 0.000 0.000
0.823 0.004 0.000 0.000 0.000 0.000 0.000 0.172 0.000
0.759 0.003 0.000 0.000 0.000 0.000 0.000 0.237 0.000
0.644 0.003 0.000 0.000 0.000 0.000 0.000 0.353 0.000
0.345 0.002 0.000 0.004 0.000 0.000 0.000 0.649 0.000
0.394 0.002 0.000 0.004 0.000 0.000 0.000 0.600 0.000
0.410 0.002 0.000 0.004 0.000 0.000 0.000 0.584 0.000
0.418 0.002 0.000 0.005 0.000 0.000 0.000 0.575 0.000
0.435 0.003 0.000 0.005 0.000 0.000 0.000 0.556 0.000
0.000 0.022 0.000 0.005 0.000 0.000 0.000 0.973 0.000
0.000 0.028 0.000 0.006 0.000 0.000 0.000 0.966 0.000
0.000 0.037 0.000 0.007 0.000 0.000 0.000 0.956 0.000
0.000 0.041 0.000 0.006 0.000 0.000 0.000 0.953 0.000
0.000 0.047 0.000 0.006 0.000 0.000 0.000 0.947 0.000
0.948 0.051 0.000 0.001 0.000 0.000 0.000 0.000 0.000
0.967 0.033 0.000 0.000 0.000 0.000 0.000 0.000 0.000
0.947 0.053 0.000 0.001 0.000 0.000 0.000 0.000 0.000
0.879 0.006 0.000 0.000 0.000 0.000 0.000 0.115 0.000
0.847 0.005 0.000 0.000 0.000 0.000 0.000 0.148 0.000
0.771 0.004 0.000 0.000 0.000 0.000 0.000 0.225 0.000
0.319 0.002 0.000 0.004 0.000 0.000 0.000 0.675 0.000
0.375 0.002 0.000 0.004 0.000 0.000 0.000 0.618 0.000
0.410 0.002 0.000 0.004 0.000 0.000 0.000 0.583 0.000
0.410 0.003 0.000 0.005 0.000 0.000 0.000 0.582 0.000
0.402 0.003 0.000 0.006 0.000 0.000 0.000 0.590 0.000
0.396 0.004 0.000 0.007 0.000 0.000 0.000 0.593 0.000
0.000 0.021 0.000 0.005 0.000 0.000 0.000 0.974 0.000
0.000 0.024 0.000 0.005 0.000 0.000 0.000 0.971 0.000
0.000 0.030 0.000 0.005 0.000 0.000 0.000 0.965 0.000
0.000 0.039 0.000 0.006 0.000 0.000 0.000 0.956 0.000
0.000 0.044 0.000 0.005 0.000 0.000 0.000 0.950 0.000
0.000 0.049 0.000 0.005 0.000 0.000 0.000 0.946 0.000
0.971 0.029 0.000 0.000 0.000 0.000 0.000 0.000 0.000
0.966 0.034 0.000 0.000 0.000 0.000 0.000 0.000 0.000
0.897 0.007 0.000 0.000 0.000 0.000 0.000 0.096 0.000
0.851 0.006 0.000 0.000 0.000 0.000 0.000 0.142 0.000
0.320 0.003 0.000 0.005 0.000 0.000 0.000 0.672 0.000
0.355 0.003 0.000 0.005 0.000 0.000 0.000 0.638 0.000
0.388 0.003 0.000 0.004 0.000 0.000 0.000 0.606 0.000
0.409 0.003 0.000 0.004 0.000 0.000 0.000 0.584 0.000
0.391 0.003 0.000 0.005 0.000 0.000 0.000 0.601 0.000
0.000 0.022 0.000 0.004 0.000 0.000 0.000 0.974 0.000
0.000 0.027 0.000 0.004 0.000 0.000 0.000 0.969 0.000
0.000 0.032 0.000 0.004 0.000 0.000 0.000 0.964 0.000
0.000 0.040 0.000 0.005 0.000 0.000 0.000 0.956 0.000
0.000 0.046 0.000 0.005 0.000 0.000 0.000 0.949 0.000
0.000 0.056 0.000 0.005 0.000 0.000 0.000 0.939 0.000
0.958 0.041 0.000 0.001 0.000 0.000 0.000 0.000 0.000
0.968 0.031 0.000 0.000 0.000 0.000 0.000 0.000 0.000
0.948 0.052 0.000 0.000 0.000 0.000 0.000 0.000 0.000
0.928 0.010 0.000 0.000 0.000 0.000 0.000 0.062 0.000
0.902 0.009 0.000 0.000 0.000 0.000 0.000 0.089 0.000
0.349 0.003 0.000 0.005 0.000 0.000 0.000 0.643 0.000
0.362 0.003 0.000 0.004 0.000 0.000 0.000 0.630 0.000
0.372 0.004 0.000 0.005 0.000 0.000 0.000 0.619 0.000
0.365 0.004 0.000 0.006 0.000 0.000 0.000 0.625 0.000
0.372 0.005 0.000 0.007 0.000 0.000 0.000 0.616 0.000
0.000 0.023 0.000 0.003 0.000 0.000 0.000 0.974 0.000
0.000 0.028 0.000 0.003 0.000 0.000 0.000 0.969 0.000
0.000 0.035 0.000 0.004 0.000 0.000 0.000 0.962 0.000
0.000 0.042 0.000 0.004 0.000 0.000 0.000 0.954 0.000
0.000 0.047 0.000 0.004 0.000 0.000 0.000 0.949 0.000
0.917 0.081 0.000 0.002 0.000 0.000 0.000 0.000 0.000
0.973 0.027 0.000 0.000 0.000 0.000 0.000 0.000 0.000
0.962 0.038 0.000 0.000 0.000 0.000 0.000 0.000 0.000
0.943 0.016 0.000 0.000 0.000 0.000 0.000 0.041 0.000
0.934 0.012 0.000 0.000 0.000 0.000 0.000 0.054 0.000
0.904 0.011 0.000 0.000 0.000 0.000 0.000 0.085 0.000
0.305 0.003 0.000 0.004 0.000 0.000 0.000 0.687 0.000
0.323 0.004 0.000 0.005 0.000 0.000 0.000 0.668 0.000
0.352 0.004 0.000 0.004 0.000 0.000 0.000 0.640 0.000
0.371 0.004 0.000 0.005 0.000 0.000 0.000 0.621 0.000
0.369 0.005 0.000 0.006 0.000 0.000 0.000 0.621 0.000
0.000 0.021 0.000 0.003 0.000 0.000 0.000 0.976 0.000
0.000 0.025 0.000 0.003 0.000 0.000 0.000 0.972 0.000
0.000 0.032 0.000 0.003 0.000 0.000 0.000 0.965 0.000
0.000 0.040 0.000 0.004 0.000 0.000 0.000 0.957 0.000
0.000 0.047 0.000 0.004 0.000 0.000 0.000 0.950 0.000
0.000 0.053 0.000 0.003 0.000 0.000 0.000 0.944 0.000
0.972 0.028 0.000 0.000 0.000 0.000 0.000 0.000 0.000
0.971 0.029 0.000 0.000 0.000 0.000 0.000 0.000 0.000
0.916 0.084 0.000 0.001 0.000 0.000 0.000 0.000 0.000
0.952 0.022 0.000 0.000 0.000 0.000 0.000 0.025 0.000
0.947 0.018 0.000 0.000 0.000 0.000 0.000 0.035 0.000
0.930 0.016 0.000 0.000 0.000 0.000 0.000 0.054 0.000
