0.866 0.000 0.000 0.134 0.000 0.000 0.000 0.000 0.000
0.969 0.000 0.000 0.031 0.000 0.000 0.000 0.000 0.000
0.972 0.000 0.000 0.028 0.000 0.000 0.000 0.000 0.000
0.999 0.000 0.000 0.001 0.000 0.000 0.000 0.000 0.000
0.999 0.000 0.000 0.001 0.000 0.000 0.000 0.000 0.000
0.999 0.000 0.000 0.001 0.000 0.000 0.000 0.000 0.000
1.000 0.000 0.000 0.000 0.000 0.000 0.000 0.000 0.000
1.000 0.000 0.000 0.000 0.000 0.000 0.000 0.000 0.000
0.000 1.000 0.000 0.000 0.000 0.000 0.000 0.000 0.000
0.000 1.000 0.000 0.000 0.000 0.000 0.000 0.000 0.000
0.000 1.000 0.000 0.000 0.000 0.000 0.000 0.000 0.000
0.000 1.000 0.000 0.000 0.000 0.000 0.000 0.000 0.000
0.000 1.000 0.000 0.000 0.000 0.000 0.000 0.000 0.000
0.000 1.000 0.000 0.000 0.000 0.000 0.000 0.000 0.000
0.000 1.000 0.000 0.000 0.000 0.000 0.000 0.000 0.000
0.000 1.000 0.000 0.000 0.000 0.000 0.000 0.000 0.000
0.000 1.000 0.000 0.000 0.000 0.000 0.000 0.000 0.000
0.965 0.000 0.000 0.035 0.000 0.000 0.000 0.000 0.000
0.979 0.000 0.000 0.021 0.000 0.000 0.000 0.000 0.000
0.958 0.000 0.000 0.042 0.000 0.000 0.000 0.000 0.000
0.999 0.000 0.000 0.001 0.000 0.000 0.000 0.000 0.000
0.999 0.000 0.000 0.001 0.000 0.000 0.000 0.000 0.000
0.999 0.000 0.000 0.001 0.000 0.000 0.000 0.000 0.000
0.999 0.000 0.000 0.001 0.000 0.000 0.000 0.000 0.000
0.999 0.000 0.000 0.000 0.000 0.000 0.000 0.000 0.000
1.000 0.000 0.000 0.000 0.000 0.000 0.000 0.000 0.000
0.000 1.000 0.000 0.000 0.000 0.000 0.000 0.000 0.000
0.000 1.000 0.000 0.000 0.000 0.000 0.000 0.000 0.000
0.000 1.000 0.000 0.000 0.000 0.000 0.000 0.000 0.000
0.000 1.000 0.000 0.000 0.000 0.000 0.000 0.000 0.000
0.000 1.000 0.000 0.000 0.000 0.000 0.000 0.000 0.000
0.000 1.000 0.000 0.000 0.000 0.000 0.000 0.000 0.000
0.000 1.000 0.000 0.000 0.000 0.000 0.000 0.000 0.000
0.000 1.000 0.000 0.000 0.000 0.000 0.000 0.000 0.000
0.000 1.000 0.000 0.000 0.000 0.000 0.000 0.000 0.000
0.933 0.000 0.000 0.067 0.000 0.000 0.000 0.000 0.000
0.986 0.000 0.000 0.014 0.000 0.000 0.000 0.000 0.000
0.986 0.000 0.000 0.014 0.000 0.000 0.000 0.000 0.000
0.999 0.000 0.000 0.001 0.000 0.000 0.000 0.000 0.000
0.999 0.000 0.000 0.001 0.000 0.000 0.000 0.000 0.000
0.999 0.000 0.000 0.001 0.000 0.000 0.000 0.000 0.000
0.999 0.000 0.000 0.001 0.000 0.000 0.000 0.000 0.000
0.999 0.000 0.000 0.001 0.000 0.000 0.000 0.000 0.000
0.999 0.000 0.000 0.000 0.000 0.000 0.000 0.000 0.000
1.000 0.000 0.000 0.000 0.000 0.000 0.000 0.000 0.000
1.000 0.000 0.000 0.000 0.000 0.000 0.000 0.000 0.000
0.000 0.999 0.000 0.000 0.000 0.000 0.000 0.000 0.000
0.000 0.999 0.000 0.000 0.000 0.000 0.000 0.000 0.000
0.000 1.000 0.000 0.000 0.000 0.000 0.000 0.000 0.000
0.000 1.000 0.000 0.000 0.000 0.000 0.000 0.000 0.000
0.000 1.000 0.000 0.000 0.000 0.000 0.000 0.000 0.000
0.000 1.000 0.000 0.000 0.000 0.000 0.000 0.000 0.000
0.000 1.000 0.000 0.000 0.000 0.000 0.000 0.000 0.000
0.000 1.000 0.000 0.000 0.000 0.000 0.000 0.000 0.000
0.000 1.000 0.000 0.000 0.000 0.000 0.000 0.000 0.000
0.927 0.000 0.000 0.073 0.000 0.000 0.000 0.000 0.000
0.985 0.000 0.000 0.015 0.000 0.000 0.000 0.000 0.000
0.991 0.000 0.000 0.009 0.000 0.000 0.000 0.000 0.000
0.969 0.000 0.000 0.031 0.000 0.000 0.000 0.000 0.000
0.999 0.000 0.000 0.001 0.000 0.000 0.000 0.000 0.000
0.999 0.000 0.000 0.001 0.000 0.000 0.000 0.000 0.000
0.999 0.000 0.000 0.001 0.000 0.000 0.000 0.000 0.000
0.999 0.000 0.000 0.001 0.000 0.000 0.000 0.001 0.000
0.999 0.000 0.000 0.001 0.000 0.000 0.000 0.001 0.000
0.999 0.000 0.000 0.000 0.000 0.000 0.000 0.000 0.000
0.999 0.000 0.000 0.000 0.000 0.000 0.000 0.000 0.000
0.999 0.000 0.000 0.000 0.000 0.000 0.000 0.000 0.000
0.999 0.000 0.000 0.000 0.000 0.000 0.000 0.000 0.000
0.999 0.000 0.000 0.001 0.000 0.000 0.000 0.000 0.000
0.999 0.000 0.000 0.001 0.000 0.000 0.000 0.000 0.000
0.000 0.999 0.000 0.000 0.000 0.000 0.000 0.000 0.000
0.000 0.999 0.000 0.000 0.000 0.000 0.000 0.000 0.000
0.000 0.999 0.000 0.000 0.000 0.000 0.000 0.000 0.000
0.000 1.000 0.000 0.000 0.000 0.000 0.000 0.000 0.000
0.000 1.000 0.000 0.000 0.000 0.000 0.000 0.000 0.000
0.000 1.000 0.000 0.000 0.000 0.000 0.000 0.000 0.000
0.000 1.000 0.000 0.000 0.000 0.000 0.000 0.000 0.000
0.000 1.000 0.000 0.000 0.000 0.000 0.000 0.000 0.000
0.000 1.000 0.000 0.000 0.000 0.000 0.000 0.000 0.000
0.983 0.000 0.000 0.017 0.000 0.000 0.000 0.000 0.000
0.992 0.000 0.000 0.008 0.000 0.000 0.000 0.000 0.000
0.991 0.000 0.000 0.009 0.000 0.000 0.000 0.000 0.000
0.998 0.000 0.000 0.001 0.000 0.000 0.000 0.001 0.000
0.998 0.000 0.000 0.001 0.000 0.000 0.000 0.001 0.000
0.998 0.000 0.000 0.001 0.000 0.000 0.000 0.001 0.000
0.999 0.000 0.000 0.000 0.000 0.000 0.000 0.001 0.000
0.999 0.000 0.000 0.001 0.000 0.000 0.000 0.001 0.000
0.999 0.000 0.000 0.001 0.000 0.000 0.000 0.001 0.000
0.998 0.000 0.000 0.001 0.000 0.000 0.000 0.001 0.000
0.998 0.000 0.000 0.001 0.000 0.000 0.000 0.001 0.000
0.000 0.999 0.000 0.000 0.000 0.000 0.000 0.000 0.000
0.000 0.999 0.000 0.000 0.000 0.000 0.000 0.000 0.000
0.000 0.999 0.000 0.000 0.000 0.000 0.000 0.000 0.000
0.000 0.999 0.000 0.000 0.000 0.000 0.000 0.000 0.000
0.000 0.999 0.000 0.000 0.000 0.000 0.000 0.000 0.000
0.000 0.999 0.000 0.000 0.000 0.000 0.000 0.000 0.000
0.000 0.999 0.000 0.000 0.000 0.000 0.000 0.000 0.000
0.000 0.999 0.000 0.000 0.000 0.000 0.000 0.000 0.000
0.000 0.999 0.000 0.000 0.000 0.000 0.000 0.000 0.000
0.970 0.000 0.000 0.030 0.000 0.000 0.000 0.000 0.000
0.994 0.000 0.000 0.006 0.000 0.000 0.000 0.000 0.000
0.995 0.000 0.000 0.005 0.000 0.000 0.000 0.000 0.000
0.990 0.000 0.000 0.004 0.000 0.000 0.000 0.005 0.000
0.995 0.000 0.000 0.001 0.000 0.000 0.000 0.003 0.000
0.996 0.000 0.000 0.001 0.000 0.000 0.000 0.003 0.000
0.996 0.000 0.000 0.001 0.000 0.000 0.000 0.003 0.000
0.998 0.000 0.000 0.001 0.000 0.000 0.000 0.001 0.000
0.998 0.000 0.000 0.001 0.000 0.000 0.000 0.002 0.000
0.998 0.000 0.000 0.001 0.000 0.000 0.000 0.002 0.000
0.997 0.000 0.000 0.001 0.000 0.000 0.000 0.002 0.000
0.996 0.000 0.000 0.002 0.000 0.000 0.000 0.002 0.000
0.000 0.999 0.000 0.001 0.000 0.000 0.000 0.000 0.000
0.000 0.999 0.000 0.001 0.000 0.000 0.000 0.000 0.000
0.000 0.999 0.000 0.001 0.000 0.000 0.000 0.000 0.000
0.000 0.999 0.000 0.001 0.000 0.000 0.000 0.000 0.000
0.000 0.999 0.000 0.001 0.000 0.000 0.000 0.000 0.000
0.000 0.999 0.000 0.001 0.000 0.000 0.000 0.000 0.000
0.000 0.999 0.000 0.001 0.000 0.000 0.000 0.000 0.000
0.000 0.999 0.000 0.001 0.000 0.000 0.000 0.000 0.000
0.000 0.999 0.000 0.001 0.000 0.000 0.000 0.000 0.000
0.992 0.000 0.000 0.008 0.000 0.000 0.000 0.000 0.000
0.996 0.000 0.000 0.004 0.000 0.000 0.000 0.000 0.000
0.994 0.000 0.000 0.006 0.000 0.000 0.000 0.000 0.000
0.977 0.000 0.000 0.006 0.000 0.000 0.000 0.016 0.000
0.982 0.000 0.000 0.005 0.000 0.000 0.000 0.014 0.000
0.984 0.000 0.000 0.004 0.000 0.000 0.000 0.012 0.000
0.986 0.000 0.000 0.002 0.000 0.000 0.000 0.012 0.000
0.988 0.000 0.000 0.002 0.000 0.000 0.000 0.010 0.000
0.989 0.000 0.000 0.001 0.000 0.000 0.000 0.010 0.000
0.990 0.000 0.000 0.001 0.000 0.000 0.000 0.008 0.000
0.991 0.000 0.000 0.001 0.000 0.000 0.000 0.008 0.000
0.990 0.000 0.000 0.001 0.000 0.000 0.000 0.008 0.000
0.996 0.000 0.000 0.001 0.000 0.000 0.000 0.003 0.000
0.996 0.000 0.000 0.001 0.000 0.000 0.000 0.003 0.000
0.996 0.000 0.000 0.001 0.000 0.000 0.000 0.003 0.000
0.996 0.000 0.000 0.001 0.000 0.000 0.000 0.003 0.000
0.996 0.000 0.000 0.001 0.000 0.000 0.000 0.003 0.000
0.996 0.000 0.000 0.002 0.000 0.000 0.000 0.002 0.000
0.000 0.998 0.001 0.001 0.000 0.000 0.000 0.000 0.000
0.000 0.998 0.001 0.001 0.000 0.000 0.000 0.000 0.000
0.000 0.998 0.000 0.001 0.000 0.000 0.000 0.000 0.000
0.000 0.999 0.000 0.001 0.000 0.000 0.000 0.000 0.000
0.000 0.999 0.000 0.001 0.000 0.000 0.000 0.000 0.000
0.000 0.999 0.000 0.001 0.000 0.000 0.000 0.000 0.000
0.000 0.998 0.000 0.001 0.000 0.000 0.000 0.000 0.000
0.000 0.998 0.000 0.001 0.000 0.000 0.000 0.000 0.000
0.987 0.000 0.000 0.013 0.000 0.000 0.000 0.000 0.000
0.997 0.000 0.000 0.003 0.000 0.000 0.000 0.000 0.000
0.997 0.000 0.000 0.003 0.000 0.000 0.000 0.000 0.000
0.954 0.000 0.000 0.007 0.000 0.000 0.000 0.040 0.000
0.959 0.000 0.000 0.005 0.000 0.000 0.000 0.036 0.000
0.971 0.000 0.000 0.002 0.000 0.000 0.000 0.027 0.000
0.974 0.000 0.000 0.002 0.000 0.000 0.000 0.025 0.000
0.976 0.000 0.000 0.001 0.000 0.000 0.000 0.023 0.000
0.978 0.000 0.000 0.001 0.000 0.000 0.000 0.020 0.000
0.977 0.000 0.000 0.002 0.000 0.000 0.000 0.021 0.000
0.978 0.000 0.000 0.002 0.000 0.000 0.000 0.020 0.000
0.972 0.000 0.000 0.004 0.000 0.000 0.000 0.025 0.000
0.994 0.000 0.000 0.001 0.000 0.000 0.000 0.005 0.000
0.994 0.000 0.000 0.001 0.000 0.000 0.000 0.005 0.000
0.994 0.000 0.000 0.001 0.000 0.000 0.000 0.005 0.000
0.993 0.000 0.000 0.001 0.000 0.000 0.000 0.005 0.000
0.993 0.000 0.000 0.002 0.000 0.000 0.000 0.005 0.000
0.994 0.000 0.000 0.002 0.000 0.000 0.000 0.004 0.000
0.000 0.997 0.001 0.002 0.000 0.000 0.000 0.001 0.000
0.000 0.997 0.001 0.002 0.000 0.000 0.000 0.001 0.000
0.000 0.997 0.001 0.002 0.000 0.000 0.000 0.001 0.000
0.000 0.997 0.000 0.001 0.000 0.000 0.000 0.001 0.000
0.000 0.998 0.000 0.001 0.000 0.000 0.000 0.001 0.000
0.000 0.998 0.000 0.001 0.000 0.000 0.000 0.001 0.000
0.000 0.998 0.000 0.002 0.000 0.000 0.000 0.001 0.000
0.000 0.997 0.000 0.002 0.000 0.000 0.000 0.001 0.000
0.980 0.000 0.000 0.020 0.000 0.000 0.000 0.000 0.000
0.997 0.000 0.000 0.003 0.000 0.000 0.000 0.000 0.000
0.998 0.000 0.000 0.002 0.000 0.000 0.000 0.000 0.000
0.886 0.000 0.000 0.008 0.000 0.000 0.000 0.106 0.000
0.900 0.000 0.000 0.006 0.000 0.000 0.000 0.094 0.000
0.909 0.000 0.000 0.006 0.000 0.000 0.000 0.086 0.000
0.947 0.000 0.000 0.002 0.000 0.000 0.000 0.051 0.000
0.950 0.000 0.000 0.002 0.000 0.000 0.000 0.048 0.000
0.952 0.000 0.000 0.002 0.000 0.000 0.000 0.046 0.000
0.941 0.000 0.000 0.004 0.000 0.000 0.000 0.056 0.000
0.978 0.000 0.000 0.002 0.000 0.000 0.000 0.020 0.000
0.991 0.000 0.000 0.001 0.000 0.000 0.000 0.008 0.000
0.988 0.000 0.000 0.001 0.000 0.000 0.000 0.010 0.000
0.989 0.000 0.000 0.002 0.000 0.000 0.000 0.010 0.000
0.989 0.000 0.000 0.001 0.000 0.000 0.000 0.010 0.000
0.989 0.000 0.000 0.002 0.000 0.000 0.000 0.009 0.000
0.988 0.000 0.000 0.002 0.000 0.000 0.000 0.010 0.000
0.987 0.000 0.000 0.003 0.000 0.000 0.000 0.010 0.000
0.000 0.995 0.001 0.003 0.000 0.000 0.000 0.002 0.000
0.000 0.994 0.001 0.003 0.000 0.000 0.000 0.002 0.000
0.000 0.995 0.001 0.003 0.000 0.000 0.000 0.002 0.000
0.000 0.996 0.001 0.002 0.000 0.000 0.000 0.001 0.000
0.000 0.996 0.000 0.002 0.000 0.000 0.000 0.001 0.000
0.000 0.996 0.000 0.002 0.000 0.000 0.000 0.001 0.000
0.000 0.996 0.000 0.003 0.000 0.000 0.000 0.001 0.000
0.000 0.996 0.000 0.003 0.000 0.000 0.000 0.001 0.000
0.994 0.000 0.000 0.006 0.000 0.000 0.000 0.000 0.000
0.998 0.000 0.000 0.002 0.000 0.000 0.000 0.000 0.000
0.998 0.000 0.000 0.002 0.000 0.000 0.000 0.000 0.000
0.708 0.000 0.000 0.010 0.000 0.000 0.000 0.281 0.000
0.754 0.000 0.000 0.008 0.000 0.000 0.000 0.238 0.000
0.782 0.000 0.000 0.006 0.000 0.000 0.000 0.212 0.000
0.888 0.000 0.000 0.003 0.000 0.000 0.000 0.109 0.000
0.889 0.000 0.000 0.003 0.000 0.000 0.000 0.108 0.000
0.918 0.000 0.000 0.002 0.000 0.000 0.000 0.080 0.000
0.924 0.000 0.000 0.003 0.000 0.000 0.000 0.073 0.000
0.931 0.000 0.000 0.003 0.000 0.000 0.000 0.066 0.000
0.900 0.000 0.000 0.004 0.000 0.000 0.000 0.096 0.000
0.981 0.000 0.000 0.002 0.000 0.000 0.000 0.017 0.000
0.980 0.000 0.000 0.002 0.000 0.000 0.000 0.018 0.000
0.981 0.000 0.000 0.002 0.000 0.000 0.000 0.016 0.000
0.979 0.000 0.000 0.003 0.000 0.000 0.000 0.018 0.000
0.978 0.000 0.000 0.003 0.000 0.000 0.000 0.018 0.000
0.000 0.991 0.001 0.004 0.000 0.000 0.000 0.003 0.000
0.000 0.991 0.001 0.004 0.000 0.000 0.000 0.003 0.000
0.000 0.991 0.001 0.004 0.000 0.000 0.000 0.003 0.000
0.000 0.993 0.001 0.004 0.000 0.000 0.000 0.003 0.000
0.000 0.993 0.001 0.004 0.000 0.000 0.000 0.003 0.000
0.000 0.993 0.000 0.004 0.000 0.000 0.000 0.002 0.000
0.000 0.994 0.000 0.004 0.000 0.000 0.000 0.002 0.000
0.000 0.993 0.000 0.004 0.000 0.000 0.000 0.002 0.000
0.984 0.000 0.000 0.016 0.000 0.000 0.000 0.000 0.000
0.998 0.000 0.000 0.002 0.000 0.000 0.000 0.000 0.000
0.998 0.000 0.000 0.002 0.000 0.000 0.000 0.000 0.000
0.534 0.000 0.000 0.007 0.000 0.000 0.000 0.459 0.000
0.547 0.000 0.000 0.006 0.000 0.000 0.000 0.447 0.000
0.557 0.000 0.000 0.006 0.000 0.000 0.000 0.438 0.000
0.816 0.000 0.000 0.003 0.000 0.000 0.000 0.181 0.000
0.828 0.000 0.000 0.003 0.000 0.000 0.000 0.170 0.000
0.818 0.000 0.000 0.003 0.000 0.000 0.000 0.180 0.000
0.828 0.000 0.000 0.003 0.000 0.000 0.000 0.168 0.000
0.828 0.000 0.000 0.004 0.000 0.000 0.000 0.168 0.000
0.843 0.000 0.000 0.004 0.000 0.000 0.000 0.153 0.000
0.968 0.000 0.000 0.002 0.000 0.000 0.000 0.029 0.000
0.970 0.000 0.000 0.002 0.000 0.000 0.000 0.027 0.000
0.971 0.000 0.000 0.003 0.000 0.000 0.000 0.026 0.000
0.967 0.000 0.000 0.003 0.000 0.000 0.000 0.030 0.000
0.000 0.985 0.002 0.007 0.000 0.000 0.000 0.006 0.000
0.000 0.986 0.001 0.006 0.000 0.000 0.000 0.006 0.000
0.000 0.984 0.002 0.007 0.000 0.000 0.000 0.007 0.000
0.000 0.985 0.001 0.007 0.000 0.000 0.000 0.007 0.000
0.000 0.989 0.001 0.005 0.000 0.000 0.000 0.005 0.000
0.000 0.989 0.001 0.006 0.000 0.000 0.000 0.005 0.000
0.000 0.989 0.001 0.006 0.000 0.000 0.000 0.005 0.000
0.000 0.989 0.000 0.006 0.000 0.000 0.000 0.005 0.000
0.996 0.000 0.000 0.004 0.000 0.000 0.000 0.000 0.000
0.999 0.000 0.000 0.001 0.000 0.000 0.000 0.000 0.000
0.998 0.000 0.000 0.002 0.000 0.000 0.000 0.000 0.000
0.271 0.000 0.000 0.006 0.000 0.000 0.000 0.723 0.000
0.311 0.000 0.000 0.005 0.000 0.000 0.000 0.685 0.000
0.317 0.000 0.000 0.004 0.000 0.000 0.000 0.679 0.000
0.713 0.000 0.000 0.003 0.000 0.000 0.000 0.284 0.000
0.722 0.000 0.000 0.003 0.000 0.000 0.000 0.275 0.000
0.714 0.000 0.000 0.004 0.000 0.000 0.000 0.283 0.000
0.733 0.000 0.000 0.004 0.000 0.000 0.000 0.263 0.000
0.950 0.000 0.000 0.003 0.000 0.000 0.000 0.047 0.000
0.951 0.000 0.000 0.003 0.000 0.000 0.000 0.046 0.000
0.957 0.000 0.000 0.003 0.000 0.000 0.000 0.040 0.000
0.954 0.000 0.000 0.003 0.000 0.000 0.000 0.043 0.000
0.953 0.000 0.000 0.004 0.000 0.000 0.000 0.043 0.000
0.000 0.975 0.002 0.011 0.000 0.000 0.000 0.012 0.000
0.000 0.975 0.002 0.011 0.000 0.000 0.000 0.012 0.000
0.000 0.977 0.002 0.010 0.000 0.000 0.000 0.012 0.000
0.000 0.979 0.001 0.009 0.000 0.000 0.000 0.011 0.000
0.000 0.981 0.001 0.009 0.000 0.000 0.000 0.009 0.000
0.000 0.981 0.001 0.009 0.000 0.000 0.000 0.009 0.000
0.000 0.981 0.001 0.010 0.000 0.000 0.000 0.009 0.000
0.993 0.000 0.000 0.007 0.000 0.000 0.000 0.000 0.000
0.999 0.000 0.000 0.001 0.000 0.000 0.000 0.000 0.000
0.999 0.000 0.000 0.001 0.000 0.000 0.000 0.000 0.000
0.112 0.000 0.000 0.004 0.000 0.000 0.000 0.884 0.000
0.135 0.000 0.000 0.003 0.000 0.000 0.000 0.862 0.000
0.142 0.000 0.000 0.003 0.000 0.000 0.000 0.855 0.000
0.591 0.000 0.000 0.003 0.000 0.000 0.000 0.406 0.000
0.567 0.000 0.000 0.004 0.000 0.000 0.000 0.429 0.000
0.589 0.000 0.000 0.004 0.000 0.000 0.000 0.407 0.000
0.624 0.000 0.000 0.004 0.000 0.000 0.000 0.372 0.000
0.928 0.000 0.000 0.003 0.000 0.000 0.000 0.068 0.000
0.936 0.000 0.000 0.003 0.000 0.000 0.000 0.061 0.000
0.922 0.000 0.000 0.005 0.000 0.000 0.000 0.074 0.000
0.890 0.000 0.000 0.007 0.000 0.000 0.000 0.103 0.000
0.000 0.957 0.002 0.017 0.000 0.000 0.000 0.024 0.000
0.000 0.955 0.002 0.016 0.000 0.000 0.000 0.026 0.000
0.000 0.955 0.002 0.016 0.000 0.000 0.000 0.026 0.000
0.000 0.963 0.002 0.014 0.000 0.000 0.000 0.022 0.000
0.000 0.966 0.001 0.015 0.000 0.000 0.000 0.018 0.000
0.000 0.965 0.001 0.015 0.000 0.000 0.000 0.019 0.000
0.000 0.966 0.001 0.015 0.000 0.000 0.000 0.018 0.000
0.998 0.000 0.000 0.002 0.000 0.000 0.000 0.000 0.000
0.999 0.000 0.000 0.001 0.000 0.000 0.000 0.000 0.000
0.998 0.000 0.000 0.002 0.000 0.000 0.000 0.000 0.000
0.090 0.000 0.000 0.002 0.000 0.000 0.000 0.907 0.000
0.081 0.000 0.000 0.002 0.000 0.000 0.000 0.917 0.000
0.499 0.000 0.000 0.003 0.000 0.000 0.000 0.499 0.000
0.447 0.000 0.000 0.003 0.000 0.000 0.000 0.550 0.000
0.468 0.000 0.000 0.003 0.000 0.000 0.000 0.528 0.000
0.506 0.000 0.000 0.004 0.000 0.000 0.000 0.490 0.000
0.568 0.000 0.000 0.004 0.000 0.000 0.000 0.428 0.000
0.874 0.000 0.000 0.005 0.000 0.000 0.000 0.121 0.000
0.885 0.000 0.000 0.005 0.000 0.000 0.000 0.110 0.000
0.000 0.923 0.003 0.025 0.000 0.000 0.000 0.049 0.000
0.000 0.927 0.003 0.025 0.000 0.000 0.000 0.045 0.000
0.000 0.925 0.003 0.025 0.000 0.000 0.000 0.047 0.000
0.000 0.934 0.002 0.022 0.000 0.000 0.000 0.042 0.000
0.000 0.942 0.002 0.021 0.000 0.000 0.000 0.036 0.000
0.000 0.946 0.001 0.023 0.000 0.000 0.000 0.030 0.000
0.000 0.948 0.001 0.021 0.000 0.000 0.000 0.030 0.000
0.000 0.937 0.001 0.026 0.000 0.000 0.000 0.036 0.000
0.995 0.000 0.000 0.005 0.000 0.000 0.000 0.000 0.000
0.999 0.000 0.000 0.001 0.000 0.000 0.000 0.000 0.000
0.999 0.000 0.000 0.001 0.000 0.000 0.000 0.000 0.000
0.070 0.000 0.000 0.002 0.000 0.000 0.000 0.928 0.000
0.067 0.000 0.000 0.001 0.000 0.000 0.000 0.932 0.000
0.055 0.000 0.000 0.001 0.000 0.000 0.000 0.944 0.000
0.342 0.000 0.000 0.003 0.000 0.000 0.000 0.655 0.000
0.347 0.000 0.000 0.003 0.000 0.000 0.000 0.650 0.000
0.382 0.000 0.000 0.003 0.000 0.000 0.000 0.614 0.000
0.422 0.000 0.000 0.003 0.000 0.000 0.000 0.575 0.000
0.825 0.000 0.000 0.006 0.000 0.000 0.000 0.169 0.000
0.839 0.000 0.000 0.006 0.000 0.000 0.000 0.155 0.000
0.848 0.000 0.000 0.006 0.000 0.000 0.000 0.145 0.000
0.000 0.861 0.004 0.038 0.000 0.000 0.000 0.097 0.000
0.000 0.863 0.004 0.038 0.000 0.000 0.000 0.095 0.000
0.000 0.870 0.003 0.036 0.000 0.000 0.000 0.091 0.000
0.000 0.879 0.003 0.033 0.000 0.000 0.000 0.084 0.000
0.000 0.920 0.002 0.028 0.000 0.000 0.000 0.050 0.000
0.000 0.894 0.002 0.031 0.000 0.000 0.000 0.072 0.000
0.000 0.888 0.002 0.033 0.000 0.000 0.000 0.077 0.000
0.000 0.889 0.001 0.037 0.000 0.000 0.000 0.073 0.000
0.999 0.000 0.000 0.001 0.000 0.000 0.000 0.000 0.000
0.999 0.000 0.000 0.001 0.000 0.000 0.000 0.000 0.000
0.998 0.000 0.000 0.002 0.000 0.000 0.000 0.000 0.000
0.057 0.000 0.000 0.001 0.000 0.000 0.000 0.942 0.000
0.049 0.000 0.000 0.001 0.000 0.000 0.000 0.950 0.000
0.338 0.000 0.000 0.002 0.000 0.000 0.000 0.659 0.000
0.382 0.000 0.000 0.003 0.000 0.000 0.000 0.616 0.000
0.391 0.000 0.000 0.003 0.000 0.000 0.000 0.606 0.000
0.422 0.000 0.000 0.003 0.000 0.000 0.000 0.575 0.000
0.344 0.000 0.000 0.005 0.000 0.000 0.000 0.651 0.000
0.790 0.000 0.000 0.006 0.000 0.000 0.000 0.204 0.000
0.812 0.000 0.000 0.006 0.000 0.000 0.000 0.181 0.000
0.824 0.000 0.000 0.007 0.000 0.000 0.000 0.169 0.000
0.816 0.000 0.000 0.008 0.000 0.000 0.000 0.176 0.000
0.000 0.777 0.005 0.050 0.000 0.000 0.000 0.168 0.000
0.000 0.765 0.004 0.054 0.000 0.000 0.000 0.176 0.000
0.000 0.759 0.006 0.055 0.000 0.000 0.000 0.180 0.000
0.000 0.791 0.004 0.051 0.000 0.000 0.000 0.154 0.000
0.000 0.804 0.002 0.056 0.000 0.000 0.000 0.138 0.000
0.000 0.804 0.002 0.052 0.000 0.000 0.000 0.143 0.000
0.998 0.000 0.000 0.002 0.000 0.000 0.000 0.000 0.000
0.999 0.000 0.000 0.001 0.000 0.000 0.000 0.000 0.000
0.999 0.000 0.000 0.001 0.000 0.000 0.000 0.000 0.000
0.070 0.000 0.000 0.001 0.000 0.000 0.000 0.929 0.000
0.059 0.000 0.000 0.001 0.000 0.000 0.000 0.940 0.000
0.047 0.000 0.000 0.001 0.000 0.000 0.000 0.953 0.000
0.406 0.000 0.000 0.003 0.000 0.000 0.000 0.591 0.000
0.306 0.000 0.000 0.004 0.000 0.000 0.000 0.690 0.000
0.392 0.000 0.000 0.004 0.000 0.000 0.000 0.604 0.000
0.567 0.000 0.000 0.003 0.000 0.000 0.000 0.430 0.000
0.387 0.000 0.000 0.006 0.000 0.000 0.000 0.607 0.000
0.587 0.000 0.000 0.008 0.000 0.000 0.000 0.405 0.000
0.676 0.000 0.000 0.007 0.000 0.000 0.000 0.316 0.000
0.717 0.000 0.000 0.007 0.000 0.000 0.000 0.275 0.000
0.769 0.000 0.000 0.007 0.000 0.000 0.000 0.224 0.000
0.806 0.000 0.000 0.006 0.000 0.000 0.000 0.188 0.000
0.823 0.000 0.000 0.006 0.000 0.000 0.000 0.170 0.000
0.795 0.000 0.000 0.008 0.000 0.000 0.000 0.197 0.000
0.000 0.589 0.006 0.082 0.000 0.000 0.000 0.323 0.000
0.000 0.629 0.004 0.073 0.000 0.000 0.000 0.293 0.000
0.000 0.676 0.003 0.075 0.000 0.000 0.000 0.246 0.000
0.000 0.686 0.003 0.074 0.000 0.000 0.000 0.237 0.000
0.000 0.661 0.002 0.073 0.000 0.000 0.000 0.263 0.000
0.000 0.670 0.002 0.080 0.000 0.000 0.000 0.248 0.000
0.994 0.001 0.000 0.005 0.000 0.000 0.000 0.000 0.000
0.999 0.000 0.000 0.001 0.000 0.000 0.000 0.000 0.000
0.999 0.000 0.000 0.000 0.000 0.000 0.000 0.000 0.000
0.995 0.001 0.000 0.004 0.000 0.000 0.000 0.000 0.000
0.081 0.000 0.000 0.001 0.000 0.000 0.000 0.918 0.000
0.078 0.000 0.000 0.001 0.000 0.000 0.000 0.921 0.000
0.061 0.000 0.000 0.001 0.000 0.000 0.000 0.939 0.000
0.442 0.000 0.000 0.002 0.000 0.000 0.000 0.555 0.000
0.442 0.000 0.000 0.003 0.000 0.000 0.000 0.555 0.000
0.458 0.000 0.000 0.003 0.000 0.000 0.000 0.539 0.000
0.486 0.000 0.000 0.003 0.000 0.000 0.000 0.511 0.000
0.441 0.000 0.000 0.006 0.000 0.000 0.000 0.553 0.000
0.448 0.000 0.000 0.007 0.000 0.000 0.000 0.545 0.000
0.493 0.000 0.000 0.006 0.000 0.000 0.000 0.501 0.000
0.498 0.000 0.000 0.006 0.000 0.000 0.000 0.496 0.000
0.555 0.000 0.000 0.006 0.000 0.000 0.000 0.439 0.000
0.538 0.000 0.000 0.008 0.000 0.000 0.000 0.454 0.000
0.581 0.000 0.000 0.009 0.000 0.000 0.000 0.410 0.000
0.645 0.000 0.000 0.008 0.000 0.000 0.000 0.347 0.000
0.725 0.000 0.000 0.007 0.000 0.000 0.000 0.268 0.000
0.764 0.000 0.000 0.007 0.000 0.000 0.000 0.229 0.000
0.793 0.000 0.000 0.007 0.000 0.000 0.000 0.201 0.000
0.798 0.000 0.000 0.008 0.000 0.000 0.000 0.194 0.000
0.000 0.449 0.004 0.096 0.000 0.000 0.000 0.451 0.000
0.000 0.472 0.004 0.089 0.000 0.000 0.000 0.435 0.000
0.000 0.507 0.003 0.087 0.000 0.000 0.000 0.403 0.000
0.000 0.513 0.003 0.103 0.000 0.000 0.000 0.382 0.000
0.000 0.485 0.002 0.096 0.000 0.000 0.000 0.416 0.000
0.000 0.505 0.002 0.100 0.000 0.000 0.000 0.394 0.000
0.999 0.000 0.000 0.001 0.000 0.000 0.000 0.000 0.000
0.999 0.000 0.000 0.000 0.000 0.000 0.000 0.000 0.000
0.999 0.000 0.000 0.001 0.000 0.000 0.000 0.000 0.000
0.102 0.000 0.000 0.001 0.000 0.000 0.000 0.897 0.000
0.089 0.000 0.000 0.001 0.000 0.000 0.000 0.910 0.000
0.067 0.000 0.000 0.000 0.000 0.000 0.000 0.933 0.000
0.422 0.000 0.000 0.003 0.000 0.000 0.000 0.574 0.000
0.471 0.000 0.000 0.003 0.000 0.000 0.000 0.526 0.000
0.492 0.000 0.000 0.004 0.000 0.000 0.000 0.504 0.000
0.500 0.000 0.000 0.005 0.000 0.000 0.000 0.496 0.000
0.522 0.000 0.000 0.005 0.000 0.000 0.000 0.473 0.000
0.532 0.000 0.000 0.006 0.000 0.000 0.000 0.462 0.000
0.559 0.000 0.000 0.006 0.000 0.000 0.000 0.435 0.000
0.557 0.000 0.000 0.008 0.000 0.000 0.000 0.435 0.000
0.591 0.000 0.000 0.008 0.000 0.000 0.000 0.401 0.000
0.644 0.000 0.000 0.008 0.000 0.000 0.000 0.347 0.000
0.725 0.000 0.000 0.007 0.000 0.000 0.000 0.268 0.000
0.759 0.000 0.000 0.006 0.000 0.000 0.000 0.235 0.000
0.770 0.000 0.000 0.007 0.000 0.000 0.000 0.222 0.000
0.778 0.000 0.000 0.008 0.000 0.000 0.000 0.214 0.000
0.000 0.287 0.004 0.100 0.000 0.000 0.000 0.609 0.000
0.000 0.285 0.004 0.100 0.000 0.000 0.000 0.611 0.000
0.000 0.321 0.003 0.106 0.000 0.000 0.000 0.570 0.000
0.000 0.353 0.002 0.115 0.000 0.000 0.000 0.529 0.000
0.000 0.337 0.002 0.110 0.000 0.000 0.000 0.551 0.000
0.000 0.316 0.002 0.111 0.000 0.000 0.000 0.571 0.000
0.995 0.002 0.000 0.003 0.000 0.000 0.000 0.000 0.000
0.999 0.000 0.000 0.000 0.000 0.000 0.000 0.000 0.000
0.999 0.000 0.000 0.000 0.000 0.000 0.000 0.000 0.000
0.125 0.000 0.000 0.001 0.000 0.000 0.000 0.875 0.000
0.096 0.000 0.000 0.000 0.000 0.000 0.000 0.903 0.000
0.381 0.000 0.000 0.004 0.000 0.000 0.000 0.615 0.000
0.431 0.000 0.000 0.004 0.000 0.000 0.000 0.565 0.000
0.471 0.000 0.000 0.004 0.000 0.000 0.000 0.525 0.000
0.510 0.000 0.000 0.004 0.000 0.000 0.000 0.485 0.000
0.537 0.000 0.000 0.006 0.000 0.000 0.000 0.457 0.000
0.543 0.000 0.000 0.007 0.000 0.000 0.000 0.451 0.000
0.574 0.000 0.000 0.007 0.000 0.000 0.000 0.419 0.000
0.606 0.000 0.000 0.008 0.000 0.000 0.000 0.386 0.000
0.664 0.000 0.000 0.008 0.000 0.000 0.000 0.329 0.000
0.710 0.000 0.000 0.007 0.000 0.000 0.000 0.282 0.000
0.749 0.000 0.000 0.007 0.000 0.000 0.000 0.244 0.000
0.778 0.000 0.000 0.007 0.000 0.000 0.000 0.215 0.000
0.000 0.156 0.003 0.096 0.000 0.000 0.000 0.745 0.000
0.000 0.160 0.003 0.096 0.000 0.000 0.000 0.741 0.000
0.000 0.201 0.003 0.107 0.000 0.000 0.000 0.689 0.000
0.000 0.211 0.002 0.115 0.000 0.000 0.000 0.672 0.000
0.000 0.190 0.002 0.110 0.000 0.000 0.000 0.698 0.000
0.000 0.191 0.001 0.111 0.000 0.000 0.000 0.696 0.000
0.999 0.001 0.000 0.001 0.000 0.000 0.000 0.000 0.000
0.999 0.001 0.000 0.000 0.000 0.000 0.000 0.000 0.000
0.996 0.003 0.000 0.001 0.000 0.000 0.000 0.000 0.000
0.167 0.000 0.000 0.001 0.000 0.000 0.000 0.833 0.000
0.137 0.000 0.000 0.000 0.000 0.000 0.000 0.862 0.000
0.097 0.000 0.000 0.000 0.000 0.000 0.000 0.902 0.000
0.583 0.000 0.000 0.007 0.000 0.000 0.000 0.410 0.000
0.622 0.000 0.000 0.007 0.000 0.000 0.000 0.370 0.000
0.688 0.000 0.000 0.007 0.000 0.000 0.000 0.305 0.000
0.734 0.000 0.000 0.006 0.000 0.000 0.000 0.259 0.000
0.745 0.000 0.000 0.007 0.000 0.000 0.000 0.248 0.000
0.757 0.000 0.000 0.008 0.000 0.000 0.000 0.235 0.000
0.000 0.083 0.002 0.087 0.000 0.000 0.000 0.828 0.000
0.000 0.087 0.002 0.091 0.000 0.000 0.000 0.819 0.000
0.000 0.099 0.002 0.095 0.000 0.000 0.000 0.804 0.000
0.000 0.118 0.001 0.116 0.000 0.000 0.000 0.764 0.000
0.000 0.102 0.001 0.100 0.000 0.000 0.000 0.796 0.000
0.000 0.103 0.001 0.106 0.000 0.000 0.000 0.790 0.000
0.997 0.002 0.000 0.001 0.000 0.000 0.000 0.000 0.000
0.999 0.001 0.000 0.000 0.000 0.000 0.000 0.000 0.000
0.998 0.001 0.000 0.000 0.000 0.000 0.000 0.000 0.000
0.205 0.000 0.000 0.000 0.000 0.000 0.000 0.794 0.000
0.157 0.000 0.000 0.000 0.000 0.000 0.000 0.842 0.000
0.714 0.000 0.000 0.006 0.000 0.000 0.000 0.280 0.000
0.745 0.000 0.000 0.006 0.000 0.000 0.000 0.249 0.000
0.736 0.000 0.000 0.007 0.000 0.000 0.000 0.256 0.000
0.727 0.000 0.000 0.008 0.000 0.000 0.000 0.264 0.000
0.000 0.039 0.002 0.080 0.000 0.000 0.000 0.879 0.000
0.000 0.042 0.001 0.074 0.000 0.000 0.000 0.883 0.000
0.000 0.055 0.001 0.085 0.000 0.000 0.000 0.859 0.000
0.000 0.059 0.001 0.094 0.000 0.000 0.000 0.845 0.000
0.000 0.052 0.001 0.086 0.000 0.000 0.000 0.861 0.000
0.000 0.053 0.001 0.093 0.000 0.000 0.000 0.853 0.000
0.998 0.001 0.000 0.000 0.000 0.000 0.000 0.000 0.000
0.998 0.002 0.000 0.000 0.000 0.000 0.000 0.000 0.000
0.266 0.000 0.000 0.000 0.000 0.000 0.000 0.734 0.000
0.232 0.000 0.000 0.000 0.000 0.000 0.000 0.768 0.000
0.165 0.000 0.000 0.000 0.000 0.000 0.000 0.834 0.000
0.681 0.000 0.000 0.006 0.000 0.000 0.000 0.313 0.000
0.720 0.000 0.000 0.006 0.000 0.000 0.000 0.275 0.000
0.732 0.000 0.000 0.006 0.000 0.000 0.000 0.262 0.000
0.724 0.000 0.000 0.007 0.000 0.000 0.000 0.268 0.000
0.000 0.021 0.001 0.068 0.000 0.000 0.000 0.910 0.000
0.000 0.022 0.001 0.066 0.000 0.000 0.000 0.910 0.000
0.000 0.026 0.001 0.078 0.000 0.000 0.000 0.895 0.000
0.000 0.029 0.001 0.083 0.000 0.000 0.000 0.887 0.000
0.000 0.026 0.001 0.075 0.000 0.000 0.000 0.898 0.000
0.000 0.028 0.000 0.081 0.000 0.000 0.000 0.891 0.000
0.996 0.003 0.000 0.001 0.000 0.000 0.000 0.000 0.000
0.998 0.002 0.000 0.000 0.000 0.000 0.000 0.000 0.000
0.996 0.004 0.000 0.000 0.000 0.000 0.000 0.000 0.000
0.302 0.000 0.000 0.000 0.000 0.000 0.000 0.698 0.000
0.245 0.000 0.000 0.000 0.000 0.000 0.000 0.754 0.000
0.669 0.000 0.000 0.005 0.000 0.000 0.000 0.326 0.000
0.701 0.000 0.000 0.005 0.000 0.000 0.000 0.294 0.000
0.723 0.000 0.000 0.005 0.000 0.000 0.000 0.271 0.000
0.727 0.000 0.000 0.006 0.000 0.000 0.000 0.267 0.000
0.766 0.000 0.000 0.006 0.000 0.000 0.000 0.228 0.000
0.698 0.000 0.000 0.008 0.000 0.000 0.000 0.294 0.000
0.000 0.010 0.001 0.058 0.000 0.000 0.000 0.932 0.000
0.000 0.010 0.001 0.055 0.000 0.000 0.000 0.934 0.000
0.000 0.013 0.001 0.068 0.000 0.000 0.000 0.919 0.000
0.000 0.014 0.000 0.076 0.000 0.000 0.000 0.910 0.000
0.000 0.013 0.000 0.069 0.000 0.000 0.000 0.917 0.000
0.000 0.012 0.000 0.071 0.000 0.000 0.000 0.917 0.000
0.987 0.012 0.000 0.001 0.000 0.000 0.000 0.000 0.000
0.997 0.002 0.000 0.000 0.000 0.000 0.000 0.000 0.000
0.996 0.004 0.000 0.000 0.000 0.000 0.000 0.000 0.000
0.408 0.000 0.000 0.000 0.000 0.000 0.000 0.591 0.000
0.322 0.000 0.000 0.000 0.000 0.000 0.000 0.677 0.000
0.248 0.000 0.000 0.000 0.000 0.000 0.000 0.752 0.000
0.616 0.000 0.000 0.005 0.000 0.000 0.000 0.379 0.000
0.662 0.000 0.000 0.005 0.000 0.000 0.000 0.332 0.000
0.716 0.000 0.000 0.005 0.000 0.000 0.000 0.279 0.000
0.744 0.000 0.000 0.005 0.000 0.000 0.000 0.251 0.000
0.762 0.000 0.000 0.005 0.000 0.000 0.000 0.233 0.000
0.784 0.000 0.000 0.005 0.000 0.000 0.000 0.210 0.000
0.000 0.005 0.000 0.047 0.000 0.000 0.000 0.948 0.000
0.000 0.005 0.000 0.053 0.000 0.000 0.000 0.941 0.000
0.000 0.007 0.000 0.060 0.000 0.000 0.000 0.933 0.000
0.000 0.007 0.000 0.065 0.000 0.000 0.000 0.928 0.000
0.000 0.006 0.000 0.059 0.000 0.000 0.000 0.934 0.000
0.000 0.007 0.000 0.060 0.000 0.000 0.000 0.933 0.000
0.997 0.003 0.000 0.000 0.000 0.000 0.000 0.000 0.000
0.996 0.004 0.000 0.000 0.000 0.000 0.000 0.000 0.000
0.986 0.014 0.000 0.000 0.000 0.000 0.000 0.000 0.000
0.440 0.000 0.000 0.000 0.000 0.000 0.000 0.559 0.000
0.333 0.000 0.000 0.000 0.000 0.000 0.000 0.666 0.000
0.598 0.000 0.000 0.006 0.000 0.000 0.000 0.396 0.000
0.639 0.000 0.000 0.007 0.000 0.000 0.000 0.353 0.000
0.714 0.000 0.000 0.005 0.000 0.000 0.000 0.280 0.001
0.744 0.000 0.000 0.005 0.000 0.000 0.000 0.250 0.001
0.765 0.000 0.000 0.006 0.000 0.000 0.000 0.229 0.001
0.770 0.000 0.000 0.006 0.000 0.000 0.000 0.223 0.000
0.000 0.005 0.000 0.039 0.000 0.000 0.000 0.956 0.000
0.000 0.005 0.000 0.040 0.000 0.000 0.000 0.955 0.000
0.000 0.005 0.000 0.042 0.000 0.000 0.000 0.952 0.000
0.000 0.005 0.000 0.048 0.000 0.000 0.000 0.947 0.000
0.000 0.005 0.000 0.044 0.000 0.000 0.000 0.951 0.000
0.000 0.005 0.000 0.050 0.000 0.000 0.000 0.945 0.000
0.983 0.016 0.000 0.001 0.000 0.000 0.000 0.000 0.000
0.996 0.004 0.000 0.000 0.000 0.000 0.000 0.000 0.000
0.994 0.006 0.000 0.000 0.000 0.000 0.000 0.000 0.000
0.569 0.000 0.000 0.000 0.000 0.000 0.000 0.431 0.000
0.455 0.000 0.000 0.000 0.000 0.000 0.000 0.545 0.000
0.344 0.000 0.000 0.000 0.000 0.000 0.000 0.656 0.000
0.612 0.000 0.000 0.007 0.000 0.000 0.000 0.380 0.000
0.680 0.000 0.000 0.007 0.000 0.000 0.000 0.313 0.001
0.733 0.000 0.000 0.006 0.000 0.000 0.000 0.260 0.001
0.768 0.000 0.000 0.005 0.000 0.000 0.000 0.226 0.001
0.769 0.000 0.000 0.006 0.000 0.000 0.000 0.224 0.001
0.776 0.000 0.000 0.006 0.000 0.000 0.000 0.217 0.000
0.000 0.005 0.000 0.027 0.000 0.000 0.000 0.968 0.000
0.000 0.005 0.000 0.029 0.000 0.000 0.000 0.966 0.000
0.000 0.005 0.000 0.037 0.000 0.000 0.000 0.958 0.000
0.000 0.005 0.000 0.037 0.000 0.000 0.000 0.958 0.000
0.000 0.005 0.000 0.031 0.000 0.000 0.000 0.964 0.000
0.922 0.076 0.000 0.002 0.000 0.000 0.000 0.000 0.000
0.994 0.006 0.000 0.000 0.000 0.000 0.000 0.000 0.000
0.993 0.007 0.000 0.000 0.000 0.000 0.000 0.000 0.000
0.969 0.031 0.000 0.000 0.000 0.000 0.000 0.000 0.000
0.643 0.000 0.000 0.000 0.000 0.000 0.000 0.357 0.000
0.598 0.000 0.000 0.000 0.000 0.000 0.000 0.402 0.000
0.478 0.000 0.000 0.000 0.000 0.000 0.000 0.522 0.000
0.628 0.000 0.000 0.007 0.000 0.000 0.000 0.365 0.001
0.674 0.000 0.000 0.007 0.000 0.000 0.000 0.318 0.001
0.744 0.000 0.000 0.006 0.000 0.000 0.000 0.249 0.001
0.768 0.000 0.000 0.006 0.000 0.000 0.000 0.226 0.001
0.776 0.000 0.000 0.006 0.000 0.000 0.000 0.217 0.001
0.795 0.000 0.000 0.006 0.000 0.000 0.000 0.199 0.001
0.000 0.005 0.000 0.019 0.000 0.000 0.000 0.976 0.000
0.000 0.006 0.000 0.023 0.000 0.000 0.000 0.971 0.000
0.000 0.006 0.000 0.025 0.000 0.000 0.000 0.970 0.000
0.000 0.006 0.000 0.028 0.000 0.000 0.000 0.966 0.000
0.000 0.005 0.000 0.024 0.000 0.000 0.000 0.971 0.000
0.987 0.013 0.000 0.000 0.000 0.000 0.000 0.000 0.000
0.992 0.008 0.000 0.000 0.000 0.000 0.000 0.000 0.000
0.984 0.016 0.000 0.000 0.000 0.000 0.000 0.000 0.000
0.705 0.000 0.000 0.000 0.000 0.000 0.000 0.295 0.000
0.639 0.000 0.000 0.000 0.000 0.000 0.000 0.361 0.000
0.495 0.000 0.000 0.000 0.000 0.000 0.000 0.504 0.000
0.683 0.000 0.000 0.007 0.000 0.000 0.000 0.309 0.001
0.742 0.000 0.000 0.006 0.000 0.000 0.000 0.251 0.001
0.787 0.000 0.000 0.007 0.000 0.000 0.000 0.205 0.001
0.801 0.000 0.000 0.007 0.000 0.000 0.000 0.191 0.001
0.801 0.000 0.000 0.006 0.000 0.000 0.000 0.192 0.001
0.000 0.006 0.000 0.015 0.000 0.000 0.000 0.979 0.000
0.000 0.006 0.000 0.016 0.000 0.000 0.000 0.978 0.000
0.000 0.006 0.000 0.019 0.000 0.000 0.000 0.975 0.000
0.000 0.006 0.000 0.019 0.000 0.000 0.000 0.975 0.000
0.000 0.006 0.000 0.017 0.000 0.000 0.000 0.977 0.000
0.936 0.063 0.000 0.001 0.000 0.000 0.000 0.000 0.000
0.990 0.009 0.000 0.000 0.000 0.000 0.000 0.000 0.000
0.986 0.014 0.000 0.000 0.000 0.000 0.000 0.000 0.000
0.775 0.000 0.000 0.000 0.000 0.000 0.000 0.224 0.000
0.735 0.000 0.000 0.000 0.000 0.000 0.000 0.265 0.000
0.656 0.000 0.000 0.000 0.000 0.000 0.000 0.344 0.000
0.627 0.000 0.000 0.008 0.000 0.000 0.000 0.364 0.001
0.682 0.000 0.000 0.009 0.000 0.000 0.000 0.308 0.001
0.724 0.000 0.000 0.008 0.000 0.000 0.000 0.268 0.001
0.771 0.000 0.000 0.007 0.000 0.000 0.000 0.220 0.001
0.793 0.000 0.000 0.007 0.000 0.000 0.000 0.199 0.001
0.794 0.000 0.000 0.007 0.000 0.000 0.000 0.198 0.001
0.000 0.006 0.000 0.011 0.000 0.000 0.000 0.982 0.000
0.000 0.006 0.000 0.010 0.000 0.000 0.000 0.984 0.000
0.000 0.007 0.000 0.013 0.000 0.000 0.000 0.980 0.000
0.000 0.007 0.000 0.015 0.000 0.000 0.000 0.978 0.000
0.000 0.006 0.000 0.013 0.000 0.000 0.000 0.981 0.000
0.000 0.006 0.000 0.013 0.000 0.000 0.000 0.981 0.000
0.982 0.018 0.000 0.000 0.000 0.000 0.000 0.000 0.000
0.983 0.017 0.000 0.000 0.000 0.000 0.000 0.000 0.000
0.957 0.043 0.000 0.000 0.000 0.000 0.000 0.000 0.000
0.809 0.000 0.000 0.000 0.000 0.000 0.000 0.191 0.000
0.755 0.000 0.000 0.000 0.000 0.000 0.000 0.245 0.000
0.658 0.000 0.000 0.000 0.000 0.000 0.000 0.341 0.000
0.680 0.000 0.000 0.008 0.000 0.000 0.000 0.310 0.001
0.720 0.000 0.000 0.009 0.000 0.000 0.000 0.270 0.001
0.779 0.000 0.000 0.008 0.000 0.000 0.000 0.212 0.001
0.810 0.000 0.000 0.007 0.000 0.000 0.000 0.182 0.001
0.000 0.007 0.000 0.009 0.000 0.000 0.000 0.983 0.000
0.000 0.007 0.000 0.009 0.000 0.000 0.000 0.984 0.000
0.000 0.008 0.000 0.010 0.000 0.000 0.000 0.982 0.000
0.000 0.009 0.000 0.012 0.000 0.000 0.000 0.979 0.000
0.000 0.008 0.000 0.012 0.000 0.000 0.000 0.980 0.000
0.914 0.085 0.000 0.000 0.000 0.000 0.000 0.000 0.000
0.980 0.020 0.000 0.000 0.000 0.000 0.000 0.000 0.000
0.974 0.025 0.000 0.000 0.000 0.000 0.000 0.000 0.000
0.850 0.000 0.000 0.000 0.000 0.000 0.000 0.150 0.000
0.829 0.000 0.000 0.000 0.000 0.000 0.000 0.170 0.000
0.759 0.000 0.000 0.000 0.000 0.000 0.000 0.240 0.000
0.701 0.000 0.000 0.009 0.000 0.000 0.000 0.288 0.001
0.764 0.000 0.000 0.008 0.000 0.000 0.000 0.226 0.001
0.794 0.000 0.000 0.007 0.000 0.000 0.000 0.198 0.001
0.799 0.000 0.000 0.008 0.000 0.000 0.000 0.192 0.001
0.818 0.000 0.000 0.008 0.000 0.000 0.000 0.173 0.001
0.000 0.008 0.000 0.007 0.000 0.000 0.000 0.985 0.000
0.000 0.008 0.000 0.007 0.000 0.000 0.000 0.985 0.000
0.000 0.009 0.000 0.008 0.000 0.000 0.000 0.983 0.000
0.000 0.009 0.000 0.008 0.000 0.000 0.000 0.984 0.000
0.000 0.008 0.000 0.008 0.000 0.000 0.000 0.984 0.000
0.973 0.027 0.000 0.000 0.000 0.000 0.000 0.000 0.000
0.969 0.031 0.000 0.000 0.000 0.000 0.000 0.000 0.000
0.895 0.105 0.000 0.000 0.000 0.000 0.000 0.000 0.000
0.875 0.000 0.000 0.000 0.000 0.000 0.000 0.125 0.000
0.839 0.000 0.000 0.000 0.000 0.000 0.000 0.160 0.000
0.763 0.000 0.000 0.000 0.000 0.000 0.000 0.236 0.000
0.707 0.000 0.000 0.010 0.000 0.000 0.000 0.281 0.001
0.770 0.000 0.000 0.008 0.000 0.000 0.000 0.221 0.001
0.786 0.000 0.000 0.008 0.000 0.000 0.000 0.205 0.001
0.797 0.000 0.000 0.008 0.000 0.000 0.000 0.194 0.001
0.809 0.000 0.000 0.008 0.000 0.000 0.000 0.182 0.001
0.000 0.008 0.000 0.005 0.000 0.000 0.000 0.987 0.000
0.000 0.009 0.000 0.005 0.000 0.000 0.000 0.986 0.000
0.000 0.010 0.000 0.006 0.000 0.000 0.000 0.984 0.000
0.000 0.009 0.000 0.006 0.000 0.000 0.000 0.985 0.000
0.000 0.009 0.000 0.005 0.000 0.000 0.000 0.986 0.000
0.946 0.054 0.000 0.000 0.000 0.000 0.000 0.000 0.000
0.966 0.034 0.000 0.000 0.000 0.000 0.000 0.000 0.000
0.936 0.064 0.000 0.000 0.000 0.000 0.000 0.000 0.000
0.910 0.001 0.000 0.000 0.000 0.000 0.000 0.089 0.000
0.893 0.000 0.000 0.000 0.000 0.000 0.000 0.106 0.000
0.848 0.000 0.000 0.000 0.000 0.000 0.000 0.151 0.000
0.688 0.000 0.000 0.010 0.000 0.000 0.000 0.300 0.001
0.760 0.000 0.000 0.009 0.000 0.000 0.000 0.229 0.001
0.797 0.000 0.000 0.007 0.000 0.000 0.000 0.194 0.002
0.800 0.000 0.000 0.008 0.000 0.000 0.000 0.191 0.001
0.793 0.000 0.000 0.009 0.000 0.000 0.000 0.197 0.001
0.782 0.000 0.000 0.010 0.000 0.000 0.000 0.207 0.001
0.000 0.008 0.000 0.004 0.000 0.000 0.000 0.988 0.000
0.000 0.008 0.000 0.004 0.000 0.000 0.000 0.989 0.000
0.000 0.009 0.000 0.004 0.000 0.000 0.000 0.987 0.000
0.000 0.011 0.000 0.004 0.000 0.000 0.000 0.985 0.000
0.000 0.010 0.000 0.004 0.000 0.000 0.000 0.986 0.000
0.000 0.009 0.000 0.004 0.000 0.000 0.000 0.987 0.000
0.978 0.022 0.000 0.000 0.000 0.000 0.000 0.000 0.000
0.968 0.032 0.000 0.000 0.000 0.000 0.000 0.000 0.000
0.926 0.001 0.000 0.000 0.000 0.000 0.000 0.074 0.000
0.897 0.001 0.000 0.000 0.000 0.000 0.000 0.103 0.000
0.701 0.000 0.000 0.011 0.000 0.000 0.000 0.286 0.001
0.746 0.000 0.000 0.010 0.000 0.000 0.000 0.242 0.002
0.793 0.000 0.000 0.006 0.000 0.000 0.000 0.199 0.001
0.815 0.000 0.000 0.006 0.000 0.000 0.000 0.177 0.001
0.797 0.000 0.000 0.008 0.000 0.000 0.000 0.194 0.001
0.000 0.007 0.000 0.003 0.000 0.000 0.000 0.990 0.000
0.000 0.008 0.000 0.003 0.000 0.000 0.000 0.989 0.000
0.000 0.009 0.000 0.003 0.000 0.000 0.000 0.989 0.000
0.000 0.010 0.000 0.003 0.000 0.000 0.000 0.987 0.000
0.000 0.010 0.000 0.003 0.000 0.000 0.000 0.987 0.000
0.000 0.011 0.000 0.003 0.000 0.000 0.000 0.986 0.000
0.969 0.031 0.000 0.000 0.000 0.000 0.000 0.000 0.000
0.976 0.024 0.000 0.000 0.000 0.000 0.000 0.000 0.000
0.948 0.052 0.000 0.000 0.000 0.000 0.000 0.000 0.000
0.946 0.001 0.000 0.000 0.000 0.000 0.000 0.052 0.000
0.928 0.001 0.000 0.000 0.000 0.000 0.000 0.070 0.000
0.751 0.000 0.000 0.010 0.000 0.000 0.000 0.237 0.002
0.773 0.000 0.000 0.008 0.000 0.000 0.000 0.217 0.001
0.782 0.000 0.000 0.009 0.000 0.000 0.000 0.208 0.001
0.777 0.000 0.000 0.010 0.000 0.000 0.000 0.212 0.001
0.770 0.001 0.000 0.012 0.000 0.000 0.000 0.217 0.001
0.000 0.006 0.000 0.002 0.000 0.000 0.000 0.992 0.000
0.000 0.007 0.000 0.002 0.000 0.000 0.000 0.991 0.000
0.000 0.008 0.000 0.002 0.000 0.000 0.000 0.990 0.000
0.000 0.009 0.000 0.002 0.000 0.000 0.000 0.989 0.000
0.000 0.010 0.000 0.002 0.000 0.000 0.000 0.988 0.000
0.931 0.068 0.000 0.000 0.000 0.000 0.000 0.000 0.000
0.984 0.016 0.000 0.000 0.000 0.000 0.000 0.000 0.000
0.971 0.029 0.000 0.000 0.000 0.000 0.000 0.000 0.000
0.959 0.002 0.000 0.000 0.000 0.000 0.000 0.039 0.000
0.952 0.002 0.000 0.000 0.000 0.000 0.000 0.046 0.000
0.931 0.002 0.000 0.000 0.000 0.000 0.000 0.067 0.000
0.714 0.000 0.000 0.010 0.000 0.000 0.000 0.274 0.001
0.738 0.000 0.000 0.010 0.000 0.000 0.000 0.251 0.001
0.775 0.000 0.000 0.008 0.000 0.000 0.000 0.215 0.001
0.792 0.000 0.000 0.008 0.000 0.000 0.000 0.199 0.001
0.787 0.001 0.000 0.010 0.000 0.000 0.000 0.202 0.001
0.000 0.005 0.000 0.002 0.000 0.000 0.000 0.992 0.000
0.000 0.006 0.000 0.002 0.000 0.000 0.000 0.992 0.000
0.000 0.007 0.000 0.002 0.000 0.000 0.000 0.991 0.000
0.000 0.009 0.000 0.002 0.000 0.000 0.000 0.989 0.000
0.000 0.010 0.000 0.002 0.000 0.000 0.000 0.987 0.000
0.000 0.011 0.000 0.002 0.000 0.000 0.000 0.987 0.000
0.987 0.013 0.000 0.000 0.000 0.000 0.000 0.000 0.000
0.983 0.017 0.000 0.000 0.000 0.000 0.000 0.000 0.000
0.910 0.090 0.000 0.000 0.000 0.000 0.000 0.000 0.000
0.969 0.003 0.000 0.000 0.000 0.000 0.000 0.028 0.000
0.963 0.003 0.000 0.000 0.000 0.000 0.000 0.034 0.000
0.948 0.003 0.000 0.000 0.000 0.000 0.000 0.049 0.000
