0.960 0.016 0.000 0.024 0.000 0.000 0.000 0.000 0.000
0.990 0.005 0.000 0.005 0.000 0.000 0.000 0.000 0.000
0.987 0.007 0.000 0.006 0.000 0.000 0.000 0.000 0.000
0.998 0.000 0.000 0.001 0.000 0.000 0.000 0.000 0.000
0.998 0.000 0.000 0.002 0.000 0.000 0.000 0.000 0.000
0.998 0.000 0.000 0.002 0.000 0.000 0.000 0.000 0.000
0.998 0.000 0.000 0.001 0.000 0.000 0.000 0.000 0.000
0.999 0.000 0.000 0.001 0.000 0.000 0.000 0.000 0.000
0.000 0.990 0.009 0.002 0.000 0.000 0.000 0.000 0.000
0.000 0.991 0.007 0.002 0.000 0.000 0.000 0.000 0.000
0.000 0.991 0.007 0.002 0.000 0.000 0.000 0.000 0.000
0.000 0.992 0.006 0.002 0.000 0.000 0.000 0.000 0.000
0.000 0.993 0.005 0.002 0.000 0.000 0.000 0.000 0.000
0.000 0.992 0.005 0.002 0.000 0.000 0.000 0.000 0.000
0.000 0.994 0.004 0.002 0.000 0.000 0.000 0.000 0.000
0.000 0.995 0.002 0.003 0.000 0.000 0.000 0.000 0.000
0.000 0.997 0.001 0.002 0.000 0.000 0.000 0.000 0.000
0.988 0.005 0.000 0.006 0.000 0.000 0.000 0.000 0.000
0.987 0.007 0.000 0.006 0.000 0.000 0.000 0.000 0.000
0.972 0.016 0.000 0.013 0.000 0.000 0.000 0.000 0.000
0.999 0.000 0.000 0.001 0.000 0.000 0.000 0.000 0.000
0.998 0.000 0.000 0.001 0.000 0.000 0.000 0.000 0.000
0.998 0.000 0.000 0.002 0.000 0.000 0.000 0.000 0.000
0.998 0.000 0.000 0.002 0.000 0.000 0.000 0.000 0.000
0.998 0.000 0.000 0.002 0.000 0.000 0.000 0.000 0.000
0.998 0.000 0.000 0.001 0.000 0.000 0.000 0.000 0.000
0.000 0.987 0.010 0.003 0.000 0.000 0.000 0.000 0.000
0.000 0.987 0.010 0.003 0.000 0.000 0.000 0.000 0.000
0.000 0.988 0.009 0.003 0.000 0.000 0.000 0.000 0.000
0.000 0.990 0.007 0.003 0.000 0.000 0.000 0.000 0.000
0.000 0.991 0.005 0.004 0.000 0.000 0.000 0.000 0.000
0.000 0.993 0.003 0.004 0.000 0.000 0.000 0.000 0.000
0.000 0.994 0.002 0.004 0.000 0.000 0.000 0.000 0.000
0.000 0.994 0.002 0.004 0.000 0.000 0.000 0.000 0.000
0.000 0.996 0.001 0.003 0.000 0.000 0.000 0.000 0.000
0.971 0.012 0.000 0.017 0.000 0.000 0.000 0.000 0.000
0.991 0.005 0.000 0.004 0.000 0.000 0.000 0.000 0.000
0.989 0.007 0.000 0.005 0.000 0.000 0.000 0.000 0.000
0.999 0.000 0.000 0.001 0.000 0.000 0.000 0.000 0.000
0.998 0.000 0.000 0.001 0.000 0.000 0.000 0.000 0.000
0.998 0.000 0.000 0.002 0.000 0.000 0.000 0.001 0.000
0.997 0.000 0.000 0.002 0.000 0.000 0.000 0.001 0.000
0.997 0.000 0.000 0.002 0.000 0.000 0.000 0.001 0.000
0.998 0.000 0.000 0.001 0.000 0.000 0.000 0.000 0.000
0.998 0.000 0.000 0.001 0.000 0.000 0.000 0.000 0.000
0.998 0.000 0.000 0.002 0.000 0.000 0.000 0.000 0.000
0.000 0.982 0.014 0.004 0.000 0.000 0.000 0.000 0.000
0.000 0.985 0.011 0.004 0.000 0.000 0.000 0.000 0.000
0.000 0.988 0.007 0.004 0.000 0.000 0.000 0.000 0.000
0.000 0.991 0.004 0.005 0.000 0.000 0.000 0.000 0.000
0.000 0.992 0.003 0.005 0.000 0.000 0.000 0.000 0.000
0.000 0.992 0.003 0.005 0.000 0.000 0.000 0.000 0.000
0.000 0.992 0.003 0.006 0.000 0.000 0.000 0.000 0.000
0.000 0.992 0.002 0.005 0.000 0.000 0.000 0.000 0.000
0.000 0.993 0.002 0.005 0.000 0.000 0.000 0.000 0.000
0.955 0.022 0.000 0.023 0.000 0.000 0.000 0.000 0.000
0.992 0.004 0.000 0.004 0.000 0.000 0.000 0.000 0.000
0.991 0.005 0.000 0.004 0.000 0.000 0.000 0.000 0.000
0.966 0.021 0.000 0.014 0.000 0.000 0.000 0.000 0.000
0.998 0.000 0.000 0.001 0.000 0.000 0.000 0.001 0.000
0.998 0.000 0.000 0.001 0.000 0.000 0.000 0.001 0.000
0.998 0.000 0.000 0.002 0.000 0.000 0.000 0.001 0.000
0.997 0.000 0.000 0.002 0.000 0.000 0.000 0.001 0.000
0.996 0.000 0.000 0.003 0.000 0.000 0.000 0.001 0.000
0.997 0.000 0.000 0.002 0.000 0.000 0.000 0.001 0.000
0.998 0.000 0.000 0.002 0.000 0.000 0.000 0.001 0.000
0.998 0.000 0.000 0.002 0.000 0.000 0.000 0.001 0.000
0.997 0.000 0.000 0.002 0.000 0.000 0.000 0.001 0.000
0.994 0.000 0.000 0.005 0.000 0.000 0.000 0.001 0.000
0.993 0.000 0.000 0.006 0.000 0.000 0.000 0.001 0.000
0.000 0.987 0.008 0.005 0.000 0.000 0.000 0.000 0.000
0.000 0.988 0.004 0.007 0.000 0.000 0.000 0.000 0.000
0.000 0.988 0.004 0.007 0.000 0.000 0.000 0.000 0.000
0.000 0.990 0.004 0.006 0.000 0.000 0.000 0.000 0.000
0.000 0.990 0.003 0.006 0.000 0.000 0.000 0.000 0.000
0.000 0.991 0.003 0.006 0.000 0.000 0.000 0.000 0.000
0.000 0.990 0.002 0.008 0.000 0.000 0.000 0.000 0.000
0.000 0.990 0.002 0.008 0.000 0.000 0.000 0.000 0.000
0.000 0.991 0.002 0.007 0.000 0.000 0.000 0.000 0.000
0.989 0.006 0.000 0.006 0.000 0.000 0.000 0.000 0.000
0.991 0.006 0.000 0.003 0.000 0.000 0.000 0.000 0.000
0.985 0.010 0.000 0.005 0.000 0.000 0.000 0.000 0.000
0.997 0.000 0.000 0.002 0.000 0.000 0.000 0.001 0.000
0.997 0.000 0.000 0.002 0.000 0.000 0.000 0.001 0.000
0.997 0.000 0.000 0.002 0.000 0.000 0.000 0.001 0.000
0.997 0.000 0.000 0.002 0.000 0.000 0.000 0.001 0.000
0.996 0.000 0.000 0.003 0.000 0.000 0.000 0.001 0.000
0.996 0.000 0.000 0.003 0.000 0.000 0.000 0.001 0.000
0.991 0.000 0.000 0.008 0.000 0.000 0.000 0.001 0.000
0.987 0.000 0.000 0.011 0.000 0.000 0.000 0.001 0.000
0.000 0.988 0.005 0.007 0.000 0.000 0.000 0.000 0.000
0.000 0.986 0.005 0.009 0.000 0.000 0.000 0.000 0.000
0.000 0.986 0.005 0.008 0.000 0.000 0.000 0.000 0.000
0.000 0.989 0.004 0.007 0.000 0.000 0.000 0.000 0.000
0.000 0.989 0.002 0.008 0.000 0.000 0.000 0.000 0.000
0.000 0.988 0.002 0.009 0.000 0.000 0.000 0.000 0.000
0.000 0.988 0.002 0.009 0.000 0.000 0.000 0.000 0.000
0.000 0.988 0.002 0.009 0.000 0.000 0.000 0.000 0.000
0.000 0.989 0.002 0.008 0.000 0.000 0.000 0.000 0.000
0.965 0.021 0.000 0.014 0.000 0.000 0.000 0.000 0.000
0.992 0.005 0.000 0.003 0.000 0.000 0.000 0.000 0.000
0.990 0.006 0.000 0.003 0.000 0.000 0.000 0.000 0.000
0.971 0.000 0.000 0.005 0.000 0.000 0.000 0.024 0.000
0.994 0.000 0.000 0.003 0.000 0.000 0.000 0.004 0.000
0.995 0.000 0.000 0.002 0.000 0.000 0.000 0.003 0.000
0.995 0.000 0.000 0.002 0.000 0.000 0.000 0.003 0.000
0.996 0.000 0.000 0.003 0.000 0.000 0.000 0.001 0.000
0.995 0.000 0.000 0.004 0.000 0.000 0.000 0.002 0.000
0.994 0.000 0.000 0.004 0.000 0.000 0.000 0.002 0.000
0.993 0.000 0.000 0.005 0.000 0.000 0.000 0.002 0.000
0.985 0.000 0.000 0.011 0.000 0.000 0.000 0.003 0.000
0.000 0.985 0.005 0.010 0.000 0.000 0.000 0.000 0.000
0.000 0.985 0.004 0.011 0.000 0.000 0.000 0.000 0.000
0.000 0.983 0.005 0.011 0.000 0.000 0.000 0.000 0.000
0.000 0.986 0.004 0.010 0.000 0.000 0.000 0.000 0.000
0.000 0.986 0.003 0.010 0.000 0.000 0.000 0.000 0.000
0.000 0.986 0.002 0.012 0.000 0.000 0.000 0.000 0.000
0.000 0.984 0.002 0.014 0.000 0.000 0.000 0.000 0.000
0.000 0.984 0.002 0.014 0.000 0.000 0.000 0.000 0.000
0.000 0.985 0.002 0.012 0.000 0.000 0.000 0.000 0.000
0.991 0.005 0.000 0.004 0.000 0.000 0.000 0.000 0.000
0.991 0.006 0.000 0.003 0.000 0.000 0.000 0.000 0.000
0.984 0.011 0.000 0.005 0.000 0.000 0.000 0.000 0.000
0.932 0.000 0.000 0.008 0.000 0.000 0.000 0.060 0.000
0.949 0.000 0.000 0.006 0.000 0.000 0.000 0.045 0.000
0.960 0.000 0.000 0.005 0.000 0.000 0.000 0.036 0.000
0.984 0.000 0.000 0.005 0.000 0.000 0.000 0.012 0.000
0.987 0.000 0.000 0.004 0.000 0.000 0.000 0.009 0.000
0.989 0.000 0.000 0.004 0.000 0.000 0.000 0.007 0.000
0.991 0.000 0.000 0.003 0.000 0.000 0.000 0.006 0.000
0.992 0.000 0.000 0.003 0.000 0.000 0.000 0.005 0.000
0.992 0.000 0.000 0.003 0.000 0.000 0.000 0.005 0.000
0.995 0.000 0.000 0.003 0.000 0.000 0.000 0.002 0.000
0.995 0.000 0.000 0.003 0.000 0.000 0.000 0.002 0.000
0.993 0.000 0.000 0.005 0.000 0.000 0.000 0.003 0.000
0.993 0.000 0.000 0.004 0.000 0.000 0.000 0.002 0.000
0.990 0.000 0.000 0.008 0.000 0.000 0.000 0.003 0.000
0.985 0.000 0.000 0.012 0.000 0.000 0.000 0.003 0.000
0.000 0.978 0.006 0.015 0.000 0.000 0.000 0.001 0.001
0.000 0.977 0.006 0.016 0.000 0.000 0.000 0.001 0.001
0.000 0.980 0.006 0.014 0.000 0.000 0.000 0.001 0.000
0.000 0.983 0.003 0.014 0.000 0.000 0.000 0.000 0.000
0.000 0.981 0.002 0.016 0.000 0.000 0.000 0.001 0.000
0.000 0.981 0.002 0.016 0.000 0.000 0.000 0.001 0.000
0.000 0.977 0.002 0.019 0.000 0.000 0.000 0.001 0.000
0.000 0.978 0.002 0.019 0.000 0.000 0.000 0.001 0.000
0.979 0.013 0.000 0.008 0.000 0.000 0.000 0.000 0.000
0.992 0.005 0.000 0.003 0.000 0.000 0.000 0.000 0.000
0.990 0.007 0.000 0.003 0.000 0.000 0.000 0.000 0.000
0.883 0.000 0.000 0.008 0.000 0.000 0.000 0.109 0.000
0.907 0.000 0.000 0.006 0.000 0.000 0.000 0.087 0.000
0.978 0.000 0.000 0.005 0.000 0.000 0.000 0.017 0.000
0.982 0.000 0.000 0.005 0.000 0.000 0.000 0.014 0.000
0.985 0.000 0.000 0.004 0.000 0.000 0.000 0.011 0.000
0.987 0.000 0.000 0.004 0.000 0.000 0.000 0.009 0.000
0.987 0.000 0.000 0.004 0.000 0.000 0.000 0.009 0.000
0.987 0.000 0.000 0.005 0.000 0.000 0.000 0.008 0.000
0.980 0.000 0.000 0.010 0.000 0.000 0.000 0.010 0.000
0.994 0.000 0.000 0.003 0.000 0.000 0.000 0.003 0.000
0.993 0.000 0.000 0.004 0.000 0.000 0.000 0.003 0.000
0.992 0.000 0.000 0.005 0.000 0.000 0.000 0.003 0.000
0.990 0.000 0.000 0.006 0.000 0.000 0.000 0.004 0.000
0.984 0.000 0.000 0.012 0.000 0.000 0.000 0.004 0.000
0.984 0.000 0.000 0.012 0.000 0.000 0.000 0.003 0.000
0.000 0.970 0.005 0.023 0.000 0.000 0.000 0.001 0.001
0.000 0.970 0.005 0.023 0.000 0.000 0.000 0.001 0.001
0.000 0.975 0.006 0.018 0.000 0.000 0.000 0.001 0.000
0.000 0.977 0.004 0.018 0.000 0.000 0.000 0.001 0.000
0.000 0.976 0.003 0.020 0.000 0.000 0.000 0.001 0.000
0.000 0.976 0.002 0.020 0.000 0.000 0.000 0.001 0.000
0.000 0.971 0.002 0.025 0.000 0.000 0.000 0.001 0.000
0.000 0.972 0.003 0.023 0.000 0.000 0.000 0.002 0.000
0.945 0.038 0.000 0.017 0.000 0.000 0.000 0.000 0.000
0.993 0.004 0.000 0.003 0.000 0.000 0.000 0.000 0.000
0.991 0.006 0.000 0.003 0.000 0.000 0.000 0.000 0.000
0.755 0.000 0.000 0.009 0.000 0.000 0.000 0.236 0.000
0.803 0.000 0.000 0.007 0.000 0.000 0.000 0.190 0.000
0.839 0.000 0.000 0.006 0.000 0.000 0.000 0.155 0.000
0.974 0.000 0.000 0.005 0.000 0.000 0.000 0.020 0.000
0.977 0.000 0.000 0.005 0.000 0.000 0.000 0.018 0.000
0.978 0.000 0.000 0.006 0.000 0.000 0.000 0.016 0.000
0.973 0.000 0.000 0.009 0.000 0.000 0.000 0.018 0.000
0.989 0.000 0.000 0.005 0.000 0.000 0.000 0.006 0.000
0.994 0.000 0.000 0.004 0.000 0.000 0.000 0.002 0.000
0.992 0.000 0.000 0.004 0.000 0.000 0.000 0.004 0.000
0.991 0.000 0.000 0.005 0.000 0.000 0.000 0.004 0.000
0.991 0.000 0.000 0.005 0.000 0.000 0.000 0.004 0.000
0.990 0.000 0.000 0.006 0.000 0.000 0.000 0.004 0.000
0.985 0.000 0.000 0.009 0.000 0.000 0.000 0.005 0.000
0.982 0.000 0.000 0.013 0.000 0.000 0.000 0.005 0.000
0.000 0.961 0.005 0.031 0.000 0.000 0.000 0.002 0.001
0.000 0.959 0.006 0.032 0.000 0.000 0.000 0.002 0.001
0.000 0.966 0.005 0.027 0.000 0.000 0.000 0.002 0.001
0.000 0.969 0.004 0.025 0.000 0.000 0.000 0.002 0.000
0.000 0.968 0.003 0.027 0.000 0.000 0.000 0.002 0.000
0.000 0.968 0.002 0.027 0.000 0.000 0.000 0.002 0.000
0.000 0.962 0.002 0.034 0.000 0.000 0.000 0.002 0.001
0.000 0.960 0.002 0.036 0.000 0.000 0.000 0.002 0.001
0.987 0.008 0.000 0.005 0.000 0.000 0.000 0.000 0.000
0.992 0.006 0.000 0.002 0.000 0.000 0.000 0.000 0.000
0.989 0.008 0.000 0.003 0.000 0.000 0.000 0.000 0.000
0.521 0.000 0.000 0.009 0.000 0.000 0.000 0.470 0.000
0.610 0.000 0.000 0.008 0.000 0.000 0.000 0.382 0.000
0.678 0.000 0.000 0.007 0.000 0.000 0.000 0.315 0.000
0.959 0.000 0.000 0.007 0.000 0.000 0.000 0.034 0.000
0.961 0.000 0.000 0.008 0.000 0.000 0.000 0.031 0.000
0.971 0.000 0.000 0.007 0.000 0.000 0.000 0.022 0.000
0.973 0.000 0.000 0.009 0.000 0.000 0.000 0.018 0.000
0.973 0.000 0.000 0.011 0.000 0.000 0.000 0.016 0.000
0.968 0.000 0.000 0.009 0.000 0.000 0.000 0.022 0.000
0.990 0.000 0.000 0.005 0.000 0.000 0.000 0.005 0.000
0.988 0.000 0.000 0.006 0.000 0.000 0.000 0.006 0.000
0.988 0.000 0.000 0.007 0.000 0.000 0.000 0.006 0.000
0.984 0.000 0.000 0.009 0.000 0.000 0.000 0.007 0.000
0.977 0.000 0.000 0.015 0.000 0.000 0.000 0.007 0.000
0.000 0.951 0.006 0.038 0.000 0.000 0.000 0.003 0.001
0.000 0.950 0.006 0.039 0.000 0.000 0.000 0.004 0.001
0.000 0.953 0.006 0.036 0.000 0.000 0.000 0.004 0.001
0.000 0.962 0.004 0.030 0.000 0.000 0.000 0.003 0.000
0.000 0.959 0.004 0.034 0.000 0.000 0.000 0.003 0.000
0.000 0.958 0.003 0.035 0.000 0.000 0.000 0.003 0.000
0.000 0.958 0.002 0.036 0.000 0.000 0.000 0.004 0.000
0.000 0.950 0.002 0.044 0.000 0.000 0.000 0.004 0.001
0.952 0.033 0.000 0.015 0.000 0.000 0.000 0.000 0.000
0.994 0.004 0.000 0.002 0.000 0.000 0.000 0.000 0.000
0.992 0.006 0.000 0.002 0.000 0.000 0.000 0.000 0.000
0.403 0.000 0.000 0.006 0.000 0.000 0.000 0.590 0.000
0.453 0.000 0.000 0.006 0.000 0.000 0.000 0.541 0.000
0.493 0.000 0.000 0.006 0.000 0.000 0.000 0.500 0.000
0.947 0.000 0.000 0.007 0.000 0.000 0.000 0.046 0.000
0.953 0.000 0.000 0.007 0.000 0.000 0.000 0.040 0.000
0.952 0.000 0.000 0.008 0.000 0.000 0.000 0.040 0.000
0.958 0.000 0.000 0.008 0.000 0.000 0.000 0.035 0.000
0.958 0.000 0.000 0.009 0.000 0.000 0.000 0.033 0.000
0.963 0.000 0.000 0.009 0.000 0.000 0.000 0.028 0.000
0.987 0.000 0.000 0.006 0.000 0.000 0.000 0.007 0.000
0.986 0.000 0.000 0.007 0.000 0.000 0.000 0.007 0.000
0.985 0.000 0.000 0.008 0.000 0.000 0.000 0.007 0.000
0.979 0.000 0.000 0.011 0.000 0.000 0.000 0.009 0.000
0.000 0.934 0.007 0.053 0.000 0.000 0.000 0.005 0.001
0.000 0.940 0.006 0.047 0.000 0.000 0.000 0.006 0.001
0.000 0.937 0.007 0.048 0.000 0.000 0.000 0.007 0.001
0.000 0.942 0.006 0.045 0.000 0.000 0.000 0.007 0.001
0.000 0.951 0.004 0.039 0.000 0.000 0.000 0.005 0.000
0.000 0.948 0.003 0.043 0.000 0.000 0.000 0.006 0.000
0.000 0.945 0.003 0.045 0.000 0.000 0.000 0.007 0.000
0.000 0.937 0.002 0.053 0.000 0.000 0.000 0.007 0.001
0.991 0.006 0.000 0.003 0.000 0.000 0.000 0.000 0.000
0.992 0.006 0.000 0.002 0.000 0.000 0.000 0.000 0.000
0.987 0.010 0.000 0.003 0.000 0.000 0.000 0.000 0.000
0.224 0.000 0.000 0.006 0.000 0.000 0.000 0.770 0.000
0.262 0.000 0.000 0.005 0.000 0.000 0.000 0.733 0.000
0.290 0.000 0.000 0.005 0.000 0.000 0.000 0.705 0.000
0.934 0.000 0.000 0.008 0.000 0.000 0.000 0.058 0.000
0.939 0.000 0.000 0.008 0.000 0.000 0.000 0.053 0.000
0.938 0.000 0.000 0.009 0.000 0.000 0.000 0.053 0.000
0.943 0.000 0.000 0.010 0.000 0.000 0.000 0.047 0.000
0.983 0.000 0.000 0.008 0.000 0.000 0.000 0.009 0.000
0.983 0.000 0.000 0.008 0.000 0.000 0.000 0.009 0.000
0.983 0.000 0.000 0.008 0.000 0.000 0.000 0.009 0.000
0.980 0.000 0.000 0.009 0.000 0.000 0.000 0.010 0.000
0.978 0.000 0.000 0.011 0.000 0.000 0.000 0.011 0.000
0.000 0.914 0.007 0.068 0.000 0.000 0.000 0.010 0.001
0.000 0.914 0.006 0.068 0.000 0.000 0.000 0.011 0.001
0.000 0.930 0.006 0.053 0.000 0.000 0.000 0.011 0.000
0.000 0.932 0.005 0.052 0.000 0.000 0.000 0.010 0.000
0.000 0.929 0.003 0.057 0.000 0.000 0.000 0.010 0.000
0.000 0.927 0.003 0.059 0.000 0.000 0.000 0.011 0.000
0.000 0.920 0.002 0.066 0.000 0.000 0.000 0.011 0.000
0.979 0.014 0.000 0.007 0.000 0.000 0.000 0.000 0.000
0.994 0.004 0.000 0.001 0.000 0.000 0.000 0.000 0.000
0.991 0.007 0.000 0.002 0.000 0.000 0.000 0.000 0.000
0.135 0.000 0.000 0.005 0.000 0.000 0.000 0.861 0.000
0.163 0.000 0.000 0.004 0.000 0.000 0.000 0.833 0.000
0.173 0.000 0.000 0.004 0.000 0.000 0.000 0.824 0.000
0.914 0.000 0.000 0.009 0.000 0.000 0.000 0.077 0.000
0.908 0.000 0.000 0.012 0.000 0.000 0.000 0.080 0.000
0.916 0.000 0.000 0.013 0.000 0.000 0.000 0.072 0.000
0.926 0.000 0.000 0.013 0.000 0.000 0.000 0.061 0.000
0.982 0.000 0.000 0.008 0.000 0.000 0.000 0.011 0.000
0.982 0.000 0.000 0.007 0.000 0.000 0.000 0.010 0.000
0.976 0.000 0.000 0.011 0.000 0.000 0.000 0.013 0.000
0.960 0.000 0.000 0.019 0.000 0.000 0.000 0.021 0.000
0.000 0.890 0.007 0.084 0.000 0.000 0.000 0.017 0.001
0.000 0.892 0.008 0.080 0.000 0.000 0.000 0.020 0.001
0.000 0.896 0.007 0.076 0.000 0.000 0.000 0.021 0.001
0.000 0.909 0.005 0.067 0.000 0.000 0.000 0.018 0.000
0.000 0.906 0.004 0.073 0.000 0.000 0.000 0.017 0.000
0.000 0.901 0.003 0.076 0.000 0.000 0.000 0.019 0.000
0.000 0.894 0.003 0.083 0.000 0.000 0.000 0.020 0.000
0.995 0.004 0.000 0.001 0.000 0.000 0.000 0.000 0.000
0.993 0.006 0.000 0.001 0.000 0.000 0.000 0.000 0.000
0.978 0.018 0.000 0.004 0.000 0.000 0.000 0.000 0.000
0.118 0.000 0.000 0.003 0.000 0.000 0.000 0.879 0.000
0.123 0.000 0.000 0.003 0.000 0.000 0.000 0.874 0.000
0.901 0.000 0.000 0.008 0.000 0.000 0.000 0.090 0.000
0.883 0.000 0.000 0.012 0.000 0.000 0.000 0.105 0.000
0.893 0.000 0.000 0.012 0.000 0.000 0.000 0.094 0.000
0.907 0.000 0.000 0.013 0.000 0.000 0.000 0.080 0.000
0.926 0.000 0.000 0.012 0.000 0.000 0.000 0.062 0.000
0.975 0.000 0.000 0.010 0.000 0.000 0.000 0.016 0.000
0.972 0.000 0.000 0.012 0.000 0.000 0.000 0.016 0.000
0.000 0.856 0.008 0.103 0.000 0.000 0.000 0.032 0.001
0.000 0.856 0.007 0.105 0.000 0.000 0.000 0.031 0.001
0.000 0.861 0.007 0.099 0.000 0.000 0.000 0.033 0.001
0.000 0.876 0.006 0.086 0.000 0.000 0.000 0.031 0.000
0.000 0.882 0.004 0.085 0.000 0.000 0.000 0.029 0.000
0.000 0.876 0.003 0.093 0.000 0.000 0.000 0.027 0.000
0.000 0.881 0.003 0.088 0.000 0.000 0.000 0.028 0.000
0.000 0.845 0.003 0.115 0.000 0.000 0.000 0.037 0.000
0.982 0.013 0.000 0.005 0.000 0.000 0.000 0.000 0.000
0.994 0.005 0.000 0.001 0.000 0.000 0.000 0.000 0.000
0.991 0.007 0.000 0.001 0.000 0.000 0.000 0.000 0.000
0.095 0.000 0.000 0.003 0.000 0.000 0.000 0.902 0.000
0.103 0.000 0.000 0.003 0.000 0.000 0.000 0.895 0.000
0.096 0.000 0.000 0.002 0.000 0.000 0.000 0.902 0.000
0.847 0.000 0.000 0.012 0.000 0.000 0.000 0.141 0.000
0.851 0.000 0.000 0.013 0.000 0.000 0.000 0.136 0.000
0.870 0.000 0.000 0.013 0.000 0.000 0.000 0.117 0.000
0.889 0.000 0.000 0.012 0.000 0.000 0.000 0.099 0.000
0.962 0.000 0.000 0.015 0.000 0.000 0.000 0.023 0.000
0.962 0.000 0.000 0.014 0.000 0.000 0.000 0.023 0.000
0.961 0.000 0.000 0.016 0.000 0.000 0.000 0.024 0.000
0.000 0.800 0.009 0.134 0.000 0.000 0.000 0.055 0.002
0.000 0.803 0.008 0.132 0.000 0.000 0.000 0.057 0.001
0.000 0.815 0.007 0.120 0.000 0.000 0.000 0.058 0.001
0.000 0.832 0.007 0.106 0.000 0.000 0.000 0.055 0.000
0.000 0.861 0.005 0.095 0.000 0.000 0.000 0.039 0.000
0.000 0.836 0.005 0.104 0.000 0.000 0.000 0.055 0.000
0.000 0.814 0.003 0.119 0.000 0.000 0.000 0.063 0.000
0.000 0.800 0.003 0.133 0.000 0.000 0.000 0.064 0.000
0.996 0.003 0.000 0.001 0.000 0.000 0.000 0.000 0.000
0.993 0.006 0.000 0.001 0.000 0.000 0.000 0.000 0.000
0.979 0.018 0.000 0.003 0.000 0.000 0.000 0.000 0.000
0.104 0.000 0.000 0.003 0.000 0.000 0.000 0.893 0.000
0.101 0.000 0.000 0.002 0.000 0.000 0.000 0.897 0.000
0.795 0.000 0.000 0.013 0.000 0.000 0.000 0.192 0.000
0.826 0.000 0.000 0.012 0.000 0.000 0.000 0.162 0.000
0.834 0.000 0.000 0.013 0.000 0.000 0.000 0.153 0.000
0.852 0.000 0.000 0.013 0.000 0.000 0.000 0.135 0.000
0.805 0.000 0.000 0.022 0.000 0.000 0.000 0.173 0.000
0.948 0.000 0.000 0.018 0.000 0.000 0.000 0.033 0.000
0.950 0.000 0.000 0.018 0.000 0.000 0.000 0.032 0.000
0.949 0.000 0.000 0.018 0.000 0.000 0.000 0.033 0.000
0.943 0.000 0.000 0.020 0.000 0.000 0.000 0.037 0.000
0.000 0.753 0.008 0.146 0.000 0.000 0.000 0.092 0.001
0.000 0.741 0.008 0.150 0.000 0.000 0.000 0.100 0.001
0.000 0.751 0.013 0.113 0.000 0.000 0.000 0.123 0.000
0.000 0.766 0.007 0.131 0.000 0.000 0.000 0.095 0.000
0.000 0.750 0.004 0.152 0.000 0.000 0.000 0.093 0.000
0.000 0.752 0.004 0.144 0.000 0.000 0.000 0.101 0.000
0.993 0.005 0.000 0.002 0.000 0.000 0.000 0.000 0.000
0.994 0.006 0.000 0.001 0.000 0.000 0.000 0.000 0.000
0.989 0.010 0.000 0.001 0.000 0.000 0.000 0.000 0.000
0.119 0.000 0.000 0.002 0.000 0.000 0.000 0.879 0.000
0.113 0.000 0.000 0.002 0.000 0.000 0.000 0.886 0.000
0.102 0.000 0.000 0.002 0.000 0.000 0.000 0.896 0.000
0.806 0.000 0.000 0.012 0.000 0.000 0.000 0.182 0.000
0.733 0.000 0.000 0.020 0.000 0.000 0.000 0.247 0.000
0.807 0.000 0.000 0.015 0.000 0.000 0.000 0.178 0.000
0.893 0.000 0.000 0.010 0.000 0.000 0.000 0.097 0.000
0.802 0.000 0.000 0.024 0.000 0.000 0.000 0.174 0.000
0.890 0.000 0.000 0.025 0.000 0.000 0.000 0.084 0.000
0.920 0.000 0.000 0.022 0.000 0.000 0.000 0.058 0.000
0.924 0.000 0.000 0.022 0.000 0.000 0.000 0.054 0.000
0.934 0.000 0.000 0.019 0.000 0.000 0.000 0.047 0.000
0.940 0.000 0.000 0.018 0.000 0.000 0.000 0.042 0.000
0.939 0.000 0.000 0.019 0.000 0.000 0.000 0.042 0.000
0.923 0.000 0.000 0.024 0.000 0.000 0.000 0.053 0.000
0.000 0.635 0.009 0.185 0.000 0.000 0.000 0.169 0.001
0.000 0.669 0.007 0.165 0.000 0.000 0.000 0.158 0.001
0.000 0.694 0.005 0.163 0.000 0.000 0.000 0.138 0.000
0.000 0.693 0.004 0.162 0.000 0.000 0.000 0.140 0.000
0.000 0.664 0.004 0.168 0.000 0.000 0.000 0.164 0.000
0.000 0.649 0.003 0.185 0.000 0.000 0.000 0.162 0.000
0.972 0.023 0.000 0.005 0.000 0.000 0.000 0.000 0.000
0.996 0.004 0.000 0.001 0.000 0.000 0.000 0.000 0.000
0.993 0.006 0.000 0.001 0.000 0.000 0.000 0.000 0.000
0.943 0.052 0.000 0.006 0.000 0.000 0.000 0.000 0.000
0.118 0.000 0.000 0.002 0.000 0.000 0.000 0.880 0.000
0.126 0.000 0.000 0.002 0.000 0.000 0.000 0.873 0.000
0.110 0.000 0.000 0.002 0.000 0.000 0.000 0.888 0.000
0.798 0.000 0.000 0.010 0.000 0.000 0.000 0.192 0.000
0.796 0.000 0.000 0.015 0.000 0.000 0.000 0.189 0.000
0.808 0.000 0.000 0.013 0.000 0.000 0.000 0.179 0.000
0.826 0.000 0.000 0.013 0.000 0.000 0.000 0.161 0.000
0.801 0.000 0.000 0.021 0.000 0.000 0.000 0.178 0.000
0.805 0.000 0.000 0.024 0.000 0.000 0.000 0.170 0.000
0.834 0.000 0.000 0.020 0.000 0.000 0.000 0.147 0.000
0.832 0.000 0.000 0.022 0.000 0.000 0.000 0.145 0.000
0.861 0.000 0.000 0.020 0.000 0.000 0.000 0.118 0.000
0.851 0.000 0.000 0.028 0.000 0.000 0.000 0.122 0.000
0.870 0.000 0.000 0.028 0.000 0.000 0.000 0.102 0.000
0.896 0.000 0.000 0.025 0.000 0.000 0.000 0.079 0.000
0.917 0.000 0.000 0.021 0.000 0.000 0.000 0.062 0.000
0.923 0.000 0.000 0.020 0.000 0.000 0.000 0.057 0.000
0.925 0.000 0.000 0.020 0.000 0.000 0.000 0.055 0.000
0.920 0.000 0.000 0.023 0.000 0.000 0.000 0.058 0.000
0.000 0.555 0.007 0.212 0.000 0.000 0.000 0.226 0.001
0.000 0.588 0.006 0.184 0.000 0.000 0.000 0.221 0.000
0.000 0.614 0.005 0.172 0.000 0.000 0.000 0.209 0.000
0.000 0.585 0.004 0.203 0.000 0.000 0.000 0.208 0.000
0.000 0.560 0.003 0.199 0.000 0.000 0.000 0.237 0.000
0.000 0.557 0.003 0.206 0.000 0.000 0.000 0.234 0.000
0.995 0.004 0.000 0.001 0.000 0.000 0.000 0.000 0.000
0.994 0.005 0.000 0.001 0.000 0.000 0.000 0.000 0.000
0.987 0.012 0.000 0.001 0.000 0.000 0.000 0.000 0.000
0.143 0.000 0.000 0.001 0.000 0.000 0.000 0.855 0.000
0.134 0.000 0.000 0.001 0.000 0.000 0.000 0.864 0.000
0.113 0.000 0.000 0.001 0.000 0.000 0.000 0.886 0.000
0.745 0.000 0.000 0.016 0.000 0.000 0.000 0.239 0.000
0.783 0.000 0.000 0.014 0.000 0.000 0.000 0.203 0.000
0.798 0.000 0.000 0.015 0.000 0.000 0.000 0.186 0.000
0.803 0.000 0.000 0.017 0.000 0.000 0.000 0.179 0.000
0.814 0.000 0.000 0.019 0.000 0.000 0.000 0.166 0.000
0.823 0.000 0.000 0.021 0.000 0.000 0.000 0.156 0.000
0.839 0.000 0.000 0.021 0.000 0.000 0.000 0.139 0.000
0.837 0.000 0.000 0.026 0.000 0.000 0.000 0.137 0.000
0.853 0.000 0.000 0.028 0.000 0.000 0.000 0.119 0.000
0.879 0.000 0.000 0.025 0.000 0.000 0.000 0.095 0.000
0.905 0.000 0.000 0.020 0.000 0.000 0.000 0.075 0.000
0.909 0.000 0.000 0.020 0.000 0.000 0.000 0.071 0.000
0.905 0.000 0.000 0.022 0.000 0.000 0.000 0.073 0.000
0.900 0.000 0.000 0.024 0.000 0.000 0.000 0.076 0.000
0.000 0.459 0.006 0.219 0.000 0.000 0.000 0.315 0.001
0.000 0.458 0.006 0.212 0.000 0.000 0.000 0.323 0.001
0.000 0.486 0.005 0.209 0.000 0.000 0.000 0.300 0.000
0.000 0.490 0.003 0.222 0.000 0.000 0.000 0.284 0.000
0.000 0.469 0.003 0.217 0.000 0.000 0.000 0.311 0.000
0.000 0.433 0.002 0.227 0.000 0.000 0.000 0.338 0.000
0.982 0.015 0.000 0.003 0.000 0.000 0.000 0.000 0.000
0.995 0.004 0.000 0.000 0.000 0.000 0.000 0.000 0.000
0.992 0.007 0.000 0.001 0.000 0.000 0.000 0.000 0.000
0.175 0.000 0.000 0.001 0.000 0.000 0.000 0.824 0.000
0.143 0.000 0.000 0.001 0.000 0.000 0.000 0.856 0.000
0.663 0.000 0.000 0.020 0.000 0.000 0.000 0.317 0.000
0.711 0.000 0.000 0.017 0.000 0.000 0.000 0.272 0.000
0.741 0.000 0.000 0.017 0.000 0.000 0.000 0.242 0.000
0.770 0.000 0.000 0.018 0.000 0.000 0.000 0.212 0.000
0.793 0.000 0.000 0.021 0.000 0.000 0.000 0.186 0.000
0.799 0.000 0.000 0.024 0.000 0.000 0.000 0.177 0.000
0.820 0.000 0.000 0.024 0.000 0.000 0.000 0.156 0.000
0.838 0.000 0.000 0.026 0.000 0.000 0.000 0.136 0.000
0.867 0.000 0.000 0.024 0.000 0.000 0.000 0.108 0.000
0.882 0.000 0.000 0.022 0.000 0.000 0.000 0.096 0.000
0.890 0.000 0.000 0.021 0.000 0.000 0.000 0.089 0.000
0.895 0.000 0.000 0.021 0.000 0.000 0.000 0.084 0.000
0.000 0.342 0.005 0.231 0.000 0.000 0.000 0.421 0.001
0.000 0.357 0.005 0.216 0.000 0.000 0.000 0.422 0.001
0.000 0.413 0.004 0.208 0.000 0.000 0.000 0.376 0.000
0.000 0.408 0.003 0.218 0.000 0.000 0.000 0.371 0.000
0.000 0.363 0.002 0.224 0.000 0.000 0.000 0.411 0.000
0.000 0.358 0.002 0.223 0.000 0.000 0.000 0.417 0.000
0.997 0.003 0.000 0.000 0.000 0.000 0.000 0.000 0.000
0.994 0.006 0.000 0.000 0.000 0.000 0.000 0.000 0.000
0.978 0.021 0.000 0.002 0.000 0.000 0.000 0.000 0.000
0.221 0.000 0.000 0.001 0.000 0.000 0.000 0.778 0.000
0.192 0.000 0.000 0.001 0.000 0.000 0.000 0.807 0.000
0.147 0.000 0.000 0.001 0.000 0.000 0.000 0.852 0.000
0.795 0.000 0.000 0.024 0.000 0.000 0.000 0.180 0.000
0.819 0.000 0.000 0.025 0.000 0.000 0.000 0.155 0.000
0.860 0.000 0.000 0.021 0.000 0.000 0.000 0.119 0.000
0.876 0.000 0.000 0.020 0.000 0.000 0.000 0.104 0.000
0.870 0.000 0.000 0.022 0.000 0.000 0.000 0.108 0.000
0.866 0.000 0.000 0.025 0.000 0.000 0.000 0.109 0.000
0.000 0.282 0.003 0.211 0.000 0.000 0.000 0.503 0.001
0.000 0.301 0.003 0.201 0.000 0.000 0.000 0.494 0.000
0.000 0.328 0.003 0.191 0.000 0.000 0.000 0.478 0.000
0.000 0.338 0.002 0.218 0.000 0.000 0.000 0.442 0.000
0.000 0.305 0.002 0.198 0.000 0.000 0.000 0.495 0.000
0.000 0.291 0.001 0.207 0.000 0.000 0.000 0.501 0.000
0.993 0.006 0.000 0.001 0.000 0.000 0.000 0.000 0.000
0.995 0.004 0.000 0.000 0.000 0.000 0.000 0.000 0.000
0.992 0.007 0.000 0.000 0.000 0.000 0.000 0.000 0.000
0.269 0.000 0.000 0.001 0.000 0.000 0.000 0.730 0.000
0.221 0.000 0.000 0.001 0.000 0.000 0.000 0.778 0.000
0.855 0.000 0.000 0.019 0.000 0.000 0.000 0.126 0.000
0.869 0.000 0.000 0.018 0.000 0.000 0.000 0.113 0.000
0.853 0.000 0.000 0.023 0.000 0.000 0.000 0.124 0.000
0.836 0.000 0.000 0.026 0.000 0.000 0.000 0.138 0.000
0.000 0.220 0.002 0.191 0.000 0.000 0.000 0.585 0.001
0.000 0.235 0.002 0.170 0.000 0.000 0.000 0.593 0.000
0.000 0.279 0.002 0.170 0.000 0.000 0.000 0.549 0.000
0.000 0.276 0.001 0.182 0.000 0.000 0.000 0.540 0.000
0.000 0.244 0.001 0.174 0.000 0.000 0.000 0.581 0.000
0.000 0.235 0.001 0.183 0.000 0.000 0.000 0.581 0.000
0.996 0.003 0.000 0.000 0.000 0.000 0.000 0.000 0.000
0.994 0.006 0.000 0.000 0.000 0.000 0.000 0.000 0.000
0.329 0.000 0.000 0.001 0.000 0.000 0.000 0.670 0.000
0.302 0.000 0.000 0.001 0.000 0.000 0.000 0.697 0.000
0.233 0.000 0.000 0.001 0.000 0.000 0.000 0.766 0.000
0.815 0.000 0.000 0.020 0.000 0.000 0.000 0.165 0.000
0.846 0.000 0.000 0.018 0.000 0.000 0.000 0.136 0.000
0.847 0.000 0.000 0.020 0.000 0.000 0.000 0.132 0.000
0.830 0.000 0.000 0.024 0.000 0.000 0.000 0.145 0.000
0.000 0.178 0.001 0.163 0.000 0.000 0.000 0.657 0.001
0.000 0.197 0.001 0.145 0.000 0.000 0.000 0.657 0.000
0.000 0.213 0.001 0.155 0.000 0.000 0.000 0.631 0.000
0.000 0.213 0.001 0.163 0.000 0.000 0.000 0.622 0.000
0.000 0.192 0.001 0.150 0.000 0.000 0.000 0.656 0.000
0.000 0.192 0.000 0.160 0.000 0.000 0.000 0.648 0.000
0.994 0.005 0.000 0.001 0.000 0.000 0.000 0.000 0.000
0.994 0.006 0.000 0.000 0.000 0.000 0.000 0.000 0.000
0.989 0.011 0.000 0.000 0.000 0.000 0.000 0.000 0.000
0.372 0.000 0.000 0.001 0.000 0.000 0.000 0.627 0.000
0.321 0.000 0.000 0.001 0.000 0.000 0.000 0.678 0.000
0.780 0.000 0.000 0.019 0.000 0.000 0.000 0.200 0.000
0.812 0.000 0.000 0.019 0.000 0.000 0.000 0.169 0.000
0.835 0.000 0.000 0.018 0.000 0.000 0.000 0.147 0.000
0.830 0.000 0.000 0.020 0.000 0.000 0.000 0.150 0.000
0.846 0.000 0.000 0.018 0.000 0.000 0.000 0.135 0.000
0.783 0.000 0.000 0.027 0.000 0.000 0.000 0.189 0.000
0.000 0.139 0.001 0.134 0.000 0.000 0.000 0.725 0.001
0.000 0.141 0.001 0.123 0.000 0.000 0.000 0.735 0.000
0.000 0.161 0.001 0.136 0.000 0.000 0.000 0.702 0.000
0.000 0.165 0.000 0.146 0.000 0.000 0.000 0.688 0.000
0.000 0.156 0.000 0.134 0.000 0.000 0.000 0.709 0.000
0.000 0.132 0.000 0.138 0.000 0.000 0.000 0.730 0.000
0.985 0.013 0.000 0.001 0.000 0.000 0.000 0.000 0.000
0.996 0.004 0.000 0.000 0.000 0.000 0.000 0.000 0.000
0.992 0.008 0.000 0.000 0.000 0.000 0.000 0.000 0.000
0.472 0.000 0.000 0.001 0.000 0.000 0.000 0.528 0.000
0.397 0.000 0.000 0.001 0.000 0.000 0.000 0.602 0.000
0.328 0.000 0.000 0.001 0.000 0.000 0.000 0.671 0.000
0.708 0.000 0.000 0.023 0.000 0.000 0.000 0.269 0.000
0.756 0.000 0.000 0.022 0.000 0.000 0.000 0.222 0.000
0.806 0.000 0.000 0.018 0.000 0.000 0.000 0.176 0.000
0.835 0.000 0.000 0.019 0.000 0.000 0.000 0.146 0.000
0.839 0.000 0.000 0.017 0.000 0.000 0.000 0.143 0.000
0.845 0.000 0.000 0.017 0.000 0.000 0.000 0.137 0.000
0.000 0.097 0.000 0.110 0.000 0.000 0.000 0.792 0.001
0.000 0.112 0.000 0.110 0.000 0.000 0.000 0.778 0.000
0.000 0.132 0.000 0.115 0.000 0.000 0.000 0.753 0.000
0.000 0.127 0.000 0.120 0.000 0.000 0.000 0.753 0.000
0.000 0.115 0.000 0.110 0.000 0.000 0.000 0.774 0.000
0.000 0.113 0.000 0.110 0.000 0.000 0.000 0.777 0.000
0.997 0.003 0.000 0.000 0.000 0.000 0.000 0.000 0.000
0.994 0.006 0.000 0.000 0.000 0.000 0.000 0.000 0.000
0.978 0.021 0.000 0.001 0.000 0.000 0.000 0.000 0.000
0.510 0.000 0.000 0.001 0.000 0.000 0.000 0.489 0.000
0.414 0.000 0.000 0.001 0.000 0.000 0.000 0.586 0.000
0.670 0.000 0.000 0.027 0.000 0.000 0.000 0.302 0.000
0.713 0.000 0.000 0.030 0.000 0.000 0.000 0.256 0.000
0.786 0.000 0.000 0.022 0.000 0.000 0.000 0.192 0.000
0.819 0.000 0.000 0.022 0.000 0.000 0.000 0.158 0.000
0.825 0.000 0.000 0.022 0.000 0.000 0.000 0.153 0.000
0.817 0.000 0.000 0.020 0.000 0.000 0.000 0.163 0.000
0.000 0.075 0.000 0.094 0.000 0.000 0.000 0.830 0.000
0.000 0.082 0.000 0.089 0.000 0.000 0.000 0.828 0.000
0.000 0.091 0.000 0.087 0.000 0.000 0.000 0.822 0.000
0.000 0.086 0.000 0.095 0.000 0.000 0.000 0.819 0.000
0.000 0.081 0.000 0.087 0.000 0.000 0.000 0.832 0.000
0.000 0.081 0.000 0.095 0.000 0.000 0.000 0.824 0.000
0.988 0.012 0.000 0.001 0.000 0.000 0.000 0.000 0.000
0.994 0.006 0.000 0.000 0.000 0.000 0.000 0.000 0.000
0.992 0.008 0.000 0.000 0.000 0.000 0.000 0.000 0.000
0.620 0.000 0.000 0.000 0.000 0.000 0.000 0.379 0.000
0.527 0.000 0.000 0.000 0.000 0.000 0.000 0.473 0.000
0.428 0.000 0.000 0.001 0.000 0.000 0.000 0.572 0.000
0.669 0.000 0.000 0.032 0.000 0.000 0.000 0.299 0.000
0.740 0.000 0.000 0.028 0.000 0.000 0.000 0.232 0.000
0.796 0.000 0.000 0.024 0.000 0.000 0.000 0.180 0.000
0.812 0.000 0.000 0.022 0.000 0.000 0.000 0.166 0.000
0.799 0.000 0.000 0.021 0.000 0.000 0.000 0.180 0.000
0.793 0.000 0.000 0.021 0.000 0.000 0.000 0.185 0.000
0.000 0.055 0.000 0.072 0.000 0.000 0.000 0.873 0.000
0.000 0.057 0.000 0.071 0.000 0.000 0.000 0.872 0.000
0.000 0.066 0.000 0.081 0.000 0.000 0.000 0.853 0.000
0.000 0.063 0.000 0.079 0.000 0.000 0.000 0.858 0.000
0.000 0.061 0.000 0.068 0.000 0.000 0.000 0.871 0.000
0.951 0.047 0.000 0.002 0.000 0.000 0.000 0.000 0.000
0.996 0.004 0.000 0.000 0.000 0.000 0.000 0.000 0.000
0.993 0.007 0.000 0.000 0.000 0.000 0.000 0.000 0.000
0.972 0.028 0.000 0.001 0.000 0.000 0.000 0.000 0.000
0.681 0.000 0.000 0.000 0.000 0.000 0.000 0.318 0.000
0.652 0.000 0.000 0.000 0.000 0.000 0.000 0.347 0.000
0.551 0.000 0.000 0.000 0.000 0.000 0.000 0.448 0.000
0.662 0.000 0.000 0.028 0.000 0.000 0.000 0.309 0.000
0.713 0.000 0.000 0.030 0.000 0.000 0.000 0.256 0.000
0.785 0.000 0.000 0.025 0.000 0.000 0.000 0.190 0.000
0.790 0.000 0.000 0.024 0.000 0.000 0.000 0.186 0.000
0.785 0.000 0.000 0.021 0.000 0.000 0.000 0.193 0.000
0.790 0.000 0.000 0.019 0.000 0.000 0.000 0.191 0.000
0.000 0.039 0.000 0.056 0.000 0.000 0.000 0.904 0.000
0.000 0.048 0.000 0.060 0.000 0.000 0.000 0.891 0.000
0.000 0.050 0.000 0.060 0.000 0.000 0.000 0.890 0.000
0.000 0.049 0.000 0.068 0.000 0.000 0.000 0.883 0.000
0.000 0.047 0.000 0.058 0.000 0.000 0.000 0.895 0.000
0.994 0.005 0.000 0.000 0.000 0.000 0.000 0.000 0.000
0.994 0.006 0.000 0.000 0.000 0.000 0.000 0.000 0.000
0.987 0.013 0.000 0.000 0.000 0.000 0.000 0.000 0.000
0.740 0.000 0.000 0.000 0.000 0.000 0.000 0.260 0.000
0.693 0.000 0.000 0.000 0.000 0.000 0.000 0.307 0.000
0.575 0.000 0.000 0.000 0.000 0.000 0.000 0.424 0.000
0.700 0.000 0.000 0.030 0.000 0.000 0.000 0.269 0.000
0.762 0.000 0.000 0.026 0.000 0.000 0.000 0.212 0.000
0.785 0.000 0.000 0.027 0.000 0.000 0.000 0.188 0.000
0.783 0.000 0.000 0.028 0.000 0.000 0.000 0.188 0.000
0.774 0.000 0.000 0.023 0.000 0.000 0.000 0.202 0.000
0.000 0.031 0.000 0.046 0.000 0.000 0.000 0.923 0.000
0.000 0.034 0.000 0.046 0.000 0.000 0.000 0.920 0.000
0.000 0.039 0.000 0.051 0.000 0.000 0.000 0.910 0.000
0.000 0.038 0.000 0.052 0.000 0.000 0.000 0.910 0.000
0.000 0.038 0.000 0.047 0.000 0.000 0.000 0.915 0.000
0.977 0.022 0.000 0.001 0.000 0.000 0.000 0.000 0.000
0.995 0.005 0.000 0.000 0.000 0.000 0.000 0.000 0.000
0.991 0.009 0.000 0.000 0.000 0.000 0.000 0.000 0.000
0.796 0.001 0.000 0.000 0.000 0.000 0.000 0.204 0.000
0.770 0.000 0.000 0.000 0.000 0.000 0.000 0.230 0.000
0.712 0.000 0.000 0.000 0.000 0.000 0.000 0.288 0.000
0.609 0.000 0.000 0.033 0.000 0.000 0.000 0.358 0.000
0.675 0.000 0.000 0.035 0.000 0.000 0.000 0.290 0.000
0.720 0.000 0.000 0.031 0.000 0.000 0.000 0.249 0.000
0.747 0.000 0.000 0.031 0.000 0.000 0.000 0.222 0.000
0.754 0.000 0.000 0.029 0.000 0.000 0.000 0.217 0.000
0.739 0.000 0.000 0.026 0.000 0.000 0.000 0.234 0.000
0.000 0.022 0.000 0.041 0.000 0.000 0.000 0.937 0.000
0.000 0.023 0.000 0.036 0.000 0.000 0.000 0.941 0.000
0.000 0.028 0.000 0.042 0.000 0.000 0.000 0.930 0.000
0.000 0.031 0.000 0.045 0.000 0.000 0.000 0.924 0.000
0.000 0.028 0.000 0.040 0.000 0.000 0.000 0.932 0.000
0.000 0.027 0.000 0.040 0.000 0.000 0.000 0.933 0.000
0.995 0.005 0.000 0.000 0.000 0.000 0.000 0.000 0.000
0.992 0.008 0.000 0.000 0.000 0.000 0.000 0.000 0.000
0.981 0.019 0.000 0.000 0.000 0.000 0.000 0.000 0.000
0.829 0.001 0.000 0.000 0.000 0.000 0.000 0.170 0.000
0.791 0.001 0.000 0.000 0.000 0.000 0.000 0.208 0.000
0.716 0.001 0.000 0.000 0.000 0.000 0.000 0.283 0.000
0.655 0.000 0.000 0.034 0.000 0.000 0.000 0.311 0.000
0.695 0.000 0.000 0.034 0.000 0.000 0.000 0.271 0.000
0.739 0.000 0.000 0.031 0.000 0.000 0.000 0.230 0.000
0.757 0.000 0.000 0.029 0.000 0.000 0.000 0.214 0.000
0.000 0.019 0.000 0.035 0.000 0.000 0.000 0.946 0.000
0.000 0.021 0.000 0.032 0.000 0.000 0.000 0.948 0.000
0.000 0.023 0.000 0.034 0.000 0.000 0.000 0.943 0.000
0.000 0.026 0.000 0.040 0.000 0.000 0.000 0.934 0.000
0.000 0.026 0.000 0.040 0.000 0.000 0.000 0.934 0.000
0.981 0.018 0.000 0.000 0.000 0.000 0.000 0.000 0.000
0.993 0.007 0.000 0.000 0.000 0.000 0.000 0.000 0.000
0.991 0.009 0.000 0.000 0.000 0.000 0.000 0.000 0.000
0.859 0.001 0.000 0.000 0.000 0.000 0.000 0.139 0.000
0.849 0.001 0.000 0.000 0.000 0.000 0.000 0.150 0.000
0.798 0.001 0.000 0.000 0.000 0.000 0.000 0.202 0.000
0.660 0.000 0.000 0.037 0.000 0.000 0.000 0.302 0.000
0.725 0.000 0.000 0.032 0.000 0.000 0.000 0.242 0.000
0.742 0.000 0.000 0.028 0.000 0.000 0.000 0.230 0.000
0.729 0.000 0.000 0.034 0.000 0.000 0.000 0.236 0.000
0.735 0.000 0.000 0.034 0.000 0.000 0.000 0.230 0.000
0.000 0.017 0.000 0.027 0.000 0.000 0.000 0.956 0.000
0.000 0.018 0.000 0.025 0.000 0.000 0.000 0.957 0.000
0.000 0.021 0.000 0.028 0.000 0.000 0.000 0.951 0.000
0.000 0.021 0.000 0.027 0.000 0.000 0.000 0.952 0.000
0.000 0.021 0.000 0.028 0.000 0.000 0.000 0.951 0.000
0.995 0.005 0.000 0.000 0.000 0.000 0.000 0.000 0.000
0.991 0.009 0.000 0.000 0.000 0.000 0.000 0.000 0.000
0.971 0.029 0.000 0.000 0.000 0.000 0.000 0.000 0.000
0.885 0.001 0.000 0.000 0.000 0.000 0.000 0.114 0.000
0.860 0.001 0.000 0.000 0.000 0.000 0.000 0.139 0.000
0.801 0.001 0.000 0.000 0.000 0.000 0.000 0.198 0.000
0.654 0.000 0.000 0.037 0.000 0.000 0.000 0.308 0.000
0.716 0.000 0.000 0.033 0.000 0.000 0.000 0.251 0.000
0.717 0.000 0.000 0.032 0.000 0.000 0.000 0.250 0.000
0.713 0.000 0.000 0.032 0.000 0.000 0.000 0.254 0.000
0.711 0.001 0.000 0.033 0.000 0.000 0.000 0.255 0.000
0.000 0.013 0.000 0.020 0.000 0.000 0.000 0.968 0.000
0.000 0.015 0.000 0.020 0.000 0.000 0.000 0.965 0.000
0.000 0.020 0.000 0.024 0.000 0.000 0.000 0.956 0.000
0.000 0.022 0.000 0.025 0.000 0.000 0.000 0.953 0.000
0.000 0.025 0.000 0.026 0.000 0.000 0.000 0.949 0.000
0.991 0.009 0.000 0.000 0.000 0.000 0.000 0.000 0.000
0.991 0.009 0.000 0.000 0.000 0.000 0.000 0.000 0.000
0.984 0.016 0.000 0.000 0.000 0.000 0.000 0.000 0.000
0.913 0.001 0.000 0.000 0.000 0.000 0.000 0.085 0.000
0.903 0.001 0.000 0.000 0.000 0.000 0.000 0.096 0.000
0.869 0.001 0.000 0.000 0.000 0.000 0.000 0.130 0.000
0.621 0.000 0.000 0.039 0.000 0.000 0.000 0.339 0.000
0.691 0.000 0.000 0.035 0.000 0.000 0.000 0.273 0.000
0.718 0.000 0.000 0.029 0.000 0.000 0.000 0.252 0.000
0.705 0.000 0.000 0.031 0.000 0.000 0.000 0.263 0.000
0.678 0.001 0.000 0.033 0.000 0.000 0.000 0.288 0.000
0.643 0.001 0.000 0.037 0.000 0.000 0.000 0.318 0.000
0.000 0.011 0.000 0.017 0.000 0.000 0.000 0.972 0.000
0.000 0.013 0.000 0.017 0.000 0.000 0.000 0.970 0.000
0.000 0.018 0.000 0.018 0.000 0.000 0.000 0.964 0.000
0.000 0.023 0.000 0.022 0.000 0.000 0.000 0.955 0.000
0.000 0.026 0.000 0.024 0.000 0.000 0.000 0.950 0.000
0.000 0.029 0.000 0.024 0.000 0.000 0.000 0.947 0.000
0.994 0.006 0.000 0.000 0.000 0.000 0.000 0.000 0.000
0.990 0.010 0.000 0.000 0.000 0.000 0.000 0.000 0.000
0.928 0.002 0.000 0.000 0.000 0.000 0.000 0.070 0.000
0.907 0.002 0.000 0.000 0.000 0.000 0.000 0.092 0.000
0.619 0.000 0.000 0.042 0.000 0.000 0.000 0.339 0.000
0.659 0.000 0.000 0.036 0.000 0.000 0.000 0.304 0.000
0.699 0.000 0.000 0.026 0.000 0.000 0.000 0.274 0.000
0.712 0.000 0.000 0.023 0.000 0.000 0.000 0.264 0.000
0.669 0.001 0.000 0.027 0.000 0.000 0.000 0.303 0.000
0.000 0.013 0.000 0.015 0.000 0.000 0.000 0.972 0.000
0.000 0.017 0.000 0.016 0.000 0.000 0.000 0.968 0.000
0.000 0.021 0.000 0.016 0.000 0.000 0.000 0.962 0.000
0.000 0.027 0.000 0.019 0.000 0.000 0.000 0.954 0.000
0.000 0.030 0.000 0.021 0.000 0.000 0.000 0.949 0.000
0.000 0.037 0.000 0.024 0.000 0.000 0.000 0.939 0.000
0.991 0.009 0.000 0.000 0.000 0.000 0.000 0.000 0.000
0.990 0.010 0.000 0.000 0.000 0.000 0.000 0.000 0.000
0.981 0.019 0.000 0.000 0.000 0.000 0.000 0.000 0.000
0.945 0.002 0.000 0.000 0.000 0.000 0.000 0.052 0.000
0.932 0.002 0.000 0.000 0.000 0.000 0.000 0.066 0.000
0.647 0.001 0.000 0.038 0.000 0.000 0.000 0.314 0.000
0.660 0.001 0.000 0.031 0.000 0.000 0.000 0.308 0.000
0.650 0.001 0.000 0.033 0.000 0.000 0.000 0.316 0.000
0.626 0.001 0.000 0.034 0.000 0.000 0.000 0.339 0.000
0.593 0.001 0.000 0.041 0.000 0.000 0.000 0.364 0.000
0.000 0.015 0.000 0.012 0.000 0.000 0.000 0.973 0.000
0.000 0.019 0.000 0.014 0.000 0.000 0.000 0.967 0.000
0.000 0.025 0.000 0.016 0.000 0.000 0.000 0.959 0.000
0.000 0.030 0.000 0.018 0.000 0.000 0.000 0.951 0.000
0.000 0.035 0.000 0.018 0.000 0.000 0.000 0.948 0.000
0.974 0.025 0.000 0.000 0.000 0.000 0.000 0.000 0.000
0.992 0.008 0.000 0.000 0.000 0.000 0.000 0.000 0.000
0.986 0.014 0.000 0.000 0.000 0.000 0.000 0.000 0.000
0.956 0.003 0.000 0.000 0.000 0.000 0.000 0.041 0.000
0.952 0.003 0.000 0.000 0.000 0.000 0.000 0.046 0.000
0.936 0.003 0.000 0.000 0.000 0.000 0.000 0.062 0.000
0.608 0.001 0.000 0.036 0.000 0.000 0.000 0.356 0.000
0.618 0.001 0.000 0.036 0.000 0.000 0.000 0.344 0.000
0.648 0.001 0.000 0.028 0.000 0.000 0.000 0.324 0.000
0.649 0.001 0.000 0.030 0.000 0.000 0.000 0.321 0.000
0.623 0.001 0.000 0.033 0.000 0.000 0.000 0.342 0.000
0.000 0.014 0.000 0.013 0.000 0.000 0.000 0.973 0.000
0.000 0.018 0.000 0.013 0.000 0.000 0.000 0.969 0.000
0.000 0.026 0.000 0.014 0.000 0.000 0.000 0.960 0.000
0.000 0.033 0.000 0.016 0.000 0.000 0.000 0.951 0.000
0.000 0.038 0.000 0.018 0.000 0.000 0.000 0.944 0.000
0.000 0.042 0.000 0.019 0.000 0.000 0.000 0.939 0.000
0.994 0.006 0.000 0.000 0.000 0.000 0.000 0.000 0.000
0.989 0.011 0.000 0.000 0.000 0.000 0.000 0.000 0.000
0.952 0.048 0.000 0.000 0.000 0.000 0.000 0.000 0.000
0.966 0.005 0.000 0.000 0.000 0.000 0.000 0.030 0.000
0.961 0.004 0.000 0.000 0.000 0.000 0.000 0.035 0.000
0.950 0.004 0.000 0.000 0.000 0.000 0.000 0.046 0.000
