0.605 0.000 0.000 0.395 0.000 0.000 0.000 0.000 0.000
0.906 0.000 0.000 0.094 0.000 0.000 0.000 0.000 0.000
0.927 0.000 0.000 0.073 0.000 0.000 0.000 0.000 0.000
0.997 0.000 0.000 0.003 0.000 0.000 0.000 0.000 0.000
0.996 0.000 0.000 0.004 0.000 0.000 0.000 0.000 0.000
0.994 0.000 0.000 0.005 0.000 0.000 0.000 0.000 0.000
0.995 0.000 0.000 0.005 0.000 0.000 0.000 0.000 0.000
0.995 0.000 0.000 0.004 0.000 0.000 0.000 0.000 0.000
0.000 0.971 0.026 0.003 0.000 0.000 0.000 0.000 0.000
0.000 0.975 0.022 0.003 0.000 0.000 0.000 0.000 0.000
0.000 0.976 0.021 0.003 0.000 0.000 0.000 0.000 0.000
0.000 0.982 0.016 0.003 0.000 0.000 0.000 0.000 0.000
0.000 0.981 0.016 0.003 0.000 0.000 0.000 0.000 0.000
0.000 0.980 0.017 0.003 0.000 0.000 0.000 0.000 0.000
0.000 0.986 0.011 0.003 0.000 0.000 0.000 0.000 0.000
0.000 0.990 0.007 0.002 0.000 0.000 0.000 0.000 0.000
0.000 0.995 0.003 0.001 0.000 0.000 0.000 0.000 0.000
0.869 0.000 0.000 0.131 0.000 0.000 0.000 0.000 0.000
0.936 0.000 0.000 0.064 0.000 0.000 0.000 0.000 0.000
0.888 0.000 0.000 0.112 0.000 0.000 0.000 0.000 0.000
0.998 0.000 0.000 0.002 0.000 0.000 0.000 0.000 0.000
0.997 0.000 0.000 0.003 0.000 0.000 0.000 0.000 0.000
0.995 0.000 0.000 0.004 0.000 0.000 0.000 0.000 0.000
0.995 0.000 0.000 0.005 0.000 0.000 0.000 0.000 0.000
0.995 0.000 0.000 0.005 0.000 0.000 0.000 0.000 0.000
0.995 0.000 0.000 0.004 0.000 0.000 0.000 0.000 0.000
0.000 0.963 0.032 0.004 0.000 0.000 0.000 0.000 0.000
0.000 0.964 0.032 0.004 0.000 0.000 0.000 0.000 0.000
0.000 0.966 0.029 0.004 0.000 0.000 0.000 0.000 0.000
0.000 0.972 0.023 0.004 0.000 0.000 0.000 0.000 0.000
0.000 0.978 0.018 0.004 0.000 0.000 0.000 0.000 0.000
0.000 0.986 0.010 0.003 0.000 0.000 0.000 0.000 0.000
0.000 0.992 0.006 0.003 0.000 0.000 0.000 0.000 0.000
0.000 0.991 0.006 0.003 0.000 0.000 0.000 0.000 0.000
0.000 0.994 0.004 0.002 0.000 0.000 0.000 0.000 0.000
0.713 0.000 0.000 0.286 0.000 0.000 0.000 0.000 0.000
0.947 0.000 0.000 0.053 0.000 0.000 0.000 0.000 0.000
0.953 0.000 0.000 0.047 0.000 0.000 0.000 0.000 0.000
0.998 0.000 0.000 0.001 0.000 0.000 0.000 0.001 0.000
0.998 0.000 0.000 0.002 0.000 0.000 0.000 0.001 0.000
0.996 0.000 0.000 0.003 0.000 0.000 0.000 0.001 0.000
0.995 0.000 0.000 0.004 0.000 0.000 0.000 0.001 0.000
0.995 0.000 0.000 0.005 0.000 0.000 0.000 0.001 0.000
0.996 0.000 0.000 0.003 0.000 0.000 0.000 0.001 0.000
0.996 0.000 0.000 0.004 0.000 0.000 0.000 0.001 0.000
0.994 0.000 0.000 0.005 0.000 0.000 0.000 0.001 0.000
0.000 0.945 0.048 0.007 0.000 0.000 0.000 0.000 0.000
0.000 0.955 0.038 0.007 0.000 0.000 0.000 0.000 0.000
0.000 0.966 0.028 0.006 0.000 0.000 0.000 0.000 0.000
0.000 0.981 0.014 0.004 0.000 0.000 0.000 0.000 0.000
0.000 0.986 0.010 0.004 0.000 0.000 0.000 0.000 0.000
0.000 0.987 0.009 0.004 0.000 0.000 0.000 0.000 0.000
0.000 0.986 0.010 0.005 0.000 0.000 0.000 0.000 0.000
0.000 0.987 0.008 0.004 0.000 0.000 0.000 0.000 0.000
0.000 0.990 0.006 0.004 0.000 0.000 0.000 0.000 0.000
0.679 0.001 0.000 0.320 0.000 0.000 0.000 0.000 0.000
0.926 0.000 0.000 0.074 0.000 0.000 0.000 0.000 0.000
0.966 0.000 0.000 0.034 0.000 0.000 0.000 0.000 0.000
0.899 0.001 0.000 0.101 0.000 0.000 0.000 0.000 0.000
0.998 0.000 0.000 0.001 0.000 0.000 0.000 0.001 0.000
0.998 0.000 0.000 0.001 0.000 0.000 0.000 0.001 0.000
0.997 0.000 0.000 0.002 0.000 0.000 0.000 0.001 0.000
0.996 0.000 0.000 0.003 0.000 0.000 0.000 0.001 0.000
0.995 0.000 0.000 0.004 0.000 0.000 0.000 0.001 0.000
0.996 0.000 0.000 0.003 0.000 0.000 0.000 0.001 0.000
0.996 0.000 0.000 0.003 0.000 0.000 0.000 0.001 0.000
0.995 0.000 0.000 0.004 0.000 0.000 0.000 0.001 0.000
0.994 0.000 0.000 0.005 0.000 0.000 0.000 0.001 0.000
0.990 0.000 0.000 0.009 0.000 0.000 0.000 0.001 0.000
0.988 0.000 0.000 0.012 0.000 0.000 0.000 0.001 0.000
0.000 0.962 0.031 0.007 0.000 0.000 0.000 0.000 0.000
0.000 0.977 0.017 0.006 0.000 0.000 0.000 0.000 0.000
0.000 0.976 0.017 0.007 0.000 0.000 0.000 0.000 0.000
0.000 0.980 0.015 0.006 0.000 0.000 0.000 0.000 0.000
0.000 0.981 0.013 0.006 0.000 0.000 0.000 0.000 0.000
0.000 0.984 0.010 0.006 0.000 0.000 0.000 0.000 0.000
0.000 0.984 0.010 0.006 0.000 0.000 0.000 0.000 0.000
0.000 0.984 0.009 0.007 0.000 0.000 0.000 0.000 0.000
0.000 0.984 0.010 0.007 0.000 0.000 0.000 0.000 0.000
0.893 0.000 0.000 0.107 0.000 0.000 0.000 0.000 0.000
0.964 0.000 0.000 0.035 0.000 0.000 0.000 0.000 0.000
0.959 0.000 0.000 0.041 0.000 0.000 0.000 0.000 0.000
0.996 0.000 0.000 0.002 0.000 0.000 0.000 0.003 0.000
0.996 0.000 0.000 0.002 0.000 0.000 0.000 0.002 0.000
0.996 0.000 0.000 0.002 0.000 0.000 0.000 0.002 0.000
0.994 0.000 0.000 0.005 0.000 0.000 0.000 0.001 0.000
0.992 0.000 0.000 0.006 0.000 0.000 0.000 0.002 0.000
0.991 0.000 0.000 0.007 0.000 0.000 0.000 0.002 0.000
0.984 0.000 0.000 0.014 0.000 0.000 0.000 0.001 0.000
0.977 0.000 0.000 0.021 0.000 0.000 0.000 0.002 0.000
0.000 0.973 0.019 0.008 0.000 0.000 0.000 0.000 0.000
0.000 0.969 0.022 0.009 0.000 0.000 0.000 0.000 0.000
0.000 0.966 0.024 0.010 0.000 0.000 0.000 0.000 0.000
0.000 0.973 0.018 0.009 0.000 0.000 0.000 0.000 0.000
0.000 0.981 0.011 0.008 0.000 0.000 0.000 0.000 0.000
0.000 0.981 0.011 0.009 0.000 0.000 0.000 0.000 0.000
0.000 0.981 0.010 0.009 0.000 0.000 0.000 0.000 0.000
0.000 0.979 0.011 0.010 0.000 0.000 0.000 0.000 0.000
0.000 0.976 0.013 0.011 0.000 0.000 0.000 0.000 0.000
0.814 0.001 0.000 0.185 0.000 0.000 0.000 0.000 0.000
0.965 0.000 0.000 0.035 0.000 0.000 0.000 0.000 0.000
0.974 0.000 0.000 0.026 0.000 0.000 0.000 0.000 0.000
0.988 0.000 0.000 0.003 0.000 0.000 0.000 0.009 0.000
0.992 0.000 0.000 0.002 0.000 0.000 0.000 0.006 0.000
0.993 0.000 0.000 0.002 0.000 0.000 0.000 0.005 0.000
0.993 0.000 0.000 0.002 0.000 0.000 0.000 0.005 0.000
0.992 0.000 0.000 0.006 0.000 0.000 0.000 0.002 0.000
0.989 0.000 0.000 0.008 0.000 0.000 0.000 0.003 0.000
0.986 0.000 0.000 0.010 0.000 0.000 0.000 0.003 0.000
0.983 0.000 0.000 0.013 0.000 0.000 0.000 0.004 0.000
0.969 0.000 0.000 0.026 0.000 0.000 0.000 0.005 0.000
0.000 0.966 0.023 0.011 0.000 0.000 0.000 0.000 0.000
0.000 0.968 0.020 0.012 0.000 0.000 0.000 0.000 0.000
0.000 0.956 0.029 0.015 0.000 0.000 0.000 0.000 0.000
0.000 0.961 0.025 0.014 0.000 0.000 0.000 0.000 0.000
0.000 0.971 0.016 0.012 0.000 0.000 0.000 0.000 0.000
0.000 0.976 0.012 0.011 0.000 0.000 0.000 0.000 0.000
0.000 0.974 0.012 0.013 0.000 0.000 0.000 0.000 0.000
0.000 0.971 0.014 0.015 0.000 0.000 0.000 0.000 0.000
0.000 0.969 0.015 0.016 0.000 0.000 0.000 0.000 0.000
0.938 0.000 0.000 0.062 0.000 0.000 0.000 0.000 0.000
0.976 0.000 0.000 0.024 0.000 0.000 0.000 0.000 0.000
0.966 0.000 0.000 0.033 0.000 0.000 0.000 0.000 0.000
0.977 0.000 0.000 0.004 0.000 0.000 0.000 0.019 0.000
0.979 0.000 0.000 0.003 0.000 0.000 0.000 0.018 0.000
0.980 0.000 0.000 0.002 0.000 0.000 0.000 0.018 0.000
0.978 0.000 0.000 0.003 0.000 0.000 0.000 0.019 0.000
0.983 0.000 0.000 0.003 0.000 0.000 0.000 0.015 0.000
0.985 0.000 0.000 0.002 0.000 0.000 0.000 0.012 0.000
0.988 0.000 0.000 0.002 0.000 0.000 0.000 0.010 0.000
0.989 0.000 0.000 0.002 0.000 0.000 0.000 0.009 0.000
0.989 0.000 0.000 0.003 0.000 0.000 0.000 0.008 0.000
0.990 0.000 0.000 0.007 0.000 0.000 0.000 0.004 0.000
0.988 0.000 0.000 0.008 0.000 0.000 0.000 0.004 0.000
0.983 0.000 0.000 0.012 0.000 0.000 0.000 0.005 0.000
0.983 0.000 0.000 0.013 0.000 0.000 0.000 0.005 0.000
0.978 0.000 0.000 0.017 0.000 0.000 0.000 0.005 0.000
0.972 0.000 0.000 0.024 0.000 0.000 0.000 0.005 0.000
0.000 0.942 0.037 0.020 0.000 0.000 0.000 0.000 0.000
0.000 0.939 0.038 0.023 0.000 0.000 0.000 0.000 0.000
0.000 0.940 0.037 0.022 0.000 0.000 0.000 0.000 0.000
0.000 0.964 0.019 0.017 0.000 0.000 0.000 0.000 0.000
0.000 0.966 0.016 0.018 0.000 0.000 0.000 0.000 0.000
0.000 0.970 0.012 0.017 0.000 0.000 0.000 0.000 0.000
0.000 0.963 0.015 0.022 0.000 0.000 0.000 0.000 0.000
0.000 0.960 0.016 0.024 0.000 0.000 0.000 0.000 0.000
0.882 0.001 0.000 0.117 0.000 0.000 0.000 0.000 0.000
0.976 0.000 0.000 0.024 0.000 0.000 0.000 0.000 0.000
0.978 0.000 0.000 0.022 0.000 0.000 0.000 0.000 0.000
0.961 0.000 0.000 0.003 0.000 0.000 0.000 0.035 0.000
0.962 0.000 0.000 0.003 0.000 0.000 0.000 0.036 0.000
0.969 0.000 0.000 0.003 0.000 0.000 0.000 0.028 0.000
0.974 0.000 0.000 0.003 0.000 0.000 0.000 0.023 0.000
0.979 0.000 0.000 0.003 0.000 0.000 0.000 0.019 0.000
0.981 0.000 0.000 0.003 0.000 0.000 0.000 0.016 0.000
0.980 0.000 0.000 0.003 0.000 0.000 0.000 0.016 0.000
0.981 0.000 0.000 0.004 0.000 0.000 0.000 0.015 0.000
0.977 0.000 0.000 0.007 0.000 0.000 0.000 0.017 0.000
0.987 0.000 0.000 0.007 0.000 0.000 0.000 0.005 0.000
0.984 0.000 0.000 0.010 0.000 0.000 0.000 0.006 0.000
0.981 0.000 0.000 0.012 0.000 0.000 0.000 0.007 0.000
0.978 0.000 0.000 0.015 0.000 0.000 0.000 0.007 0.000
0.970 0.000 0.000 0.023 0.000 0.000 0.000 0.008 0.000
0.968 0.000 0.000 0.025 0.000 0.000 0.000 0.007 0.000
0.000 0.934 0.038 0.028 0.000 0.000 0.000 0.000 0.000
0.000 0.929 0.039 0.031 0.000 0.000 0.000 0.000 0.000
0.000 0.924 0.044 0.032 0.000 0.000 0.000 0.000 0.000
0.000 0.945 0.028 0.027 0.000 0.000 0.000 0.000 0.000
0.000 0.954 0.020 0.025 0.000 0.000 0.000 0.000 0.000
0.000 0.961 0.015 0.023 0.000 0.000 0.000 0.000 0.000
0.000 0.955 0.015 0.029 0.000 0.000 0.000 0.000 0.000
0.000 0.944 0.022 0.033 0.000 0.000 0.000 0.000 0.000
0.850 0.002 0.000 0.147 0.000 0.000 0.000 0.000 0.000
0.969 0.000 0.000 0.031 0.000 0.000 0.000 0.000 0.000
0.983 0.000 0.000 0.017 0.000 0.000 0.000 0.000 0.000
0.929 0.000 0.000 0.004 0.000 0.000 0.000 0.067 0.000
0.929 0.000 0.000 0.003 0.000 0.000 0.000 0.068 0.000
0.929 0.000 0.000 0.003 0.000 0.000 0.000 0.069 0.000
0.963 0.000 0.000 0.003 0.000 0.000 0.000 0.034 0.000
0.966 0.000 0.000 0.003 0.000 0.000 0.000 0.031 0.000
0.968 0.000 0.000 0.003 0.000 0.000 0.000 0.029 0.000
0.960 0.000 0.000 0.006 0.000 0.000 0.000 0.034 0.000
0.986 0.000 0.000 0.002 0.000 0.000 0.000 0.012 0.000
0.994 0.000 0.000 0.001 0.000 0.000 0.000 0.004 0.000
0.984 0.000 0.000 0.008 0.000 0.000 0.000 0.008 0.000
0.980 0.000 0.000 0.011 0.000 0.000 0.000 0.009 0.000
0.978 0.000 0.000 0.012 0.000 0.000 0.000 0.010 0.000
0.974 0.000 0.000 0.015 0.000 0.000 0.000 0.010 0.000
0.967 0.000 0.000 0.021 0.000 0.000 0.000 0.012 0.000
0.958 0.000 0.000 0.029 0.000 0.000 0.000 0.012 0.000
0.000 0.918 0.040 0.040 0.000 0.000 0.000 0.000 0.001
0.000 0.899 0.051 0.050 0.000 0.000 0.000 0.000 0.001
0.000 0.914 0.042 0.043 0.000 0.000 0.000 0.000 0.001
0.000 0.927 0.032 0.040 0.000 0.000 0.000 0.000 0.000
0.000 0.935 0.025 0.039 0.000 0.000 0.000 0.000 0.000
0.000 0.943 0.020 0.037 0.000 0.000 0.000 0.000 0.000
0.000 0.940 0.017 0.042 0.000 0.000 0.000 0.000 0.001
0.000 0.936 0.017 0.045 0.000 0.000 0.000 0.000 0.001
0.937 0.001 0.000 0.063 0.000 0.000 0.000 0.000 0.000
0.984 0.000 0.000 0.015 0.000 0.000 0.000 0.000 0.000
0.984 0.000 0.000 0.016 0.000 0.000 0.000 0.000 0.000
0.858 0.000 0.000 0.004 0.000 0.000 0.000 0.137 0.000
0.869 0.000 0.000 0.003 0.000 0.000 0.000 0.128 0.000
0.871 0.000 0.000 0.003 0.000 0.000 0.000 0.126 0.000
0.939 0.000 0.000 0.003 0.000 0.000 0.000 0.057 0.000
0.939 0.000 0.000 0.004 0.000 0.000 0.000 0.056 0.000
0.960 0.000 0.000 0.003 0.000 0.000 0.000 0.037 0.000
0.966 0.000 0.000 0.003 0.000 0.000 0.000 0.031 0.000
0.969 0.000 0.000 0.004 0.000 0.000 0.000 0.027 0.000
0.954 0.000 0.000 0.006 0.000 0.000 0.000 0.041 0.000
0.978 0.000 0.000 0.010 0.000 0.000 0.000 0.013 0.000
0.971 0.000 0.000 0.014 0.000 0.000 0.000 0.015 0.000
0.967 0.000 0.000 0.017 0.000 0.000 0.000 0.015 0.000
0.960 0.000 0.000 0.022 0.000 0.000 0.000 0.018 0.000
0.948 0.000 0.000 0.032 0.000 0.000 0.000 0.019 0.000
0.000 0.891 0.050 0.057 0.000 0.000 0.000 0.001 0.001
0.000 0.884 0.052 0.062 0.000 0.000 0.000 0.001 0.001
0.000 0.881 0.052 0.065 0.000 0.000 0.000 0.001 0.001
0.000 0.906 0.038 0.055 0.000 0.000 0.000 0.001 0.000
0.000 0.906 0.034 0.058 0.000 0.000 0.000 0.001 0.000
0.000 0.922 0.024 0.052 0.000 0.000 0.000 0.001 0.001
0.000 0.926 0.021 0.052 0.000 0.000 0.000 0.001 0.001
0.000 0.917 0.019 0.062 0.000 0.000 0.000 0.001 0.001
0.863 0.003 0.000 0.134 0.000 0.000 0.000 0.000 0.000
0.982 0.000 0.000 0.018 0.000 0.000 0.000 0.000 0.000
0.988 0.000 0.000 0.012 0.000 0.000 0.000 0.000 0.000
0.777 0.000 0.000 0.003 0.000 0.000 0.000 0.220 0.000
0.767 0.000 0.000 0.003 0.000 0.000 0.000 0.229 0.000
0.757 0.000 0.000 0.003 0.000 0.000 0.000 0.240 0.000
0.920 0.000 0.000 0.003 0.000 0.000 0.000 0.077 0.000
0.928 0.000 0.000 0.003 0.000 0.000 0.000 0.069 0.000
0.925 0.000 0.000 0.004 0.000 0.000 0.000 0.071 0.000
0.930 0.000 0.000 0.004 0.000 0.000 0.000 0.066 0.000
0.933 0.000 0.000 0.005 0.000 0.000 0.000 0.062 0.000
0.942 0.000 0.000 0.005 0.000 0.000 0.000 0.053 0.000
0.965 0.000 0.000 0.014 0.000 0.000 0.000 0.021 0.000
0.961 0.000 0.000 0.017 0.000 0.000 0.000 0.022 0.000
0.955 0.000 0.000 0.021 0.000 0.000 0.000 0.024 0.000
0.944 0.000 0.000 0.028 0.000 0.000 0.000 0.028 0.000
0.000 0.864 0.053 0.079 0.000 0.000 0.000 0.002 0.002
0.000 0.865 0.054 0.077 0.000 0.000 0.000 0.002 0.002
0.000 0.839 0.064 0.093 0.000 0.000 0.000 0.003 0.001
0.000 0.847 0.057 0.092 0.000 0.000 0.000 0.003 0.001
0.000 0.888 0.036 0.074 0.000 0.000 0.000 0.002 0.001
0.000 0.893 0.030 0.074 0.000 0.000 0.000 0.002 0.001
0.000 0.893 0.027 0.076 0.000 0.000 0.000 0.002 0.001
0.000 0.894 0.022 0.081 0.000 0.000 0.000 0.002 0.001
0.963 0.001 0.000 0.036 0.000 0.000 0.000 0.000 0.000
0.990 0.000 0.000 0.009 0.000 0.000 0.000 0.000 0.000
0.986 0.001 0.000 0.013 0.000 0.000 0.000 0.000 0.000
0.619 0.000 0.000 0.004 0.000 0.000 0.000 0.377 0.000
0.641 0.000 0.000 0.003 0.000 0.000 0.000 0.356 0.000
0.624 0.000 0.000 0.003 0.000 0.000 0.000 0.374 0.000
0.898 0.000 0.000 0.003 0.000 0.000 0.000 0.098 0.000
0.901 0.000 0.000 0.004 0.000 0.000 0.000 0.096 0.000
0.900 0.000 0.000 0.004 0.000 0.000 0.000 0.096 0.000
0.911 0.000 0.000 0.005 0.000 0.000 0.000 0.084 0.000
0.957 0.000 0.000 0.014 0.000 0.000 0.000 0.029 0.000
0.949 0.000 0.000 0.018 0.000 0.000 0.000 0.033 0.000
0.947 0.000 0.000 0.021 0.000 0.000 0.000 0.032 0.000
0.940 0.000 0.000 0.024 0.000 0.000 0.000 0.036 0.000
0.929 0.000 0.000 0.032 0.000 0.000 0.000 0.039 0.000
0.000 0.814 0.060 0.118 0.000 0.000 0.000 0.005 0.003
0.000 0.815 0.057 0.120 0.000 0.000 0.000 0.006 0.002
0.000 0.814 0.060 0.118 0.000 0.000 0.000 0.006 0.001
0.000 0.830 0.049 0.114 0.000 0.000 0.000 0.006 0.001
0.000 0.855 0.034 0.105 0.000 0.000 0.000 0.005 0.001
0.000 0.859 0.029 0.105 0.000 0.000 0.000 0.005 0.001
0.000 0.862 0.023 0.109 0.000 0.000 0.000 0.005 0.001
0.930 0.002 0.000 0.068 0.000 0.000 0.000 0.000 0.000
0.990 0.000 0.000 0.009 0.000 0.000 0.000 0.000 0.000
0.992 0.001 0.000 0.008 0.000 0.000 0.000 0.000 0.000
0.471 0.000 0.000 0.003 0.000 0.000 0.000 0.526 0.000
0.474 0.000 0.000 0.003 0.000 0.000 0.000 0.523 0.000
0.455 0.000 0.000 0.002 0.000 0.000 0.000 0.543 0.000
0.855 0.000 0.000 0.004 0.000 0.000 0.000 0.141 0.000
0.848 0.000 0.000 0.005 0.000 0.000 0.000 0.148 0.000
0.862 0.000 0.000 0.005 0.000 0.000 0.000 0.132 0.000
0.886 0.000 0.000 0.005 0.000 0.000 0.000 0.109 0.000
0.941 0.000 0.000 0.016 0.000 0.000 0.000 0.043 0.000
0.939 0.000 0.000 0.018 0.000 0.000 0.000 0.043 0.000
0.913 0.000 0.000 0.031 0.000 0.000 0.000 0.056 0.000
0.870 0.000 0.000 0.049 0.000 0.000 0.000 0.081 0.000
0.000 0.763 0.067 0.154 0.000 0.000 0.000 0.012 0.004
0.000 0.744 0.073 0.166 0.000 0.000 0.000 0.014 0.003
0.000 0.745 0.069 0.168 0.000 0.000 0.000 0.015 0.003
0.000 0.776 0.054 0.155 0.000 0.000 0.000 0.013 0.002
0.000 0.800 0.039 0.149 0.000 0.000 0.000 0.011 0.001
0.000 0.795 0.037 0.154 0.000 0.000 0.000 0.012 0.002
0.000 0.804 0.028 0.154 0.000 0.000 0.000 0.012 0.002
0.986 0.001 0.000 0.013 0.000 0.000 0.000 0.000 0.000
0.993 0.001 0.000 0.006 0.000 0.000 0.000 0.000 0.000
0.983 0.002 0.000 0.016 0.000 0.000 0.000 0.000 0.000
0.411 0.000 0.000 0.002 0.000 0.000 0.000 0.587 0.000
0.379 0.000 0.000 0.002 0.000 0.000 0.000 0.619 0.000
0.822 0.000 0.000 0.003 0.000 0.000 0.000 0.174 0.000
0.798 0.000 0.000 0.004 0.000 0.000 0.000 0.198 0.000
0.816 0.000 0.000 0.005 0.000 0.000 0.000 0.179 0.000
0.848 0.000 0.000 0.004 0.000 0.000 0.000 0.148 0.000
0.879 0.000 0.000 0.004 0.000 0.000 0.000 0.117 0.000
0.898 0.000 0.000 0.026 0.000 0.000 0.000 0.077 0.000
0.900 0.000 0.000 0.028 0.000 0.000 0.000 0.072 0.000
0.000 0.688 0.076 0.204 0.000 0.000 0.000 0.027 0.006
0.000 0.697 0.065 0.207 0.000 0.000 0.000 0.026 0.005
0.000 0.671 0.071 0.225 0.000 0.000 0.000 0.030 0.003
0.000 0.698 0.061 0.210 0.000 0.000 0.000 0.028 0.002
0.000 0.734 0.045 0.194 0.000 0.000 0.000 0.025 0.002
0.000 0.742 0.035 0.200 0.000 0.000 0.000 0.022 0.002
0.000 0.753 0.030 0.192 0.000 0.000 0.000 0.022 0.002
0.000 0.709 0.030 0.230 0.000 0.000 0.000 0.028 0.003
0.952 0.002 0.000 0.046 0.000 0.000 0.000 0.000 0.000
0.994 0.001 0.000 0.005 0.000 0.000 0.000 0.000 0.000
0.994 0.001 0.000 0.005 0.000 0.000 0.000 0.000 0.000
0.378 0.000 0.000 0.002 0.000 0.000 0.000 0.621 0.000
0.348 0.000 0.000 0.001 0.000 0.000 0.000 0.651 0.000
0.293 0.000 0.000 0.001 0.000 0.000 0.000 0.706 0.000
0.740 0.000 0.000 0.003 0.000 0.000 0.000 0.257 0.000
0.747 0.000 0.000 0.004 0.000 0.000 0.000 0.249 0.000
0.776 0.000 0.000 0.004 0.000 0.000 0.000 0.220 0.000
0.805 0.000 0.000 0.004 0.000 0.000 0.000 0.192 0.000
0.876 0.000 0.000 0.021 0.000 0.000 0.000 0.102 0.000
0.864 0.000 0.000 0.027 0.000 0.000 0.000 0.109 0.000
0.852 0.000 0.000 0.034 0.000 0.000 0.000 0.114 0.000
0.000 0.585 0.081 0.266 0.000 0.000 0.000 0.058 0.009
0.000 0.575 0.078 0.279 0.000 0.000 0.000 0.061 0.007
0.000 0.589 0.072 0.271 0.000 0.000 0.000 0.063 0.005
0.000 0.598 0.067 0.268 0.000 0.000 0.000 0.063 0.003
0.000 0.670 0.048 0.241 0.000 0.000 0.000 0.040 0.001
0.000 0.608 0.054 0.274 0.000 0.000 0.000 0.062 0.002
0.000 0.635 0.038 0.256 0.000 0.000 0.000 0.066 0.004
0.000 0.616 0.033 0.284 0.000 0.000 0.000 0.063 0.004
0.992 0.001 0.000 0.008 0.000 0.000 0.000 0.000 0.000
0.995 0.001 0.000 0.004 0.000 0.000 0.000 0.000 0.000
0.987 0.002 0.000 0.011 0.000 0.000 0.000 0.000 0.000
0.333 0.000 0.000 0.001 0.000 0.000 0.000 0.666 0.000
0.290 0.000 0.000 0.001 0.000 0.000 0.000 0.709 0.000
0.661 0.000 0.000 0.003 0.000 0.000 0.000 0.336 0.000
0.700 0.000 0.000 0.003 0.000 0.000 0.000 0.297 0.000
0.708 0.000 0.000 0.003 0.000 0.000 0.000 0.289 0.000
0.732 0.000 0.000 0.004 0.000 0.000 0.000 0.264 0.000
0.661 0.000 0.000 0.007 0.000 0.000 0.000 0.332 0.000
0.824 0.000 0.000 0.021 0.000 0.000 0.000 0.155 0.000
0.825 0.000 0.000 0.023 0.000 0.000 0.000 0.152 0.000
0.807 0.000 0.000 0.030 0.000 0.000 0.000 0.162 0.000
0.768 0.000 0.000 0.041 0.000 0.000 0.000 0.191 0.000
0.000 0.492 0.073 0.307 0.000 0.000 0.000 0.119 0.009
0.000 0.455 0.074 0.335 0.000 0.000 0.000 0.128 0.007
0.000 0.395 0.104 0.363 0.000 0.000 0.000 0.136 0.002
0.000 0.462 0.065 0.342 0.000 0.000 0.000 0.128 0.003
0.000 0.507 0.043 0.329 0.000 0.000 0.000 0.116 0.005
0.000 0.518 0.038 0.314 0.000 0.000 0.000 0.126 0.005
0.982 0.001 0.000 0.017 0.000 0.000 0.000 0.000 0.000
0.996 0.001 0.000 0.003 0.000 0.000 0.000 0.000 0.000
0.994 0.001 0.000 0.005 0.000 0.000 0.000 0.000 0.000
0.402 0.000 0.000 0.001 0.000 0.000 0.000 0.597 0.000
0.353 0.000 0.000 0.001 0.000 0.000 0.000 0.645 0.000
0.295 0.000 0.000 0.001 0.000 0.000 0.000 0.704 0.000
0.687 0.000 0.000 0.003 0.000 0.000 0.000 0.310 0.000
0.587 0.000 0.000 0.005 0.000 0.000 0.000 0.408 0.000
0.644 0.000 0.000 0.005 0.000 0.000 0.000 0.351 0.000
0.789 0.000 0.000 0.003 0.000 0.000 0.000 0.208 0.000
0.610 0.000 0.000 0.011 0.000 0.000 0.000 0.379 0.000
0.692 0.000 0.000 0.018 0.000 0.000 0.000 0.290 0.000
0.744 0.000 0.000 0.017 0.000 0.000 0.000 0.239 0.000
0.752 0.000 0.000 0.020 0.000 0.000 0.000 0.228 0.000
0.774 0.000 0.000 0.021 0.000 0.000 0.000 0.205 0.000
0.786 0.000 0.000 0.023 0.000 0.000 0.000 0.191 0.000
0.777 0.000 0.000 0.028 0.000 0.000 0.000 0.195 0.000
0.705 0.000 0.000 0.043 0.000 0.000 0.000 0.253 0.000
0.000 0.303 0.073 0.381 0.000 0.000 0.000 0.235 0.007
0.000 0.340 0.060 0.360 0.000 0.000 0.000 0.233 0.006
0.000 0.383 0.048 0.358 0.000 0.000 0.000 0.207 0.004
0.000 0.402 0.039 0.346 0.000 0.000 0.000 0.207 0.005
0.000 0.383 0.035 0.340 0.000 0.000 0.000 0.236 0.006
0.000 0.378 0.029 0.362 0.000 0.000 0.000 0.225 0.006
0.953 0.005 0.000 0.042 0.000 0.000 0.000 0.000 0.000
0.996 0.001 0.000 0.004 0.000 0.000 0.000 0.000 0.000
0.996 0.001 0.000 0.003 0.000 0.000 0.000 0.000 0.000
0.969 0.010 0.000 0.021 0.000 0.000 0.000 0.000 0.000
0.444 0.000 0.000 0.001 0.000 0.000 0.000 0.555 0.000
0.415 0.000 0.000 0.001 0.000 0.000 0.000 0.584 0.000
0.346 0.000 0.000 0.001 0.000 0.000 0.000 0.653 0.000
0.710 0.000 0.000 0.002 0.000 0.000 0.000 0.288 0.000
0.724 0.000 0.000 0.003 0.000 0.000 0.000 0.273 0.000
0.729 0.000 0.000 0.003 0.000 0.000 0.000 0.267 0.000
0.750 0.000 0.000 0.003 0.000 0.000 0.000 0.247 0.000
0.675 0.000 0.000 0.008 0.000 0.000 0.000 0.317 0.000
0.667 0.000 0.000 0.010 0.000 0.000 0.000 0.322 0.000
0.710 0.000 0.000 0.008 0.000 0.000 0.000 0.282 0.000
0.693 0.000 0.000 0.010 0.000 0.000 0.000 0.297 0.000
0.713 0.000 0.000 0.010 0.000 0.000 0.000 0.276 0.000
0.684 0.000 0.000 0.014 0.000 0.000 0.000 0.301 0.000
0.687 0.000 0.000 0.018 0.000 0.000 0.000 0.295 0.000
0.712 0.000 0.000 0.019 0.000 0.000 0.000 0.268 0.000
0.754 0.000 0.000 0.018 0.000 0.000 0.000 0.228 0.000
0.767 0.000 0.000 0.021 0.000 0.000 0.000 0.212 0.000
0.764 0.000 0.000 0.025 0.000 0.000 0.000 0.211 0.000
0.740 0.000 0.000 0.032 0.000 0.000 0.000 0.228 0.000
0.000 0.234 0.048 0.349 0.000 0.000 0.000 0.358 0.010
0.000 0.243 0.047 0.343 0.000 0.000 0.000 0.362 0.006
0.000 0.270 0.040 0.334 0.000 0.000 0.000 0.352 0.005
0.000 0.265 0.032 0.362 0.000 0.000 0.000 0.335 0.005
0.000 0.246 0.029 0.340 0.000 0.000 0.000 0.379 0.006
0.000 0.260 0.023 0.346 0.000 0.000 0.000 0.364 0.007
0.991 0.001 0.000 0.008 0.000 0.000 0.000 0.000 0.000
0.997 0.001 0.000 0.002 0.000 0.000 0.000 0.000 0.000
0.994 0.002 0.000 0.004 0.000 0.000 0.000 0.000 0.000
0.471 0.000 0.000 0.001 0.000 0.000 0.000 0.528 0.000
0.429 0.000 0.000 0.001 0.000 0.000 0.000 0.570 0.000
0.350 0.000 0.000 0.001 0.000 0.000 0.000 0.650 0.000
0.706 0.000 0.000 0.003 0.000 0.000 0.000 0.290 0.000
0.739 0.000 0.000 0.003 0.000 0.000 0.000 0.258 0.000
0.751 0.000 0.000 0.004 0.000 0.000 0.000 0.245 0.000
0.750 0.000 0.000 0.005 0.000 0.000 0.000 0.245 0.000
0.742 0.000 0.000 0.006 0.000 0.000 0.000 0.251 0.000
0.721 0.000 0.000 0.008 0.000 0.000 0.000 0.271 0.000
0.714 0.000 0.000 0.010 0.000 0.000 0.000 0.276 0.000
0.683 0.000 0.000 0.015 0.000 0.000 0.000 0.302 0.000
0.692 0.000 0.000 0.016 0.000 0.000 0.000 0.291 0.000
0.707 0.000 0.000 0.019 0.000 0.000 0.000 0.274 0.000
0.749 0.000 0.000 0.018 0.000 0.000 0.000 0.233 0.000
0.752 0.000 0.000 0.021 0.000 0.000 0.000 0.227 0.000
0.732 0.000 0.000 0.027 0.000 0.000 0.000 0.241 0.000
0.709 0.000 0.000 0.033 0.000 0.000 0.000 0.258 0.000
0.000 0.143 0.035 0.293 0.000 0.000 0.000 0.520 0.009
0.000 0.130 0.034 0.300 0.000 0.000 0.000 0.530 0.006
0.000 0.149 0.029 0.309 0.000 0.000 0.000 0.508 0.004
0.000 0.174 0.023 0.318 0.000 0.000 0.000 0.480 0.005
0.000 0.162 0.020 0.297 0.000 0.000 0.000 0.515 0.006
0.000 0.145 0.017 0.295 0.000 0.000 0.000 0.537 0.007
0.966 0.004 0.000 0.030 0.000 0.000 0.000 0.000 0.000
0.997 0.001 0.000 0.002 0.000 0.000 0.000 0.000 0.000
0.996 0.001 0.000 0.002 0.000 0.000 0.000 0.000 0.000
0.503 0.000 0.000 0.001 0.000 0.000 0.000 0.496 0.000
0.425 0.000 0.000 0.001 0.000 0.000 0.000 0.574 0.000
0.675 0.000 0.000 0.004 0.000 0.000 0.000 0.321 0.000
0.713 0.000 0.000 0.004 0.000 0.000 0.000 0.283 0.000
0.739 0.000 0.000 0.004 0.000 0.000 0.000 0.257 0.000
0.757 0.000 0.000 0.004 0.000 0.000 0.000 0.239 0.000
0.721 0.000 0.000 0.008 0.000 0.000 0.000 0.271 0.000
0.696 0.000 0.000 0.011 0.000 0.000 0.000 0.294 0.000
0.692 0.000 0.000 0.013 0.000 0.000 0.000 0.295 0.000
0.698 0.000 0.000 0.015 0.000 0.000 0.000 0.287 0.000
0.718 0.000 0.000 0.017 0.000 0.000 0.000 0.264 0.000
0.729 0.000 0.000 0.019 0.000 0.000 0.000 0.252 0.000
0.738 0.000 0.000 0.021 0.000 0.000 0.000 0.241 0.000
0.737 0.000 0.000 0.024 0.000 0.000 0.000 0.239 0.000
0.000 0.072 0.022 0.224 0.000 0.000 0.000 0.673 0.009
0.000 0.069 0.021 0.229 0.000 0.000 0.000 0.676 0.005
0.000 0.088 0.019 0.245 0.000 0.000 0.000 0.644 0.003
0.000 0.095 0.015 0.250 0.000 0.000 0.000 0.636 0.004
0.000 0.082 0.012 0.228 0.000 0.000 0.000 0.672 0.005
0.000 0.081 0.010 0.230 0.000 0.000 0.000 0.673 0.006
0.995 0.001 0.000 0.004 0.000 0.000 0.000 0.000 0.000
0.997 0.001 0.000 0.002 0.000 0.000 0.000 0.000 0.000
0.989 0.005 0.000 0.005 0.000 0.000 0.000 0.000 0.000
0.562 0.000 0.000 0.001 0.000 0.000 0.000 0.437 0.000
0.506 0.000 0.000 0.001 0.000 0.000 0.000 0.493 0.000
0.404 0.000 0.000 0.001 0.000 0.000 0.000 0.595 0.000
0.697 0.000 0.000 0.012 0.000 0.000 0.000 0.291 0.000
0.702 0.000 0.000 0.015 0.000 0.000 0.000 0.284 0.000
0.731 0.000 0.000 0.015 0.000 0.000 0.000 0.254 0.000
0.744 0.000 0.000 0.017 0.000 0.000 0.000 0.239 0.000
0.726 0.000 0.000 0.021 0.000 0.000 0.000 0.253 0.000
0.706 0.000 0.000 0.027 0.000 0.000 0.000 0.267 0.000
0.000 0.049 0.015 0.183 0.000 0.000 0.000 0.747 0.007
0.000 0.047 0.015 0.191 0.000 0.000 0.000 0.744 0.004
0.000 0.052 0.013 0.192 0.000 0.000 0.000 0.740 0.003
0.000 0.067 0.010 0.214 0.000 0.000 0.000 0.706 0.003
0.000 0.056 0.008 0.177 0.000 0.000 0.000 0.755 0.004
0.000 0.055 0.007 0.184 0.000 0.000 0.000 0.749 0.005
0.989 0.002 0.000 0.009 0.000 0.000 0.000 0.000 0.000
0.997 0.001 0.000 0.001 0.000 0.000 0.000 0.000 0.000
0.996 0.002 0.000 0.002 0.000 0.000 0.000 0.000 0.000
0.596 0.000 0.000 0.001 0.000 0.000 0.000 0.404 0.000
0.510 0.000 0.000 0.001 0.000 0.000 0.000 0.489 0.000
0.745 0.000 0.000 0.014 0.000 0.000 0.000 0.241 0.000
0.747 0.000 0.000 0.015 0.000 0.000 0.000 0.238 0.000
0.709 0.000 0.000 0.022 0.000 0.000 0.000 0.269 0.000
0.676 0.000 0.000 0.026 0.000 0.000 0.000 0.298 0.000
0.000 0.036 0.011 0.156 0.000 0.000 0.000 0.793 0.005
0.000 0.037 0.009 0.147 0.000 0.000 0.000 0.803 0.004
0.000 0.047 0.009 0.161 0.000 0.000 0.000 0.781 0.002
0.000 0.053 0.007 0.164 0.000 0.000 0.000 0.773 0.003
0.000 0.046 0.006 0.145 0.000 0.000 0.000 0.799 0.004
0.000 0.047 0.005 0.150 0.000 0.000 0.000 0.794 0.005
0.997 0.001 0.000 0.002 0.000 0.000 0.000 0.000 0.000
0.997 0.002 0.000 0.001 0.000 0.000 0.000 0.000 0.000
0.657 0.000 0.000 0.001 0.000 0.000 0.000 0.342 0.000
0.608 0.000 0.000 0.001 0.000 0.000 0.000 0.392 0.000
0.503 0.000 0.000 0.001 0.000 0.000 0.000 0.496 0.000
0.745 0.000 0.000 0.011 0.000 0.000 0.000 0.245 0.000
0.745 0.000 0.000 0.013 0.000 0.000 0.000 0.243 0.000
0.733 0.000 0.000 0.016 0.000 0.000 0.000 0.251 0.000
0.706 0.000 0.000 0.019 0.000 0.000 0.000 0.274 0.000
0.000 0.033 0.007 0.122 0.000 0.000 0.000 0.832 0.006
0.000 0.033 0.007 0.123 0.000 0.000 0.000 0.834 0.003
0.000 0.039 0.006 0.133 0.000 0.000 0.000 0.820 0.003
0.000 0.044 0.005 0.136 0.000 0.000 0.000 0.812 0.003
0.000 0.040 0.004 0.119 0.000 0.000 0.000 0.833 0.004
0.000 0.044 0.003 0.125 0.000 0.000 0.000 0.823 0.004
0.993 0.002 0.000 0.005 0.000 0.000 0.000 0.000 0.000
0.997 0.002 0.000 0.001 0.000 0.000 0.000 0.000 0.000
0.995 0.003 0.000 0.001 0.000 0.000 0.000 0.000 0.000
0.671 0.000 0.000 0.001 0.000 0.000 0.000 0.328 0.000
0.600 0.000 0.000 0.001 0.000 0.000 0.000 0.400 0.000
0.756 0.000 0.000 0.008 0.000 0.000 0.000 0.236 0.000
0.755 0.000 0.000 0.010 0.000 0.000 0.000 0.236 0.000
0.747 0.000 0.000 0.012 0.000 0.000 0.000 0.241 0.000
0.723 0.000 0.000 0.015 0.000 0.000 0.000 0.262 0.000
0.736 0.000 0.000 0.015 0.000 0.000 0.000 0.249 0.000
0.649 0.000 0.000 0.023 0.000 0.000 0.000 0.328 0.000
0.000 0.028 0.005 0.099 0.000 0.000 0.000 0.863 0.005
0.000 0.027 0.004 0.097 0.000 0.000 0.000 0.868 0.003
0.000 0.034 0.004 0.109 0.000 0.000 0.000 0.851 0.003
0.000 0.040 0.003 0.117 0.000 0.000 0.000 0.837 0.003
0.000 0.037 0.003 0.105 0.000 0.000 0.000 0.852 0.003
0.000 0.032 0.002 0.105 0.000 0.000 0.000 0.858 0.004
0.983 0.006 0.000 0.011 0.000 0.000 0.000 0.000 0.000
0.997 0.001 0.000 0.001 0.000 0.000 0.000 0.000 0.000
0.997 0.003 0.000 0.001 0.000 0.000 0.000 0.000 0.000
0.748 0.000 0.000 0.001 0.000 0.000 0.000 0.251 0.000
0.672 0.000 0.000 0.001 0.000 0.000 0.000 0.327 0.000
0.579 0.000 0.000 0.001 0.000 0.000 0.000 0.420 0.000
0.738 0.000 0.000 0.007 0.000 0.000 0.000 0.255 0.000
0.748 0.000 0.000 0.008 0.000 0.000 0.000 0.244 0.000
0.762 0.000 0.000 0.009 0.000 0.000 0.000 0.229 0.000
0.763 0.000 0.000 0.010 0.000 0.000 0.000 0.227 0.000
0.751 0.000 0.000 0.012 0.000 0.000 0.000 0.237 0.000
0.747 0.000 0.000 0.014 0.000 0.000 0.000 0.239 0.000
0.000 0.023 0.003 0.077 0.000 0.000 0.000 0.892 0.005
0.000 0.026 0.003 0.086 0.000 0.000 0.000 0.883 0.003
0.000 0.033 0.003 0.092 0.000 0.000 0.000 0.870 0.002
0.000 0.034 0.002 0.096 0.000 0.000 0.000 0.866 0.002
0.000 0.032 0.002 0.086 0.000 0.000 0.000 0.878 0.003
0.000 0.034 0.001 0.085 0.000 0.000 0.000 0.877 0.003
0.997 0.001 0.000 0.001 0.000 0.000 0.000 0.000 0.000
0.997 0.002 0.000 0.001 0.000 0.000 0.000 0.000 0.000
0.990 0.008 0.000 0.002 0.000 0.000 0.000 0.000 0.000
0.757 0.000 0.000 0.000 0.000 0.000 0.000 0.242 0.000
0.664 0.000 0.000 0.001 0.000 0.000 0.000 0.336 0.000
0.721 0.000 0.000 0.008 0.000 0.000 0.000 0.271 0.000
0.727 0.000 0.000 0.010 0.000 0.000 0.000 0.263 0.000
0.758 0.000 0.000 0.009 0.000 0.000 0.000 0.233 0.000
0.760 0.000 0.000 0.011 0.000 0.000 0.000 0.229 0.000
0.754 0.000 0.000 0.012 0.000 0.000 0.000 0.234 0.000
0.731 0.000 0.000 0.014 0.000 0.000 0.000 0.254 0.000
0.000 0.021 0.002 0.066 0.000 0.000 0.000 0.906 0.004
0.000 0.022 0.002 0.069 0.000 0.000 0.000 0.905 0.002
0.000 0.025 0.002 0.071 0.000 0.000 0.000 0.900 0.002
0.000 0.026 0.002 0.074 0.000 0.000 0.000 0.896 0.002
0.000 0.025 0.001 0.066 0.000 0.000 0.000 0.906 0.002
0.000 0.026 0.001 0.074 0.000 0.000 0.000 0.896 0.002
0.989 0.006 0.000 0.005 0.000 0.000 0.000 0.000 0.000
0.997 0.002 0.000 0.001 0.000 0.000 0.000 0.000 0.000
0.996 0.003 0.000 0.001 0.000 0.000 0.000 0.000 0.000
0.831 0.000 0.000 0.000 0.000 0.000 0.000 0.169 0.000
0.755 0.000 0.000 0.000 0.000 0.000 0.000 0.244 0.000
0.652 0.000 0.000 0.001 0.000 0.000 0.000 0.348 0.000
0.701 0.000 0.000 0.011 0.000 0.000 0.000 0.288 0.000
0.727 0.000 0.000 0.011 0.000 0.000 0.000 0.262 0.000
0.745 0.000 0.000 0.011 0.000 0.000 0.000 0.244 0.000
0.751 0.000 0.000 0.011 0.000 0.000 0.000 0.237 0.000
0.721 0.000 0.000 0.014 0.000 0.000 0.000 0.265 0.000
0.699 0.000 0.000 0.018 0.000 0.000 0.000 0.283 0.000
0.000 0.018 0.001 0.053 0.000 0.000 0.000 0.924 0.003
0.000 0.018 0.001 0.056 0.000 0.000 0.000 0.923 0.002
0.000 0.022 0.001 0.065 0.000 0.000 0.000 0.911 0.002
0.000 0.021 0.001 0.062 0.000 0.000 0.000 0.914 0.002
0.000 0.021 0.001 0.051 0.000 0.000 0.000 0.925 0.002
0.962 0.026 0.000 0.011 0.000 0.000 0.000 0.000 0.000
0.997 0.002 0.000 0.001 0.000 0.000 0.000 0.000 0.000
0.997 0.003 0.000 0.000 0.000 0.000 0.000 0.000 0.000
0.987 0.012 0.000 0.002 0.000 0.000 0.000 0.000 0.000
0.864 0.000 0.000 0.000 0.000 0.000 0.000 0.135 0.000
0.838 0.000 0.000 0.000 0.000 0.000 0.000 0.162 0.000
0.753 0.000 0.000 0.000 0.000 0.000 0.000 0.246 0.000
0.706 0.000 0.000 0.009 0.000 0.000 0.000 0.285 0.000
0.713 0.000 0.000 0.011 0.000 0.000 0.000 0.275 0.000
0.748 0.000 0.000 0.010 0.000 0.000 0.000 0.242 0.000
0.743 0.000 0.000 0.011 0.000 0.000 0.000 0.245 0.000
0.720 0.000 0.000 0.013 0.000 0.000 0.000 0.266 0.000
0.710 0.000 0.000 0.015 0.000 0.000 0.000 0.274 0.000
0.000 0.015 0.001 0.041 0.000 0.000 0.000 0.940 0.003
0.000 0.018 0.001 0.047 0.000 0.000 0.000 0.932 0.002
0.000 0.018 0.001 0.048 0.000 0.000 0.000 0.932 0.001
0.000 0.019 0.001 0.052 0.000 0.000 0.000 0.927 0.002
0.000 0.018 0.001 0.042 0.000 0.000 0.000 0.938 0.002
0.995 0.003 0.000 0.002 0.000 0.000 0.000 0.000 0.000
0.997 0.003 0.000 0.000 0.000 0.000 0.000 0.000 0.000
0.994 0.005 0.000 0.001 0.000 0.000 0.000 0.000 0.000
0.885 0.000 0.000 0.000 0.000 0.000 0.000 0.114 0.000
0.846 0.000 0.000 0.000 0.000 0.000 0.000 0.153 0.000
0.753 0.000 0.000 0.000 0.000 0.000 0.000 0.247 0.000
0.713 0.000 0.000 0.011 0.000 0.000 0.000 0.276 0.000
0.739 0.000 0.000 0.010 0.000 0.000 0.000 0.251 0.000
0.756 0.000 0.000 0.011 0.000 0.000 0.000 0.232 0.000
0.747 0.000 0.000 0.013 0.000 0.000 0.000 0.240 0.001
0.716 0.000 0.000 0.014 0.000 0.000 0.000 0.269 0.000
0.000 0.013 0.001 0.035 0.000 0.000 0.000 0.949 0.002
0.000 0.013 0.001 0.036 0.000 0.000 0.000 0.948 0.001
0.000 0.016 0.001 0.039 0.000 0.000 0.000 0.943 0.001
0.000 0.016 0.000 0.039 0.000 0.000 0.000 0.943 0.002
0.000 0.018 0.000 0.035 0.000 0.000 0.000 0.945 0.002
0.981 0.015 0.000 0.004 0.000 0.000 0.000 0.000 0.000
0.997 0.003 0.000 0.000 0.000 0.000 0.000 0.000 0.000
0.996 0.004 0.000 0.000 0.000 0.000 0.000 0.000 0.000
0.912 0.000 0.000 0.000 0.000 0.000 0.000 0.087 0.000
0.892 0.000 0.000 0.000 0.000 0.000 0.000 0.108 0.000
0.848 0.000 0.000 0.000 0.000 0.000 0.000 0.152 0.000
0.688 0.000 0.000 0.010 0.000 0.000 0.000 0.302 0.000
0.707 0.000 0.000 0.012 0.000 0.000 0.000 0.282 0.000
0.714 0.000 0.000 0.011 0.000 0.000 0.000 0.274 0.000
0.732 0.000 0.000 0.012 0.000 0.000 0.000 0.256 0.000
0.726 0.000 0.000 0.013 0.000 0.000 0.000 0.260 0.000
0.697 0.000 0.000 0.015 0.000 0.000 0.000 0.288 0.000
0.000 0.011 0.000 0.028 0.000 0.000 0.000 0.957 0.003
0.000 0.010 0.000 0.027 0.000 0.000 0.000 0.960 0.002
0.000 0.013 0.000 0.032 0.000 0.000 0.000 0.953 0.001
0.000 0.015 0.000 0.036 0.000 0.000 0.000 0.947 0.001
0.000 0.016 0.000 0.030 0.000 0.000 0.000 0.952 0.002
0.000 0.017 0.000 0.030 0.000 0.000 0.000 0.951 0.002
0.996 0.004 0.000 0.001 0.000 0.000 0.000 0.000 0.000
0.996 0.004 0.000 0.000 0.000 0.000 0.000 0.000 0.000
0.989 0.010 0.000 0.001 0.000 0.000 0.000 0.000 0.000
0.922 0.000 0.000 0.000 0.000 0.000 0.000 0.077 0.000
0.894 0.000 0.000 0.000 0.000 0.000 0.000 0.105 0.000
0.840 0.000 0.000 0.000 0.000 0.000 0.000 0.159 0.000
0.690 0.000 0.000 0.011 0.000 0.000 0.000 0.299 0.000
0.697 0.000 0.000 0.012 0.000 0.000 0.000 0.290 0.000
0.727 0.000 0.000 0.012 0.000 0.000 0.000 0.260 0.001
0.731 0.000 0.000 0.013 0.000 0.000 0.000 0.255 0.001
0.000 0.011 0.000 0.025 0.000 0.000 0.000 0.961 0.003
0.000 0.011 0.000 0.026 0.000 0.000 0.000 0.962 0.001
0.000 0.013 0.000 0.029 0.000 0.000 0.000 0.957 0.001
0.000 0.018 0.000 0.034 0.000 0.000 0.000 0.946 0.001
0.000 0.021 0.000 0.033 0.000 0.000 0.000 0.944 0.002
0.984 0.014 0.000 0.002 0.000 0.000 0.000 0.000 0.000
0.996 0.004 0.000 0.000 0.000 0.000 0.000 0.000 0.000
0.995 0.005 0.000 0.000 0.000 0.000 0.000 0.000 0.000
0.937 0.001 0.000 0.000 0.000 0.000 0.000 0.062 0.000
0.926 0.001 0.000 0.000 0.000 0.000 0.000 0.074 0.000
0.889 0.001 0.000 0.000 0.000 0.000 0.000 0.110 0.000
0.697 0.000 0.000 0.012 0.000 0.000 0.000 0.291 0.000
0.728 0.000 0.000 0.011 0.000 0.000 0.000 0.260 0.001
0.728 0.000 0.000 0.011 0.000 0.000 0.000 0.260 0.001
0.707 0.000 0.000 0.015 0.000 0.000 0.000 0.278 0.001
0.701 0.000 0.000 0.016 0.000 0.000 0.000 0.283 0.001
0.000 0.011 0.000 0.022 0.000 0.000 0.000 0.965 0.002
0.000 0.012 0.000 0.022 0.000 0.000 0.000 0.964 0.001
0.000 0.015 0.000 0.025 0.000 0.000 0.000 0.959 0.001
0.000 0.018 0.000 0.025 0.000 0.000 0.000 0.956 0.001
0.000 0.020 0.000 0.026 0.000 0.000 0.000 0.953 0.001
0.996 0.004 0.000 0.000 0.000 0.000 0.000 0.000 0.000
0.995 0.005 0.000 0.000 0.000 0.000 0.000 0.000 0.000
0.981 0.018 0.000 0.001 0.000 0.000 0.000 0.000 0.000
0.944 0.001 0.000 0.000 0.000 0.000 0.000 0.055 0.000
0.924 0.001 0.000 0.000 0.000 0.000 0.000 0.075 0.000
0.884 0.001 0.000 0.000 0.000 0.000 0.000 0.115 0.000
0.688 0.000 0.000 0.012 0.000 0.000 0.000 0.300 0.000
0.719 0.000 0.000 0.011 0.000 0.000 0.000 0.269 0.001
0.708 0.000 0.000 0.012 0.000 0.000 0.000 0.280 0.001
0.690 0.000 0.000 0.014 0.000 0.000 0.000 0.295 0.001
0.675 0.000 0.000 0.016 0.000 0.000 0.000 0.308 0.001
0.000 0.009 0.000 0.018 0.000 0.000 0.000 0.971 0.001
0.000 0.013 0.000 0.020 0.000 0.000 0.000 0.966 0.001
0.000 0.018 0.000 0.024 0.000 0.000 0.000 0.957 0.001
0.000 0.019 0.000 0.023 0.000 0.000 0.000 0.957 0.001
0.000 0.021 0.000 0.023 0.000 0.000 0.000 0.954 0.002
0.991 0.008 0.000 0.001 0.000 0.000 0.000 0.000 0.000
0.994 0.005 0.000 0.000 0.000 0.000 0.000 0.000 0.000
0.990 0.010 0.000 0.000 0.000 0.000 0.000 0.000 0.000
0.958 0.001 0.000 0.000 0.000 0.000 0.000 0.041 0.000
0.948 0.001 0.000 0.000 0.000 0.000 0.000 0.050 0.000
0.924 0.001 0.000 0.000 0.000 0.000 0.000 0.075 0.000
0.655 0.000 0.000 0.012 0.000 0.000 0.000 0.332 0.000
0.698 0.000 0.000 0.012 0.000 0.000 0.000 0.289 0.001
0.709 0.000 0.000 0.011 0.000 0.000 0.000 0.279 0.001
0.683 0.000 0.000 0.014 0.000 0.000 0.000 0.303 0.001
0.643 0.000 0.000 0.017 0.000 0.000 0.000 0.339 0.001
0.599 0.000 0.000 0.021 0.000 0.000 0.000 0.379 0.001
0.000 0.010 0.000 0.016 0.000 0.000 0.000 0.972 0.002
0.000 0.011 0.000 0.016 0.000 0.000 0.000 0.971 0.001
0.000 0.014 0.000 0.018 0.000 0.000 0.000 0.966 0.001
0.000 0.019 0.000 0.021 0.000 0.000 0.000 0.959 0.001
0.000 0.022 0.000 0.022 0.000 0.000 0.000 0.954 0.001
0.000 0.024 0.000 0.021 0.000 0.000 0.000 0.954 0.002
0.995 0.005 0.000 0.000 0.000 0.000 0.000 0.000 0.000
0.993 0.007 0.000 0.000 0.000 0.000 0.000 0.000 0.000
0.962 0.002 0.000 0.000 0.000 0.000 0.000 0.036 0.000
0.946 0.002 0.000 0.000 0.000 0.000 0.000 0.052 0.000
0.659 0.000 0.000 0.013 0.000 0.000 0.000 0.328 0.000
0.673 0.000 0.000 0.012 0.000 0.000 0.000 0.315 0.001
0.692 0.000 0.000 0.010 0.000 0.000 0.000 0.298 0.001
0.690 0.000 0.000 0.010 0.000 0.000 0.000 0.299 0.001
0.638 0.000 0.000 0.015 0.000 0.000 0.000 0.346 0.001
0.000 0.012 0.000 0.014 0.000 0.000 0.000 0.972 0.002
0.000 0.013 0.000 0.015 0.000 0.000 0.000 0.970 0.001
0.000 0.016 0.000 0.016 0.000 0.000 0.000 0.967 0.001
0.000 0.021 0.000 0.018 0.000 0.000 0.000 0.961 0.001
0.000 0.024 0.000 0.018 0.000 0.000 0.000 0.957 0.001
0.000 0.031 0.000 0.020 0.000 0.000 0.000 0.948 0.002
0.993 0.006 0.000 0.001 0.000 0.000 0.000 0.000 0.000
0.994 0.006 0.000 0.000 0.000 0.000 0.000 0.000 0.000
0.988 0.011 0.000 0.000 0.000 0.000 0.000 0.000 0.000
0.971 0.002 0.000 0.000 0.000 0.000 0.000 0.027 0.000
0.960 0.002 0.000 0.000 0.000 0.000 0.000 0.037 0.000
0.671 0.000 0.000 0.012 0.000 0.000 0.000 0.316 0.001
0.661 0.000 0.000 0.012 0.000 0.000 0.000 0.327 0.001
0.642 0.000 0.000 0.014 0.000 0.000 0.000 0.343 0.001
0.603 0.000 0.000 0.017 0.000 0.000 0.000 0.379 0.001
0.564 0.000 0.000 0.023 0.000 0.000 0.000 0.413 0.001
0.000 0.012 0.000 0.012 0.000 0.000 0.000 0.975 0.002
0.000 0.014 0.000 0.013 0.000 0.000 0.000 0.971 0.001
0.000 0.018 0.000 0.015 0.000 0.000 0.000 0.966 0.001
0.000 0.021 0.000 0.016 0.000 0.000 0.000 0.961 0.001
0.000 0.026 0.000 0.015 0.000 0.000 0.000 0.957 0.002
0.985 0.014 0.000 0.002 0.000 0.000 0.000 0.000 0.000
0.996 0.004 0.000 0.000 0.000 0.000 0.000 0.000 0.000
0.993 0.007 0.000 0.000 0.000 0.000 0.000 0.000 0.000
0.975 0.004 0.000 0.000 0.000 0.000 0.000 0.021 0.000
0.971 0.003 0.000 0.000 0.000 0.000 0.000 0.025 0.000
0.959 0.003 0.000 0.000 0.000 0.000 0.000 0.038 0.000
0.651 0.000 0.000 0.011 0.000 0.000 0.000 0.337 0.000
0.646 0.000 0.000 0.012 0.000 0.000 0.000 0.341 0.000
0.654 0.000 0.000 0.011 0.000 0.000 0.000 0.335 0.001
0.645 0.000 0.000 0.013 0.000 0.000 0.000 0.342 0.001
0.608 0.000 0.000 0.017 0.000 0.000 0.000 0.375 0.001
0.000 0.012 0.000 0.011 0.000 0.000 0.000 0.974 0.003
0.000 0.014 0.000 0.011 0.000 0.000 0.000 0.973 0.002
0.000 0.018 0.000 0.013 0.000 0.000 0.000 0.967 0.001
0.000 0.023 0.000 0.015 0.000 0.000 0.000 0.961 0.001
0.000 0.028 0.000 0.015 0.000 0.000 0.000 0.955 0.001
0.000 0.031 0.000 0.015 0.000 0.000 0.000 0.952 0.002
0.997 0.003 0.000 0.000 0.000 0.000 0.000 0.000 0.000
0.996 0.004 0.000 0.000 0.000 0.000 0.000 0.000 0.000
0.978 0.021 0.000 0.000 0.000 0.000 0.000 0.000 0.000
0.979 0.006 0.000 0.000 0.000 0.000 0.000 0.015 0.000
0.976 0.005 0.000 0.000 0.000 0.000 0.000 0.019 0.000
0.967 0.005 0.000 0.000 0.000 0.000 0.000 0.028 0.000
