0.653 0.347 0.000 0.000 0.000 0.000 0.000 0.000 0.000
0.736 0.264 0.000 0.000 0.000 0.000 0.000 0.000 0.000
0.720 0.280 0.000 0.000 0.000 0.000 0.000 0.000 0.000
0.989 0.001 0.001 0.000 0.000 0.000 0.000 0.010 0.000
0.992 0.000 0.001 0.000 0.000 0.000 0.000 0.007 0.000
0.993 0.000 0.001 0.000 0.000 0.000 0.000 0.006 0.000
0.995 0.000 0.001 0.000 0.000 0.000 0.000 0.004 0.000
0.995 0.000 0.001 0.000 0.000 0.000 0.000 0.004 0.000
0.994 0.000 0.001 0.000 0.000 0.000 0.000 0.005 0.000
0.994 0.000 0.001 0.000 0.000 0.000 0.000 0.005 0.000
0.993 0.000 0.001 0.000 0.000 0.000 0.000 0.005 0.000
0.993 0.000 0.001 0.000 0.000 0.000 0.000 0.005 0.000
0.995 0.000 0.001 0.000 0.000 0.000 0.000 0.004 0.000
0.996 0.000 0.001 0.000 0.000 0.000 0.000 0.003 0.000
0.969 0.004 0.021 0.000 0.000 0.000 0.000 0.005 0.000
0.967 0.005 0.021 0.000 0.000 0.000 0.000 0.007 0.000
0.967 0.005 0.020 0.000 0.000 0.000 0.000 0.008 0.000
0.972 0.005 0.016 0.000 0.000 0.000 0.000 0.007 0.000
0.978 0.004 0.012 0.000 0.000 0.000 0.000 0.006 0.000
0.985 0.003 0.008 0.000 0.000 0.000 0.000 0.004 0.000
0.990 0.003 0.005 0.000 0.000 0.000 0.000 0.002 0.000
0.993 0.003 0.003 0.000 0.000 0.000 0.000 0.001 0.000
0.992 0.004 0.003 0.000 0.000 0.000 0.000 0.001 0.000
0.658 0.342 0.000 0.000 0.000 0.000 0.000 0.000 0.000
0.641 0.359 0.000 0.000 0.000 0.000 0.000 0.000 0.000
0.579 0.421 0.000 0.000 0.000 0.000 0.000 0.000 0.000
0.984 0.001 0.001 0.000 0.000 0.000 0.000 0.015 0.000
0.988 0.001 0.001 0.000 0.000 0.000 0.000 0.010 0.000
0.991 0.001 0.001 0.000 0.000 0.000 0.000 0.008 0.000
0.992 0.001 0.001 0.000 0.000 0.000 0.000 0.007 0.000
0.990 0.001 0.001 0.000 0.000 0.000 0.000 0.008 0.000
0.989 0.001 0.001 0.000 0.000 0.000 0.000 0.010 0.000
0.990 0.000 0.001 0.000 0.000 0.000 0.000 0.008 0.000
0.991 0.000 0.001 0.000 0.000 0.000 0.000 0.007 0.000
0.990 0.000 0.002 0.000 0.000 0.000 0.000 0.008 0.000
0.991 0.000 0.002 0.000 0.000 0.000 0.000 0.007 0.000
0.993 0.000 0.002 0.000 0.000 0.000 0.000 0.005 0.000
0.994 0.000 0.002 0.000 0.000 0.000 0.000 0.004 0.000
0.969 0.005 0.019 0.000 0.000 0.000 0.000 0.008 0.000
0.967 0.005 0.018 0.000 0.000 0.000 0.000 0.010 0.000
0.974 0.004 0.014 0.000 0.000 0.000 0.000 0.007 0.000
0.983 0.004 0.009 0.000 0.000 0.000 0.000 0.004 0.000
0.990 0.003 0.005 0.000 0.000 0.000 0.000 0.002 0.000
0.991 0.004 0.004 0.000 0.000 0.000 0.000 0.001 0.000
0.991 0.004 0.003 0.000 0.000 0.000 0.000 0.001 0.000
0.992 0.004 0.003 0.000 0.000 0.000 0.000 0.001 0.000
0.992 0.005 0.002 0.000 0.000 0.000 0.000 0.001 0.000
0.521 0.479 0.000 0.000 0.000 0.000 0.000 0.000 0.000
0.594 0.406 0.000 0.000 0.000 0.000 0.000 0.000 0.000
0.579 0.421 0.000 0.000 0.000 0.000 0.000 0.000 0.000
0.980 0.001 0.001 0.000 0.000 0.000 0.000 0.018 0.000
0.984 0.001 0.001 0.000 0.000 0.000 0.000 0.014 0.000
0.988 0.001 0.001 0.000 0.000 0.000 0.000 0.010 0.000
0.988 0.001 0.001 0.000 0.000 0.000 0.000 0.010 0.000
0.984 0.001 0.001 0.000 0.000 0.000 0.000 0.014 0.000
0.982 0.001 0.001 0.000 0.000 0.000 0.000 0.016 0.000
0.986 0.001 0.001 0.000 0.000 0.000 0.000 0.013 0.000
0.989 0.001 0.001 0.000 0.000 0.000 0.000 0.009 0.000
0.986 0.001 0.002 0.000 0.000 0.000 0.000 0.012 0.000
0.984 0.001 0.002 0.000 0.000 0.000 0.000 0.013 0.000
0.986 0.001 0.002 0.000 0.000 0.000 0.000 0.011 0.000
0.991 0.000 0.002 0.000 0.000 0.000 0.000 0.007 0.000
0.992 0.000 0.002 0.000 0.000 0.000 0.000 0.006 0.000
0.991 0.000 0.002 0.000 0.000 0.000 0.000 0.007 0.000
0.973 0.005 0.014 0.000 0.000 0.000 0.000 0.008 0.000
0.982 0.004 0.009 0.000 0.000 0.000 0.000 0.004 0.000
0.989 0.004 0.005 0.000 0.000 0.000 0.000 0.002 0.000
0.990 0.004 0.004 0.000 0.000 0.000 0.000 0.001 0.000
0.990 0.005 0.003 0.000 0.000 0.000 0.000 0.001 0.000
0.991 0.005 0.003 0.000 0.000 0.000 0.000 0.001 0.000
0.992 0.004 0.002 0.000 0.000 0.000 0.000 0.001 0.000
0.992 0.004 0.002 0.000 0.000 0.000 0.000 0.001 0.000
0.992 0.004 0.002 0.000 0.000 0.000 0.000 0.001 0.000
0.391 0.609 0.000 0.000 0.000 0.000 0.000 0.000 0.000
0.527 0.473 0.000 0.000 0.000 0.000 0.000 0.000 0.000
0.509 0.491 0.000 0.000 0.000 0.000 0.000 0.000 0.000
0.395 0.605 0.000 0.000 0.000 0.000 0.000 0.000 0.000
0.970 0.001 0.001 0.000 0.000 0.000 0.000 0.028 0.000
0.976 0.001 0.001 0.000 0.000 0.000 0.000 0.022 0.000
0.980 0.001 0.001 0.000 0.000 0.000 0.000 0.017 0.000
0.983 0.001 0.001 0.000 0.000 0.000 0.000 0.015 0.000
0.979 0.001 0.001 0.000 0.000 0.000 0.000 0.019 0.000
0.974 0.001 0.001 0.000 0.000 0.000 0.000 0.024 0.000
0.977 0.001 0.001 0.000 0.000 0.000 0.000 0.020 0.000
0.980 0.001 0.001 0.000 0.000 0.000 0.000 0.018 0.000
0.986 0.001 0.001 0.000 0.000 0.000 0.000 0.012 0.000
0.983 0.001 0.002 0.000 0.000 0.000 0.000 0.015 0.000
0.978 0.001 0.002 0.000 0.000 0.000 0.000 0.019 0.000
0.976 0.001 0.002 0.000 0.000 0.000 0.000 0.021 0.000
0.988 0.001 0.002 0.000 0.000 0.000 0.000 0.010 0.000
0.989 0.001 0.002 0.000 0.000 0.000 0.000 0.009 0.000
0.988 0.001 0.002 0.000 0.000 0.000 0.000 0.009 0.000
0.988 0.001 0.003 0.000 0.000 0.000 0.000 0.009 0.000
0.990 0.001 0.003 0.000 0.000 0.000 0.000 0.006 0.000
0.993 0.001 0.003 0.000 0.000 0.000 0.000 0.003 0.000
0.983 0.005 0.007 0.000 0.000 0.000 0.000 0.004 0.000
0.987 0.006 0.005 0.000 0.000 0.000 0.000 0.002 0.000
0.989 0.005 0.004 0.000 0.000 0.000 0.000 0.002 0.000
0.990 0.005 0.003 0.000 0.000 0.000 0.000 0.002 0.000
0.989 0.005 0.003 0.000 0.000 0.000 0.000 0.002 0.000
0.990 0.005 0.002 0.000 0.000 0.000 0.000 0.002 0.000
0.992 0.005 0.002 0.000 0.000 0.000 0.000 0.001 0.000
0.992 0.005 0.002 0.000 0.000 0.000 0.000 0.001 0.000
0.992 0.005 0.001 0.000 0.000 0.000 0.000 0.002 0.000
0.420 0.580 0.000 0.000 0.000 0.000 0.000 0.000 0.000
0.425 0.575 0.000 0.000 0.000 0.000 0.000 0.000 0.000
0.386 0.614 0.000 0.000 0.000 0.000 0.000 0.000 0.000
0.958 0.002 0.001 0.000 0.000 0.000 0.000 0.039 0.000
0.965 0.002 0.001 0.000 0.000 0.000 0.000 0.032 0.000
0.954 0.001 0.001 0.000 0.000 0.000 0.000 0.043 0.000
0.959 0.001 0.001 0.000 0.000 0.000 0.000 0.038 0.000
0.960 0.001 0.001 0.000 0.000 0.000 0.000 0.038 0.000
0.975 0.001 0.001 0.000 0.000 0.000 0.000 0.023 0.000
0.971 0.001 0.002 0.000 0.000 0.000 0.000 0.026 0.000
0.982 0.001 0.003 0.000 0.000 0.000 0.000 0.015 0.000
0.980 0.001 0.003 0.000 0.000 0.000 0.000 0.016 0.000
0.982 0.001 0.003 0.000 0.000 0.000 0.000 0.014 0.000
0.987 0.002 0.004 0.000 0.000 0.000 0.000 0.007 0.000
0.983 0.002 0.005 0.000 0.000 0.000 0.000 0.011 0.000
0.985 0.007 0.005 0.000 0.000 0.000 0.000 0.003 0.000
0.988 0.006 0.003 0.000 0.000 0.000 0.000 0.002 0.000
0.990 0.005 0.003 0.000 0.000 0.000 0.000 0.002 0.000
0.989 0.005 0.002 0.000 0.000 0.000 0.000 0.003 0.000
0.989 0.006 0.002 0.000 0.000 0.000 0.000 0.002 0.000
0.991 0.006 0.002 0.000 0.000 0.000 0.000 0.002 0.000
0.991 0.006 0.001 0.000 0.000 0.000 0.000 0.002 0.000
0.991 0.006 0.001 0.000 0.000 0.000 0.000 0.002 0.000
0.990 0.006 0.001 0.000 0.000 0.000 0.000 0.003 0.000
0.260 0.740 0.000 0.000 0.000 0.000 0.000 0.000 0.000
0.360 0.640 0.000 0.000 0.000 0.000 0.000 0.000 0.000
0.341 0.659 0.000 0.000 0.000 0.000 0.000 0.000 0.000
0.915 0.003 0.001 0.000 0.000 0.000 0.000 0.081 0.000
0.935 0.003 0.001 0.000 0.000 0.000 0.000 0.061 0.000
0.953 0.002 0.001 0.000 0.000 0.000 0.000 0.044 0.000
0.937 0.002 0.002 0.000 0.000 0.000 0.000 0.059 0.000
0.940 0.002 0.002 0.000 0.000 0.000 0.000 0.057 0.000
0.956 0.001 0.002 0.000 0.000 0.000 0.000 0.041 0.000
0.959 0.001 0.002 0.000 0.000 0.000 0.000 0.038 0.000
0.959 0.001 0.002 0.000 0.000 0.000 0.000 0.038 0.000
0.972 0.001 0.004 0.000 0.000 0.000 0.000 0.024 0.000
0.968 0.001 0.004 0.000 0.000 0.000 0.000 0.026 0.000
0.965 0.001 0.005 0.000 0.000 0.000 0.000 0.029 0.000
0.962 0.001 0.006 0.000 0.000 0.000 0.000 0.031 0.000
0.963 0.002 0.008 0.000 0.000 0.000 0.000 0.028 0.000
0.983 0.008 0.004 0.000 0.000 0.000 0.000 0.004 0.000
0.985 0.008 0.003 0.000 0.000 0.000 0.000 0.004 0.000
0.989 0.006 0.002 0.000 0.000 0.000 0.000 0.003 0.000
0.989 0.006 0.002 0.000 0.000 0.000 0.000 0.004 0.000
0.988 0.006 0.002 0.000 0.000 0.000 0.000 0.003 0.000
0.988 0.008 0.001 0.000 0.000 0.000 0.000 0.003 0.000
0.281 0.719 0.000 0.000 0.000 0.000 0.000 0.000 0.000
0.275 0.725 0.000 0.000 0.000 0.000 0.000 0.000 0.000
0.241 0.759 0.000 0.000 0.000 0.000 0.000 0.000 0.000
0.854 0.004 0.001 0.000 0.000 0.000 0.000 0.141 0.000
0.882 0.003 0.001 0.000 0.000 0.000 0.000 0.113 0.000
0.897 0.003 0.001 0.000 0.000 0.000 0.000 0.098 0.000
0.897 0.002 0.002 0.000 0.000 0.000 0.000 0.099 0.000
0.919 0.002 0.002 0.000 0.000 0.000 0.000 0.078 0.000
0.928 0.002 0.002 0.000 0.000 0.000 0.000 0.068 0.000
0.937 0.002 0.002 0.000 0.000 0.000 0.000 0.060 0.000
0.938 0.001 0.002 0.000 0.000 0.000 0.000 0.058 0.000
0.932 0.001 0.002 0.000 0.000 0.000 0.000 0.065 0.000
0.960 0.001 0.004 0.000 0.000 0.000 0.000 0.035 0.000
0.960 0.001 0.005 0.000 0.000 0.000 0.000 0.034 0.000
0.950 0.001 0.006 0.000 0.000 0.000 0.000 0.042 0.000
0.956 0.001 0.006 0.000 0.000 0.000 0.000 0.037 0.000
0.965 0.002 0.007 0.000 0.000 0.000 0.000 0.026 0.000
0.973 0.002 0.008 0.000 0.000 0.000 0.000 0.017 0.000
0.989 0.006 0.002 0.000 0.000 0.000 0.000 0.003 0.000
0.990 0.005 0.002 0.000 0.000 0.000 0.000 0.003 0.000
0.990 0.005 0.001 0.000 0.000 0.000 0.000 0.004 0.000
0.987 0.009 0.001 0.000 0.000 0.000 0.000 0.003 0.000
0.986 0.010 0.001 0.000 0.000 0.000 0.000 0.003 0.000
0.181 0.819 0.000 0.000 0.000 0.000 0.000 0.000 0.000
0.227 0.773 0.000 0.000 0.000 0.000 0.000 0.000 0.000
0.215 0.785 0.000 0.000 0.000 0.000 0.000 0.000 0.000
0.810 0.005 0.001 0.000 0.000 0.000 0.000 0.184 0.000
0.835 0.004 0.001 0.000 0.000 0.000 0.000 0.159 0.000
0.874 0.002 0.002 0.000 0.000 0.000 0.000 0.121 0.000
0.891 0.002 0.002 0.000 0.000 0.000 0.000 0.105 0.000
0.904 0.002 0.002 0.000 0.000 0.000 0.000 0.092 0.000
0.907 0.002 0.002 0.000 0.000 0.000 0.000 0.089 0.000
0.891 0.002 0.003 0.000 0.000 0.000 0.000 0.105 0.000
0.888 0.002 0.003 0.000 0.000 0.000 0.000 0.107 0.000
0.847 0.002 0.004 0.000 0.000 0.000 0.000 0.147 0.000
0.953 0.001 0.006 0.000 0.000 0.000 0.000 0.040 0.000
0.950 0.001 0.006 0.000 0.000 0.000 0.000 0.042 0.000
0.950 0.001 0.007 0.000 0.000 0.000 0.000 0.041 0.000
0.955 0.002 0.008 0.000 0.000 0.000 0.000 0.036 0.000
0.964 0.003 0.009 0.000 0.000 0.000 0.000 0.025 0.000
0.971 0.003 0.009 0.000 0.000 0.000 0.000 0.018 0.000
0.989 0.007 0.001 0.000 0.000 0.000 0.000 0.003 0.000
0.990 0.006 0.001 0.000 0.000 0.000 0.000 0.003 0.000
0.986 0.010 0.001 0.000 0.000 0.000 0.000 0.003 0.000
0.985 0.011 0.001 0.000 0.000 0.000 0.000 0.003 0.000
0.986 0.010 0.001 0.000 0.000 0.000 0.000 0.004 0.000
0.100 0.900 0.000 0.000 0.000 0.000 0.000 0.000 0.000
0.182 0.818 0.000 0.000 0.000 0.000 0.000 0.000 0.000
0.169 0.831 0.000 0.000 0.000 0.000 0.000 0.000 0.000
0.716 0.006 0.001 0.000 0.000 0.000 0.000 0.276 0.000
0.745 0.006 0.001 0.000 0.000 0.000 0.000 0.248 0.000
0.768 0.005 0.001 0.000 0.000 0.000 0.000 0.225 0.000
0.860 0.002 0.003 0.000 0.000 0.000 0.000 0.135 0.000
0.858 0.002 0.003 0.000 0.000 0.000 0.000 0.137 0.000
0.850 0.002 0.003 0.000 0.000 0.000 0.000 0.145 0.000
0.785 0.002 0.004 0.000 0.000 0.000 0.000 0.209 0.000
0.926 0.002 0.003 0.000 0.000 0.000 0.000 0.069 0.000
0.980 0.002 0.002 0.000 0.000 0.000 0.000 0.016 0.000
0.941 0.002 0.007 0.000 0.000 0.000 0.000 0.051 0.000
0.938 0.002 0.007 0.000 0.000 0.000 0.000 0.053 0.000
0.940 0.002 0.008 0.000 0.000 0.000 0.000 0.050 0.000
0.940 0.002 0.009 0.000 0.000 0.000 0.000 0.049 0.000
0.950 0.002 0.010 0.000 0.000 0.000 0.000 0.037 0.000
0.950 0.003 0.012 0.000 0.000 0.000 0.000 0.036 0.000
0.988 0.007 0.001 0.000 0.000 0.000 0.000 0.003 0.000
0.984 0.010 0.001 0.000 0.000 0.000 0.000 0.005 0.000
0.983 0.012 0.001 0.000 0.000 0.000 0.000 0.005 0.000
0.982 0.013 0.001 0.000 0.000 0.000 0.000 0.004 0.000
0.981 0.015 0.001 0.000 0.000 0.000 0.000 0.004 0.000
0.119 0.881 0.000 0.000 0.000 0.000 0.000 0.000 0.000
0.128 0.872 0.000 0.000 0.000 0.000 0.000 0.000 0.000
0.123 0.877 0.000 0.000 0.000 0.000 0.000 0.000 0.000
0.583 0.008 0.001 0.000 0.000 0.000 0.000 0.409 0.000
0.631 0.007 0.001 0.000 0.000 0.000 0.000 0.360 0.000
0.669 0.007 0.001 0.000 0.000 0.000 0.000 0.323 0.000
0.791 0.003 0.003 0.000 0.000 0.000 0.000 0.203 0.000
0.756 0.002 0.004 0.000 0.000 0.000 0.000 0.238 0.000
0.843 0.003 0.003 0.000 0.000 0.000 0.000 0.150 0.000
0.890 0.004 0.004 0.000 0.000 0.000 0.000 0.102 0.000
0.887 0.004 0.004 0.000 0.000 0.000 0.000 0.105 0.000
0.755 0.002 0.005 0.000 0.000 0.000 0.000 0.237 0.000
0.932 0.002 0.008 0.000 0.000 0.000 0.000 0.058 0.000
0.924 0.002 0.009 0.000 0.000 0.000 0.000 0.064 0.000
0.925 0.002 0.010 0.000 0.000 0.000 0.000 0.063 0.000
0.928 0.002 0.012 0.000 0.000 0.000 0.000 0.058 0.000
0.935 0.003 0.014 0.000 0.000 0.000 0.000 0.048 0.000
0.983 0.010 0.001 0.000 0.000 0.000 0.000 0.007 0.000
0.981 0.011 0.001 0.000 0.000 0.000 0.000 0.007 0.000
0.981 0.013 0.001 0.000 0.000 0.000 0.000 0.005 0.000
0.978 0.016 0.000 0.000 0.000 0.000 0.000 0.005 0.000
0.976 0.018 0.000 0.000 0.000 0.000 0.000 0.005 0.000
0.061 0.939 0.000 0.000 0.000 0.000 0.000 0.000 0.000
0.109 0.891 0.000 0.000 0.000 0.000 0.000 0.000 0.000
0.101 0.899 0.000 0.000 0.000 0.000 0.000 0.000 0.000
0.539 0.008 0.001 0.000 0.000 0.000 0.000 0.451 0.000
0.536 0.008 0.001 0.000 0.000 0.000 0.000 0.456 0.000
0.552 0.008 0.001 0.000 0.000 0.000 0.000 0.439 0.000
0.767 0.003 0.003 0.000 0.000 0.000 0.000 0.226 0.000
0.771 0.003 0.004 0.000 0.000 0.000 0.000 0.223 0.000
0.736 0.003 0.004 0.000 0.000 0.000 0.000 0.257 0.000
0.714 0.003 0.005 0.000 0.000 0.000 0.000 0.279 0.000
0.710 0.003 0.005 0.000 0.000 0.000 0.000 0.282 0.000
0.731 0.003 0.006 0.000 0.000 0.000 0.000 0.261 0.000
0.909 0.002 0.010 0.000 0.000 0.000 0.000 0.078 0.000
0.911 0.002 0.011 0.000 0.000 0.000 0.000 0.075 0.000
0.911 0.002 0.013 0.000 0.000 0.000 0.000 0.074 0.000
0.917 0.003 0.015 0.000 0.000 0.000 0.000 0.065 0.000
0.986 0.009 0.001 0.000 0.000 0.000 0.000 0.004 0.000
0.986 0.008 0.001 0.000 0.000 0.000 0.000 0.005 0.000
0.985 0.008 0.001 0.000 0.000 0.000 0.000 0.006 0.000
0.982 0.010 0.001 0.000 0.000 0.000 0.000 0.007 0.000
0.977 0.014 0.001 0.000 0.000 0.000 0.000 0.009 0.000
0.976 0.016 0.000 0.000 0.000 0.000 0.000 0.008 0.000
0.975 0.017 0.000 0.000 0.000 0.000 0.000 0.007 0.000
0.972 0.021 0.000 0.000 0.000 0.000 0.000 0.006 0.000
0.075 0.925 0.000 0.000 0.000 0.000 0.000 0.000 0.000
0.074 0.926 0.000 0.000 0.000 0.000 0.000 0.000 0.000
0.066 0.934 0.000 0.000 0.000 0.000 0.000 0.000 0.000
0.427 0.011 0.001 0.000 0.000 0.000 0.000 0.561 0.000
0.476 0.011 0.001 0.000 0.000 0.000 0.000 0.512 0.000
0.465 0.010 0.001 0.000 0.000 0.000 0.000 0.524 0.000
0.717 0.003 0.004 0.000 0.000 0.000 0.000 0.275 0.000
0.686 0.003 0.005 0.000 0.000 0.000 0.000 0.306 0.000
0.664 0.003 0.005 0.000 0.000 0.000 0.000 0.328 0.000
0.678 0.003 0.006 0.000 0.000 0.000 0.000 0.313 0.000
0.898 0.003 0.012 0.000 0.000 0.000 0.000 0.087 0.000
0.891 0.003 0.013 0.000 0.000 0.000 0.000 0.093 0.000
0.899 0.002 0.014 0.000 0.000 0.000 0.000 0.084 0.000
0.901 0.003 0.015 0.000 0.000 0.000 0.000 0.080 0.000
0.897 0.003 0.017 0.000 0.000 0.000 0.000 0.082 0.000
0.984 0.009 0.000 0.000 0.000 0.000 0.000 0.006 0.000
0.983 0.010 0.000 0.000 0.000 0.000 0.000 0.006 0.000
0.978 0.012 0.000 0.000 0.000 0.000 0.000 0.010 0.000
0.974 0.015 0.000 0.000 0.000 0.000 0.000 0.010 0.000
0.971 0.019 0.000 0.000 0.000 0.000 0.000 0.010 0.000
0.969 0.021 0.000 0.000 0.000 0.000 0.000 0.009 0.000
0.965 0.026 0.000 0.000 0.000 0.000 0.000 0.008 0.000
0.044 0.956 0.000 0.000 0.000 0.000 0.000 0.000 0.000
0.063 0.937 0.000 0.000 0.000 0.000 0.000 0.000 0.000
0.055 0.945 0.000 0.000 0.000 0.000 0.000 0.000 0.000
0.303 0.012 0.001 0.000 0.000 0.000 0.000 0.684 0.000
0.369 0.013 0.001 0.000 0.000 0.000 0.000 0.617 0.000
0.381 0.012 0.001 0.000 0.000 0.000 0.000 0.606 0.000
0.619 0.003 0.005 0.000 0.000 0.000 0.000 0.372 0.000
0.580 0.003 0.006 0.000 0.000 0.000 0.000 0.411 0.000
0.595 0.003 0.006 0.000 0.000 0.000 0.000 0.395 0.000
0.653 0.004 0.007 0.000 0.000 0.000 0.000 0.336 0.000
0.887 0.003 0.014 0.000 0.000 0.000 0.000 0.097 0.000
0.893 0.003 0.014 0.000 0.000 0.000 0.000 0.090 0.000
0.860 0.003 0.018 0.000 0.000 0.000 0.000 0.119 0.000
0.812 0.003 0.024 0.000 0.000 0.000 0.000 0.161 0.000
0.982 0.011 0.000 0.000 0.000 0.000 0.000 0.007 0.000
0.979 0.012 0.000 0.000 0.000 0.000 0.000 0.009 0.000
0.976 0.013 0.000 0.000 0.000 0.000 0.000 0.010 0.000
0.969 0.017 0.000 0.000 0.000 0.000 0.000 0.013 0.000
0.964 0.023 0.000 0.000 0.000 0.000 0.000 0.013 0.000
0.963 0.025 0.000 0.000 0.000 0.000 0.000 0.012 0.000
0.960 0.029 0.000 0.000 0.000 0.000 0.000 0.011 0.000
0.047 0.953 0.000 0.000 0.000 0.000 0.000 0.000 0.000
0.042 0.958 0.000 0.000 0.000 0.000 0.000 0.000 0.000
0.030 0.970 0.000 0.000 0.000 0.000 0.000 0.000 0.000
0.267 0.014 0.001 0.000 0.000 0.000 0.000 0.719 0.000
0.298 0.014 0.001 0.000 0.000 0.000 0.000 0.688 0.000
0.608 0.004 0.005 0.000 0.000 0.000 0.000 0.384 0.000
0.541 0.004 0.006 0.000 0.000 0.000 0.000 0.449 0.000
0.559 0.004 0.007 0.000 0.000 0.000 0.000 0.430 0.000
0.617 0.004 0.007 0.000 0.000 0.000 0.000 0.372 0.000
0.670 0.005 0.008 0.000 0.000 0.000 0.000 0.317 0.000
0.822 0.003 0.018 0.000 0.000 0.000 0.000 0.156 0.000
0.853 0.003 0.019 0.000 0.000 0.000 0.000 0.124 0.000
0.979 0.012 0.000 0.000 0.000 0.000 0.000 0.008 0.000
0.975 0.015 0.000 0.000 0.000 0.000 0.000 0.010 0.000
0.970 0.016 0.000 0.000 0.000 0.000 0.000 0.013 0.000
0.962 0.020 0.000 0.000 0.000 0.000 0.000 0.017 0.000
0.956 0.026 0.000 0.000 0.000 0.000 0.000 0.018 0.000
0.947 0.033 0.000 0.000 0.000 0.000 0.000 0.019 0.000
0.941 0.038 0.000 0.000 0.000 0.000 0.000 0.020 0.000
0.946 0.039 0.000 0.000 0.000 0.000 0.000 0.015 0.000
0.028 0.972 0.000 0.000 0.000 0.000 0.000 0.000 0.000
0.034 0.966 0.000 0.000 0.000 0.000 0.000 0.000 0.000
0.032 0.968 0.000 0.000 0.000 0.000 0.000 0.000 0.000
0.194 0.016 0.000 0.000 0.000 0.000 0.000 0.790 0.000
0.229 0.016 0.001 0.000 0.000 0.000 0.000 0.754 0.000
0.235 0.015 0.001 0.000 0.000 0.000 0.000 0.749 0.000
0.530 0.004 0.006 0.000 0.000 0.000 0.000 0.461 0.000
0.522 0.004 0.006 0.000 0.000 0.000 0.000 0.467 0.000
0.556 0.004 0.007 0.000 0.000 0.000 0.000 0.432 0.000
0.590 0.005 0.007 0.000 0.000 0.000 0.000 0.398 0.000
0.814 0.005 0.019 0.001 0.000 0.000 0.000 0.162 0.000
0.805 0.004 0.021 0.001 0.000 0.000 0.000 0.169 0.000
0.800 0.004 0.023 0.001 0.000 0.000 0.000 0.173 0.000
0.976 0.014 0.000 0.000 0.000 0.000 0.000 0.010 0.000
0.971 0.016 0.000 0.000 0.000 0.000 0.000 0.012 0.000
0.966 0.019 0.000 0.000 0.000 0.000 0.000 0.015 0.000
0.956 0.023 0.000 0.000 0.000 0.000 0.000 0.021 0.000
0.915 0.037 0.000 0.000 0.000 0.000 0.000 0.048 0.000
0.935 0.033 0.000 0.000 0.000 0.000 0.000 0.031 0.000
0.945 0.037 0.000 0.000 0.000 0.000 0.000 0.018 0.000
0.936 0.044 0.000 0.000 0.000 0.000 0.000 0.019 0.000
0.032 0.968 0.000 0.000 0.000 0.000 0.000 0.000 0.000
0.027 0.973 0.000 0.000 0.000 0.000 0.000 0.000 0.000
0.018 0.982 0.000 0.000 0.000 0.000 0.000 0.000 0.000
0.164 0.018 0.000 0.000 0.000 0.000 0.000 0.818 0.000
0.183 0.018 0.000 0.000 0.000 0.000 0.000 0.799 0.000
0.494 0.005 0.006 0.000 0.000 0.000 0.000 0.495 0.000
0.529 0.005 0.006 0.000 0.000 0.000 0.000 0.459 0.000
0.511 0.005 0.007 0.000 0.000 0.000 0.000 0.477 0.000
0.521 0.005 0.008 0.000 0.000 0.000 0.000 0.466 0.000
0.374 0.004 0.008 0.000 0.000 0.000 0.000 0.614 0.000
0.746 0.006 0.021 0.001 0.000 0.000 0.000 0.227 0.000
0.768 0.006 0.022 0.001 0.000 0.000 0.000 0.204 0.000
0.751 0.005 0.024 0.001 0.000 0.000 0.000 0.220 0.000
0.709 0.004 0.027 0.001 0.000 0.000 0.000 0.260 0.000
0.966 0.019 0.000 0.000 0.000 0.000 0.000 0.015 0.000
0.960 0.021 0.000 0.000 0.000 0.000 0.000 0.019 0.000
0.929 0.022 0.000 0.000 0.000 0.000 0.000 0.049 0.000
0.934 0.031 0.000 0.000 0.000 0.000 0.000 0.035 0.000
0.936 0.039 0.000 0.000 0.000 0.000 0.000 0.025 0.000
0.932 0.044 0.000 0.000 0.000 0.000 0.000 0.024 0.000
0.023 0.977 0.000 0.000 0.000 0.000 0.000 0.000 0.000
0.021 0.979 0.000 0.000 0.000 0.000 0.000 0.000 0.000
0.018 0.982 0.000 0.000 0.000 0.000 0.000 0.000 0.000
0.122 0.020 0.000 0.000 0.000 0.000 0.000 0.857 0.000
0.136 0.020 0.000 0.000 0.000 0.000 0.000 0.843 0.000
0.141 0.019 0.000 0.000 0.000 0.000 0.000 0.840 0.000
0.510 0.006 0.007 0.000 0.000 0.000 0.000 0.477 0.000
0.337 0.004 0.007 0.000 0.000 0.000 0.000 0.652 0.000
0.323 0.003 0.007 0.000 0.000 0.000 0.000 0.667 0.000
0.557 0.004 0.008 0.000 0.000 0.000 0.000 0.430 0.000
0.183 0.001 0.007 0.000 0.000 0.000 0.000 0.809 0.000
0.483 0.005 0.018 0.001 0.000 0.000 0.000 0.494 0.000
0.606 0.006 0.020 0.001 0.000 0.000 0.000 0.367 0.000
0.642 0.007 0.022 0.001 0.000 0.000 0.000 0.327 0.000
0.684 0.006 0.023 0.001 0.000 0.000 0.000 0.285 0.000
0.716 0.006 0.024 0.001 0.000 0.000 0.000 0.254 0.000
0.721 0.006 0.026 0.001 0.000 0.000 0.000 0.246 0.000
0.631 0.005 0.030 0.001 0.000 0.000 0.000 0.334 0.000
0.951 0.023 0.000 0.000 0.000 0.000 0.000 0.026 0.000
0.942 0.030 0.000 0.000 0.000 0.000 0.000 0.028 0.000
0.925 0.039 0.000 0.000 0.000 0.000 0.000 0.035 0.000
0.920 0.047 0.000 0.000 0.000 0.000 0.000 0.033 0.000
0.921 0.050 0.000 0.000 0.000 0.000 0.000 0.029 0.000
0.912 0.060 0.000 0.000 0.000 0.000 0.000 0.028 0.000
0.012 0.988 0.000 0.000 0.000 0.000 0.000 0.000 0.000
0.020 0.980 0.000 0.000 0.000 0.000 0.000 0.000 0.000
0.016 0.984 0.000 0.000 0.000 0.000 0.000 0.000 0.000
0.008 0.992 0.000 0.000 0.000 0.000 0.000 0.000 0.000
0.088 0.027 0.000 0.000 0.000 0.000 0.000 0.884 0.000
0.098 0.022 0.000 0.000 0.000 0.000 0.000 0.880 0.000
0.097 0.020 0.000 0.000 0.000 0.000 0.000 0.882 0.000
0.486 0.006 0.007 0.001 0.000 0.000 0.000 0.501 0.000
0.540 0.009 0.008 0.001 0.000 0.000 0.000 0.442 0.000
0.478 0.006 0.008 0.001 0.000 0.000 0.000 0.507 0.000
0.483 0.006 0.009 0.001 0.000 0.000 0.000 0.501 0.000
0.241 0.002 0.008 0.000 0.000 0.000 0.000 0.749 0.000
0.190 0.002 0.008 0.000 0.000 0.000 0.000 0.801 0.000
0.345 0.004 0.011 0.000 0.000 0.000 0.000 0.640 0.000
0.367 0.004 0.013 0.000 0.000 0.000 0.000 0.615 0.000
0.422 0.005 0.015 0.001 0.000 0.000 0.000 0.558 0.000
0.415 0.006 0.017 0.001 0.000 0.000 0.000 0.562 0.000
0.435 0.006 0.019 0.001 0.000 0.000 0.000 0.539 0.000
0.517 0.007 0.022 0.001 0.000 0.000 0.000 0.453 0.000
0.602 0.007 0.023 0.002 0.000 0.000 0.000 0.366 0.000
0.634 0.007 0.024 0.002 0.000 0.000 0.000 0.333 0.000
0.644 0.006 0.026 0.002 0.000 0.000 0.000 0.322 0.000
0.627 0.006 0.029 0.001 0.000 0.000 0.000 0.337 0.000
0.945 0.030 0.000 0.000 0.000 0.000 0.000 0.025 0.000
0.926 0.036 0.000 0.000 0.000 0.000 0.000 0.037 0.000
0.911 0.045 0.000 0.000 0.000 0.000 0.000 0.044 0.000
0.904 0.054 0.000 0.000 0.000 0.000 0.000 0.041 0.000
0.905 0.058 0.000 0.000 0.000 0.000 0.000 0.037 0.000
0.895 0.070 0.000 0.000 0.000 0.000 0.000 0.034 0.000
0.016 0.984 0.000 0.000 0.000 0.000 0.000 0.000 0.000
0.014 0.986 0.000 0.000 0.000 0.000 0.000 0.000 0.000
0.011 0.989 0.000 0.000 0.000 0.000 0.000 0.000 0.000
0.065 0.021 0.000 0.000 0.000 0.000 0.000 0.913 0.000
0.075 0.023 0.000 0.000 0.000 0.000 0.000 0.901 0.000
0.072 0.020 0.000 0.000 0.000 0.000 0.000 0.908 0.000
0.392 0.007 0.008 0.001 0.000 0.000 0.000 0.592 0.000
0.417 0.006 0.009 0.001 0.000 0.000 0.000 0.566 0.000
0.403 0.006 0.010 0.001 0.000 0.000 0.000 0.580 0.000
0.383 0.005 0.011 0.001 0.000 0.000 0.000 0.600 0.000
0.393 0.006 0.012 0.001 0.000 0.000 0.000 0.588 0.000
0.376 0.005 0.014 0.001 0.000 0.000 0.000 0.604 0.000
0.387 0.005 0.015 0.001 0.000 0.000 0.000 0.591 0.000
0.361 0.005 0.017 0.001 0.000 0.000 0.000 0.616 0.000
0.413 0.007 0.020 0.002 0.000 0.000 0.000 0.559 0.000
0.456 0.007 0.022 0.002 0.000 0.000 0.000 0.513 0.000
0.542 0.007 0.024 0.002 0.000 0.000 0.000 0.425 0.000
0.564 0.007 0.025 0.002 0.000 0.000 0.000 0.401 0.000
0.549 0.006 0.028 0.002 0.000 0.000 0.000 0.416 0.000
0.536 0.006 0.030 0.002 0.000 0.000 0.000 0.426 0.000
0.931 0.035 0.000 0.000 0.000 0.000 0.000 0.034 0.000
0.916 0.040 0.000 0.000 0.000 0.000 0.000 0.044 0.000
0.896 0.051 0.000 0.000 0.000 0.000 0.000 0.053 0.000
0.886 0.065 0.000 0.000 0.000 0.000 0.000 0.049 0.000
0.883 0.071 0.000 0.000 0.000 0.000 0.000 0.046 0.000
0.881 0.078 0.000 0.000 0.000 0.000 0.000 0.041 0.000
0.010 0.990 0.000 0.000 0.000 0.000 0.000 0.000 0.000
0.013 0.987 0.000 0.000 0.000 0.000 0.000 0.000 0.000
0.011 0.989 0.000 0.000 0.000 0.000 0.000 0.000 0.000
0.057 0.027 0.000 0.000 0.000 0.000 0.000 0.916 0.000
0.053 0.023 0.000 0.000 0.000 0.000 0.000 0.924 0.000
0.302 0.007 0.008 0.001 0.000 0.000 0.000 0.682 0.000
0.334 0.007 0.009 0.001 0.000 0.000 0.000 0.649 0.000
0.344 0.006 0.010 0.001 0.000 0.000 0.000 0.638 0.000
0.362 0.006 0.011 0.001 0.000 0.000 0.000 0.619 0.000
0.340 0.006 0.014 0.001 0.000 0.000 0.000 0.639 0.000
0.321 0.006 0.015 0.001 0.000 0.000 0.000 0.657 0.000
0.341 0.006 0.017 0.001 0.000 0.000 0.000 0.635 0.000
0.380 0.007 0.020 0.002 0.000 0.000 0.000 0.591 0.000
0.425 0.007 0.022 0.002 0.000 0.000 0.000 0.543 0.000
0.463 0.007 0.024 0.002 0.000 0.000 0.000 0.503 0.000
0.504 0.007 0.027 0.002 0.000 0.000 0.000 0.459 0.000
0.524 0.007 0.029 0.002 0.000 0.000 0.000 0.438 0.000
0.922 0.040 0.000 0.000 0.000 0.000 0.000 0.037 0.000
0.901 0.046 0.000 0.000 0.000 0.000 0.000 0.053 0.000
0.864 0.062 0.000 0.000 0.000 0.000 0.000 0.074 0.000
0.857 0.075 0.000 0.000 0.000 0.000 0.000 0.068 0.000
0.869 0.080 0.000 0.000 0.000 0.000 0.000 0.051 0.000
0.858 0.092 0.000 0.000 0.000 0.000 0.000 0.049 0.000
0.012 0.988 0.000 0.000 0.000 0.000 0.000 0.000 0.000
0.010 0.990 0.000 0.000 0.000 0.000 0.000 0.000 0.000
0.006 0.994 0.000 0.000 0.000 0.000 0.000 0.000 0.000
0.039 0.027 0.000 0.000 0.000 0.000 0.000 0.933 0.000
0.042 0.028 0.000 0.000 0.000 0.000 0.000 0.929 0.000
0.035 0.022 0.000 0.000 0.000 0.000 0.000 0.943 0.000
0.312 0.006 0.017 0.002 0.000 0.000 0.000 0.662 0.000
0.341 0.007 0.020 0.002 0.000 0.000 0.000 0.631 0.000
0.409 0.007 0.022 0.003 0.000 0.000 0.000 0.559 0.000
0.450 0.007 0.025 0.003 0.000 0.000 0.000 0.515 0.000
0.446 0.007 0.027 0.003 0.000 0.000 0.000 0.517 0.000
0.437 0.006 0.030 0.003 0.000 0.000 0.000 0.524 0.000
0.906 0.047 0.000 0.000 0.000 0.000 0.000 0.047 0.000
0.873 0.054 0.000 0.000 0.000 0.000 0.000 0.073 0.000
0.843 0.066 0.000 0.000 0.000 0.000 0.000 0.091 0.000
0.833 0.088 0.000 0.000 0.000 0.000 0.000 0.079 0.000
0.843 0.092 0.000 0.000 0.000 0.000 0.000 0.065 0.000
0.837 0.110 0.000 0.000 0.000 0.000 0.000 0.053 0.000
0.009 0.991 0.000 0.000 0.000 0.000 0.000 0.000 0.000
0.009 0.991 0.000 0.000 0.000 0.000 0.000 0.000 0.000
0.008 0.992 0.000 0.000 0.000 0.000 0.000 0.000 0.000
0.035 0.032 0.000 0.000 0.000 0.000 0.000 0.932 0.000
0.031 0.027 0.000 0.000 0.000 0.000 0.000 0.941 0.000
0.390 0.007 0.023 0.003 0.000 0.000 0.000 0.577 0.000
0.419 0.007 0.025 0.004 0.000 0.000 0.000 0.545 0.000
0.379 0.006 0.027 0.003 0.000 0.000 0.000 0.584 0.000
0.378 0.007 0.030 0.003 0.000 0.000 0.000 0.582 0.000
0.882 0.052 0.000 0.000 0.000 0.000 0.000 0.065 0.000
0.862 0.061 0.000 0.000 0.000 0.000 0.000 0.077 0.000
0.812 0.079 0.000 0.000 0.000 0.000 0.000 0.109 0.000
0.814 0.099 0.000 0.000 0.000 0.000 0.000 0.086 0.000
0.827 0.110 0.000 0.000 0.000 0.000 0.000 0.063 0.000
0.817 0.133 0.000 0.000 0.000 0.000 0.000 0.050 0.000
0.008 0.992 0.000 0.000 0.000 0.000 0.000 0.000 0.000
0.007 0.993 0.000 0.000 0.000 0.000 0.000 0.000 0.000
0.025 0.037 0.000 0.000 0.000 0.000 0.000 0.938 0.000
0.028 0.036 0.000 0.000 0.000 0.000 0.000 0.936 0.000
0.022 0.028 0.000 0.000 0.000 0.000 0.000 0.949 0.000
0.344 0.008 0.021 0.005 0.000 0.000 0.000 0.622 0.000
0.359 0.007 0.023 0.004 0.000 0.000 0.000 0.607 0.000
0.366 0.007 0.026 0.004 0.000 0.000 0.000 0.596 0.000
0.370 0.008 0.029 0.005 0.000 0.000 0.000 0.587 0.000
0.870 0.063 0.000 0.000 0.000 0.000 0.000 0.067 0.000
0.824 0.073 0.000 0.000 0.000 0.000 0.000 0.103 0.000
0.801 0.095 0.000 0.000 0.000 0.000 0.000 0.104 0.000
0.801 0.119 0.000 0.000 0.000 0.000 0.000 0.080 0.000
0.807 0.133 0.000 0.000 0.000 0.000 0.000 0.060 0.000
0.790 0.161 0.000 0.000 0.000 0.000 0.000 0.049 0.000
0.006 0.994 0.000 0.000 0.000 0.000 0.000 0.000 0.000
0.005 0.995 0.000 0.000 0.000 0.000 0.000 0.000 0.000
0.005 0.995 0.000 0.000 0.000 0.000 0.000 0.000 0.000
0.020 0.040 0.000 0.000 0.000 0.000 0.000 0.940 0.000
0.019 0.035 0.000 0.000 0.000 0.000 0.000 0.946 0.000
0.314 0.008 0.019 0.006 0.000 0.000 0.000 0.652 0.000
0.331 0.008 0.022 0.006 0.000 0.000 0.000 0.634 0.000
0.340 0.008 0.024 0.006 0.000 0.000 0.000 0.622 0.000
0.329 0.007 0.026 0.005 0.000 0.000 0.000 0.633 0.000
0.385 0.008 0.029 0.006 0.000 0.000 0.000 0.571 0.000
0.345 0.009 0.035 0.009 0.000 0.000 0.000 0.602 0.000
0.845 0.075 0.000 0.000 0.000 0.000 0.000 0.080 0.000
0.825 0.086 0.000 0.000 0.000 0.000 0.000 0.089 0.000
0.790 0.113 0.000 0.000 0.000 0.000 0.000 0.097 0.000
0.779 0.144 0.000 0.000 0.000 0.000 0.000 0.076 0.000
0.771 0.161 0.000 0.000 0.000 0.000 0.000 0.067 0.000
0.769 0.180 0.000 0.000 0.000 0.000 0.000 0.050 0.000
0.004 0.996 0.000 0.000 0.000 0.000 0.000 0.000 0.000
0.006 0.994 0.000 0.000 0.000 0.000 0.000 0.000 0.000
0.004 0.996 0.000 0.000 0.000 0.000 0.000 0.000 0.000
0.017 0.047 0.000 0.000 0.000 0.000 0.000 0.936 0.000
0.015 0.042 0.000 0.000 0.000 0.000 0.000 0.943 0.000
0.012 0.032 0.000 0.000 0.000 0.000 0.000 0.955 0.000
0.251 0.009 0.018 0.007 0.000 0.000 0.000 0.716 0.000
0.282 0.009 0.020 0.008 0.000 0.000 0.000 0.681 0.000
0.320 0.009 0.022 0.008 0.000 0.000 0.000 0.641 0.000
0.352 0.009 0.025 0.010 0.000 0.000 0.000 0.603 0.000
0.353 0.008 0.027 0.008 0.000 0.000 0.000 0.604 0.000
0.377 0.008 0.030 0.008 0.000 0.000 0.000 0.577 0.000
0.841 0.087 0.000 0.000 0.000 0.000 0.000 0.072 0.000
0.793 0.108 0.000 0.000 0.000 0.000 0.000 0.099 0.000
0.756 0.140 0.000 0.000 0.000 0.000 0.000 0.103 0.000
0.746 0.167 0.000 0.000 0.000 0.000 0.000 0.088 0.000
0.745 0.187 0.000 0.000 0.000 0.000 0.000 0.069 0.000
0.725 0.220 0.000 0.000 0.000 0.000 0.000 0.055 0.000
0.005 0.995 0.000 0.000 0.000 0.000 0.000 0.000 0.000
0.004 0.996 0.000 0.000 0.000 0.000 0.000 0.000 0.000
0.003 0.997 0.000 0.000 0.000 0.000 0.000 0.000 0.000
0.013 0.051 0.000 0.000 0.000 0.000 0.000 0.937 0.000
0.010 0.038 0.000 0.000 0.000 0.000 0.000 0.952 0.000
0.214 0.009 0.018 0.010 0.000 0.000 0.000 0.749 0.000
0.250 0.011 0.021 0.014 0.000 0.000 0.000 0.705 0.000
0.304 0.010 0.024 0.013 0.000 0.000 0.000 0.650 0.000
0.342 0.011 0.027 0.016 0.000 0.000 0.000 0.603 0.000
0.351 0.010 0.029 0.014 0.000 0.000 0.000 0.596 0.000
0.334 0.008 0.031 0.011 0.000 0.000 0.000 0.615 0.000
0.818 0.104 0.000 0.000 0.000 0.000 0.000 0.077 0.000
0.778 0.123 0.000 0.000 0.000 0.000 0.000 0.099 0.000
0.740 0.150 0.000 0.000 0.000 0.000 0.000 0.110 0.000
0.733 0.181 0.000 0.000 0.000 0.000 0.000 0.085 0.000
0.723 0.204 0.000 0.000 0.000 0.000 0.000 0.073 0.000
0.699 0.243 0.000 0.000 0.000 0.000 0.000 0.058 0.000
0.003 0.997 0.000 0.000 0.000 0.000 0.000 0.000 0.000
0.004 0.996 0.000 0.000 0.000 0.000 0.000 0.000 0.000
0.003 0.997 0.000 0.000 0.000 0.000 0.000 0.000 0.000
0.011 0.065 0.000 0.000 0.000 0.000 0.000 0.924 0.000
0.009 0.050 0.000 0.000 0.000 0.000 0.000 0.941 0.000
0.006 0.033 0.000 0.000 0.000 0.000 0.000 0.961 0.000
0.208 0.010 0.021 0.015 0.000 0.000 0.000 0.746 0.000
0.265 0.011 0.024 0.018 0.000 0.000 0.000 0.681 0.000
0.319 0.012 0.028 0.019 0.000 0.000 0.000 0.622 0.000
0.343 0.011 0.029 0.016 0.000 0.000 0.000 0.601 0.000
0.319 0.009 0.031 0.012 0.000 0.000 0.000 0.630 0.000
0.321 0.008 0.033 0.010 0.000 0.000 0.000 0.627 0.000
0.797 0.118 0.000 0.000 0.000 0.000 0.000 0.084 0.000
0.761 0.138 0.000 0.000 0.000 0.000 0.000 0.100 0.000
0.718 0.176 0.000 0.000 0.000 0.000 0.000 0.106 0.000
0.707 0.201 0.000 0.000 0.000 0.000 0.000 0.092 0.000
0.700 0.229 0.000 0.000 0.000 0.000 0.000 0.071 0.000
0.002 0.998 0.000 0.000 0.000 0.000 0.000 0.000 0.000
0.004 0.996 0.000 0.000 0.000 0.000 0.000 0.000 0.000
0.003 0.997 0.000 0.000 0.000 0.000 0.000 0.000 0.000
0.002 0.998 0.000 0.000 0.000 0.000 0.000 0.000 0.000
0.008 0.067 0.000 0.000 0.000 0.000 0.000 0.925 0.000
0.008 0.071 0.000 0.000 0.000 0.000 0.000 0.920 0.000
0.006 0.044 0.000 0.000 0.000 0.000 0.000 0.951 0.000
0.219 0.011 0.021 0.017 0.000 0.000 0.000 0.732 0.000
0.256 0.012 0.025 0.021 0.000 0.000 0.000 0.686 0.000
0.324 0.013 0.028 0.022 0.000 0.000 0.000 0.613 0.000
0.352 0.013 0.031 0.021 0.000 0.000 0.000 0.584 0.000
0.326 0.009 0.031 0.013 0.000 0.000 0.000 0.620 0.000
0.342 0.009 0.034 0.012 0.000 0.000 0.000 0.604 0.000
0.788 0.134 0.000 0.000 0.000 0.000 0.000 0.078 0.000
0.727 0.168 0.000 0.000 0.000 0.000 0.000 0.104 0.000
0.695 0.195 0.000 0.000 0.000 0.000 0.000 0.110 0.000
0.683 0.236 0.000 0.000 0.000 0.000 0.000 0.081 0.000
0.673 0.260 0.000 0.000 0.000 0.000 0.000 0.067 0.000
0.003 0.997 0.000 0.000 0.000 0.000 0.000 0.000 0.000
0.003 0.997 0.000 0.000 0.000 0.000 0.000 0.000 0.000
0.002 0.998 0.000 0.000 0.000 0.000 0.000 0.000 0.000
0.007 0.084 0.000 0.000 0.000 0.000 0.000 0.909 0.000
0.006 0.070 0.000 0.000 0.000 0.000 0.000 0.924 0.000
0.004 0.044 0.000 0.000 0.000 0.000 0.000 0.952 0.000
0.256 0.013 0.025 0.022 0.000 0.000 0.000 0.684 0.000
0.323 0.014 0.028 0.026 0.000 0.000 0.000 0.608 0.000
0.380 0.015 0.032 0.031 0.000 0.000 0.000 0.542 0.000
0.404 0.015 0.036 0.032 0.000 0.000 0.000 0.514 0.000
0.364 0.011 0.036 0.017 0.000 0.000 0.000 0.572 0.000
0.749 0.155 0.000 0.000 0.000 0.000 0.000 0.096 0.000
0.714 0.181 0.000 0.000 0.000 0.000 0.000 0.105 0.000
0.677 0.223 0.000 0.000 0.000 0.000 0.000 0.100 0.000
0.665 0.257 0.000 0.000 0.000 0.000 0.000 0.078 0.000
0.644 0.292 0.000 0.000 0.000 0.000 0.000 0.064 0.000
0.002 0.998 0.000 0.000 0.000 0.000 0.000 0.000 0.000
0.003 0.997 0.000 0.000 0.000 0.000 0.000 0.000 0.000
0.002 0.998 0.000 0.000 0.000 0.000 0.000 0.000 0.000
0.005 0.087 0.000 0.000 0.000 0.000 0.000 0.908 0.000
0.005 0.089 0.000 0.000 0.000 0.000 0.000 0.905 0.000
0.005 0.073 0.000 0.000 0.000 0.000 0.000 0.922 0.000
0.213 0.013 0.022 0.023 0.000 0.000 0.000 0.730 0.000
0.266 0.015 0.026 0.032 0.000 0.000 0.000 0.661 0.000
0.305 0.016 0.029 0.032 0.000 0.000 0.000 0.618 0.000
0.354 0.016 0.032 0.034 0.000 0.000 0.000 0.564 0.000
0.372 0.015 0.035 0.030 0.000 0.000 0.000 0.548 0.000
0.357 0.013 0.037 0.023 0.000 0.000 0.000 0.571 0.000
0.775 0.150 0.000 0.000 0.000 0.000 0.000 0.076 0.000
0.751 0.166 0.000 0.000 0.000 0.000 0.000 0.084 0.000
0.688 0.207 0.000 0.000 0.000 0.000 0.000 0.105 0.000
0.654 0.247 0.000 0.000 0.000 0.000 0.000 0.099 0.000
0.657 0.272 0.000 0.000 0.000 0.000 0.000 0.071 0.000
0.640 0.310 0.000 0.000 0.000 0.000 0.000 0.051 0.000
0.002 0.998 0.000 0.000 0.000 0.000 0.000 0.000 0.000
0.002 0.998 0.000 0.000 0.000 0.000 0.000 0.000 0.000
0.001 0.999 0.000 0.000 0.000 0.000 0.000 0.000 0.000
0.004 0.106 0.000 0.000 0.000 0.000 0.000 0.890 0.000
0.004 0.091 0.000 0.000 0.000 0.000 0.000 0.905 0.000
0.003 0.066 0.000 0.000 0.000 0.000 0.000 0.931 0.000
0.250 0.015 0.025 0.031 0.000 0.000 0.000 0.678 0.000
0.286 0.016 0.029 0.035 0.000 0.000 0.000 0.634 0.000
0.355 0.018 0.033 0.040 0.000 0.000 0.000 0.555 0.000
0.387 0.017 0.035 0.036 0.000 0.000 0.000 0.525 0.000
0.757 0.168 0.000 0.000 0.000 0.000 0.000 0.076 0.000
0.709 0.189 0.000 0.000 0.000 0.000 0.000 0.102 0.000
0.664 0.223 0.000 0.000 0.000 0.000 0.000 0.113 0.000
0.633 0.281 0.000 0.000 0.000 0.000 0.000 0.086 0.000
0.616 0.327 0.000 0.000 0.000 0.000 0.000 0.058 0.000
0.002 0.998 0.000 0.000 0.000 0.000 0.000 0.000 0.000
0.002 0.998 0.000 0.000 0.000 0.000 0.000 0.000 0.000
0.002 0.998 0.000 0.000 0.000 0.000 0.000 0.000 0.000
0.003 0.104 0.000 0.000 0.000 0.000 0.000 0.894 0.000
0.003 0.110 0.000 0.000 0.000 0.000 0.000 0.887 0.000
0.003 0.086 0.000 0.000 0.000 0.000 0.000 0.912 0.000
0.264 0.018 0.026 0.041 0.000 0.000 0.000 0.650 0.000
0.333 0.020 0.030 0.049 0.000 0.000 0.000 0.568 0.000
0.356 0.017 0.032 0.039 0.000 0.000 0.000 0.556 0.000
0.358 0.018 0.036 0.041 0.000 0.000 0.000 0.547 0.000
0.376 0.016 0.039 0.037 0.000 0.000 0.000 0.532 0.000
0.740 0.182 0.000 0.000 0.000 0.000 0.000 0.078 0.000
0.690 0.206 0.000 0.000 0.000 0.000 0.000 0.103 0.000
0.649 0.251 0.000 0.000 0.000 0.000 0.000 0.099 0.000
0.633 0.291 0.000 0.000 0.000 0.000 0.000 0.077 0.000
0.612 0.327 0.000 0.000 0.000 0.000 0.000 0.060 0.000
0.002 0.997 0.000 0.000 0.000 0.000 0.000 0.000 0.000
0.002 0.998 0.000 0.000 0.000 0.000 0.000 0.000 0.000
0.001 0.999 0.000 0.000 0.000 0.000 0.000 0.000 0.000
0.002 0.120 0.000 0.000 0.000 0.000 0.000 0.877 0.000
0.002 0.103 0.000 0.000 0.000 0.000 0.000 0.894 0.000
0.002 0.076 0.000 0.000 0.000 0.000 0.000 0.922 0.000
0.257 0.019 0.026 0.045 0.000 0.000 0.000 0.652 0.000
0.314 0.019 0.029 0.046 0.000 0.000 0.000 0.592 0.000
0.328 0.018 0.032 0.042 0.000 0.000 0.000 0.580 0.000
0.325 0.016 0.034 0.034 0.000 0.000 0.000 0.591 0.000
0.339 0.016 0.038 0.034 0.000 0.000 0.000 0.573 0.000
0.743 0.182 0.000 0.000 0.000 0.000 0.000 0.074 0.000
0.691 0.222 0.000 0.000 0.000 0.000 0.000 0.086 0.000
0.643 0.273 0.000 0.000 0.000 0.000 0.000 0.085 0.000
0.636 0.298 0.000 0.000 0.000 0.000 0.000 0.067 0.000
0.619 0.333 0.000 0.000 0.000 0.000 0.000 0.047 0.000
0.002 0.998 0.000 0.000 0.000 0.000 0.000 0.000 0.000
0.002 0.998 0.000 0.000 0.000 0.000 0.000 0.000 0.000
0.001 0.998 0.000 0.000 0.000 0.000 0.000 0.000 0.000
0.002 0.126 0.000 0.000 0.000 0.000 0.000 0.872 0.000
0.002 0.129 0.000 0.000 0.000 0.000 0.000 0.868 0.000
0.002 0.101 0.000 0.000 0.000 0.000 0.000 0.898 0.000
0.221 0.017 0.025 0.041 0.000 0.000 0.000 0.696 0.000
0.287 0.019 0.029 0.047 0.000 0.000 0.000 0.617 0.000
0.332 0.019 0.032 0.045 0.000 0.000 0.000 0.572 0.000
0.316 0.016 0.034 0.036 0.000 0.000 0.000 0.598 0.000
0.293 0.014 0.036 0.029 0.000 0.000 0.000 0.627 0.000
0.283 0.014 0.040 0.029 0.000 0.000 0.000 0.633 0.000
0.776 0.170 0.000 0.000 0.000 0.000 0.000 0.053 0.000
0.751 0.187 0.000 0.000 0.000 0.000 0.000 0.062 0.000
0.702 0.221 0.000 0.000 0.000 0.000 0.000 0.077 0.000
0.662 0.267 0.000 0.000 0.000 0.000 0.000 0.070 0.000
0.646 0.303 0.000 0.000 0.000 0.000 0.000 0.051 0.000
0.631 0.330 0.000 0.000 0.000 0.000 0.000 0.040 0.000
0.002 0.998 0.000 0.000 0.000 0.000 0.000 0.000 0.000
0.002 0.998 0.000 0.000 0.000 0.000 0.000 0.000 0.000
0.002 0.143 0.000 0.000 0.000 0.000 0.000 0.855 0.000
0.001 0.121 0.000 0.000 0.000 0.000 0.000 0.878 0.000
0.224 0.019 0.026 0.049 0.000 0.000 0.000 0.681 0.000
0.262 0.019 0.029 0.049 0.000 0.000 0.000 0.641 0.000
0.301 0.017 0.031 0.038 0.000 0.000 0.000 0.614 0.000
0.323 0.016 0.033 0.033 0.000 0.000 0.000 0.595 0.000
0.285 0.014 0.035 0.027 0.000 0.000 0.000 0.640 0.000
0.789 0.167 0.000 0.000 0.000 0.000 0.000 0.045 0.000
0.748 0.191 0.000 0.000 0.000 0.000 0.000 0.061 0.000
0.714 0.220 0.000 0.000 0.000 0.000 0.000 0.066 0.000
0.684 0.262 0.000 0.000 0.000 0.000 0.000 0.054 0.000
0.663 0.295 0.000 0.000 0.000 0.000 0.000 0.042 0.000
0.628 0.341 0.000 0.000 0.000 0.000 0.000 0.031 0.000
0.002 0.998 0.000 0.000 0.000 0.000 0.000 0.000 0.000
0.002 0.998 0.000 0.000 0.000 0.000 0.000 0.000 0.000
0.001 0.998 0.000 0.000 0.000 0.000 0.000 0.000 0.000
0.001 0.160 0.000 0.000 0.000 0.000 0.000 0.839 0.000
0.001 0.138 0.000 0.000 0.000 0.000 0.000 0.861 0.000
0.255 0.020 0.029 0.054 0.000 0.000 0.000 0.641 0.000
0.263 0.017 0.030 0.040 0.000 0.000 0.000 0.649 0.000
0.267 0.016 0.033 0.037 0.000 0.000 0.000 0.646 0.000
0.248 0.014 0.035 0.030 0.000 0.000 0.000 0.673 0.000
0.251 0.015 0.041 0.036 0.000 0.000 0.000 0.657 0.000
0.799 0.157 0.000 0.000 0.000 0.000 0.000 0.044 0.000
0.766 0.185 0.000 0.000 0.000 0.000 0.000 0.049 0.000
0.726 0.221 0.000 0.000 0.000 0.000 0.000 0.053 0.000
0.701 0.256 0.000 0.000 0.000 0.000 0.000 0.044 0.000
0.682 0.286 0.000 0.000 0.000 0.000 0.000 0.032 0.000
0.002 0.998 0.000 0.000 0.000 0.000 0.000 0.000 0.000
0.002 0.998 0.000 0.000 0.000 0.000 0.000 0.000 0.000
0.002 0.998 0.000 0.000 0.000 0.000 0.000 0.000 0.000
0.001 0.155 0.000 0.000 0.000 0.000 0.000 0.844 0.000
0.001 0.162 0.000 0.000 0.000 0.000 0.000 0.837 0.000
