0.039 0.958 0.000 0.000 0.000 0.000 0.000 0.003 0.000
0.056 0.944 0.000 0.000 0.000 0.000 0.000 0.000 0.000
0.050 0.950 0.000 0.000 0.000 0.000 0.000 0.000 0.000
0.992 0.000 0.000 0.000 0.000 0.000 0.000 0.007 0.000
0.995 0.000 0.000 0.000 0.000 0.000 0.000 0.005 0.000
0.995 0.000 0.000 0.000 0.000 0.000 0.000 0.004 0.000
0.996 0.000 0.000 0.000 0.000 0.000 0.000 0.003 0.000
0.996 0.000 0.000 0.000 0.000 0.000 0.000 0.003 0.000
0.996 0.000 0.000 0.000 0.000 0.000 0.000 0.004 0.000
0.996 0.000 0.000 0.000 0.000 0.000 0.000 0.004 0.000
0.995 0.000 0.000 0.000 0.000 0.000 0.000 0.004 0.000
0.995 0.000 0.000 0.000 0.000 0.000 0.000 0.004 0.000
0.997 0.000 0.000 0.000 0.000 0.000 0.000 0.003 0.000
0.997 0.000 0.000 0.000 0.000 0.000 0.000 0.002 0.000
0.913 0.003 0.076 0.000 0.000 0.000 0.000 0.006 0.002
0.906 0.004 0.080 0.000 0.000 0.000 0.000 0.008 0.002
0.908 0.004 0.078 0.000 0.000 0.000 0.000 0.009 0.002
0.923 0.005 0.063 0.000 0.000 0.000 0.000 0.008 0.002
0.939 0.004 0.049 0.000 0.000 0.000 0.000 0.006 0.001
0.960 0.004 0.032 0.000 0.000 0.000 0.000 0.004 0.001
0.974 0.004 0.018 0.000 0.000 0.000 0.000 0.002 0.002
0.980 0.004 0.012 0.000 0.000 0.000 0.000 0.001 0.003
0.979 0.006 0.011 0.000 0.000 0.000 0.000 0.001 0.003
0.039 0.960 0.000 0.000 0.000 0.000 0.000 0.001 0.000
0.033 0.966 0.000 0.000 0.000 0.000 0.000 0.000 0.000
0.025 0.975 0.000 0.000 0.000 0.000 0.000 0.000 0.000
0.989 0.000 0.000 0.000 0.000 0.000 0.000 0.010 0.000
0.992 0.000 0.000 0.000 0.000 0.000 0.000 0.007 0.000
0.994 0.000 0.000 0.000 0.000 0.000 0.000 0.006 0.000
0.995 0.000 0.000 0.000 0.000 0.000 0.000 0.005 0.000
0.993 0.000 0.000 0.000 0.000 0.000 0.000 0.006 0.000
0.992 0.000 0.000 0.000 0.000 0.000 0.000 0.008 0.000
0.993 0.000 0.000 0.000 0.000 0.000 0.000 0.006 0.000
0.994 0.000 0.000 0.000 0.000 0.000 0.000 0.006 0.000
0.993 0.000 0.000 0.000 0.000 0.000 0.000 0.007 0.000
0.994 0.000 0.000 0.000 0.000 0.000 0.000 0.006 0.000
0.995 0.000 0.000 0.000 0.000 0.000 0.000 0.004 0.000
0.996 0.000 0.000 0.000 0.000 0.000 0.000 0.003 0.000
0.917 0.004 0.069 0.000 0.000 0.000 0.000 0.008 0.002
0.914 0.004 0.070 0.000 0.000 0.000 0.000 0.011 0.001
0.934 0.004 0.053 0.000 0.000 0.000 0.000 0.008 0.001
0.957 0.004 0.033 0.000 0.000 0.000 0.000 0.004 0.002
0.975 0.004 0.017 0.000 0.000 0.000 0.000 0.002 0.002
0.978 0.004 0.013 0.000 0.000 0.000 0.000 0.001 0.003
0.979 0.006 0.011 0.000 0.000 0.000 0.000 0.001 0.004
0.980 0.006 0.010 0.000 0.000 0.000 0.000 0.001 0.003
0.980 0.007 0.009 0.000 0.000 0.000 0.000 0.001 0.003
0.022 0.976 0.000 0.000 0.000 0.000 0.000 0.003 0.000
0.027 0.973 0.000 0.000 0.000 0.000 0.000 0.000 0.000
0.025 0.975 0.000 0.000 0.000 0.000 0.000 0.000 0.000
0.987 0.000 0.000 0.000 0.000 0.000 0.000 0.012 0.000
0.990 0.000 0.000 0.000 0.000 0.000 0.000 0.009 0.000
0.993 0.000 0.000 0.000 0.000 0.000 0.000 0.007 0.000
0.992 0.000 0.000 0.000 0.000 0.000 0.000 0.007 0.000
0.989 0.000 0.000 0.000 0.000 0.000 0.000 0.010 0.000
0.988 0.000 0.000 0.000 0.000 0.000 0.000 0.012 0.000
0.990 0.000 0.000 0.000 0.000 0.000 0.000 0.009 0.000
0.993 0.000 0.000 0.000 0.000 0.000 0.000 0.007 0.000
0.990 0.000 0.000 0.000 0.000 0.000 0.000 0.010 0.000
0.989 0.000 0.000 0.000 0.000 0.000 0.000 0.011 0.000
0.990 0.000 0.000 0.000 0.000 0.000 0.000 0.009 0.000
0.994 0.000 0.000 0.000 0.000 0.000 0.000 0.005 0.000
0.995 0.000 0.000 0.000 0.000 0.000 0.000 0.005 0.000
0.994 0.000 0.000 0.000 0.000 0.000 0.000 0.005 0.000
0.935 0.004 0.051 0.000 0.000 0.000 0.000 0.009 0.001
0.958 0.004 0.032 0.000 0.000 0.000 0.000 0.004 0.002
0.975 0.004 0.017 0.000 0.000 0.000 0.000 0.002 0.003
0.977 0.005 0.013 0.000 0.000 0.000 0.000 0.001 0.004
0.977 0.006 0.012 0.000 0.000 0.000 0.000 0.001 0.004
0.979 0.006 0.010 0.000 0.000 0.000 0.000 0.001 0.003
0.981 0.006 0.009 0.000 0.000 0.000 0.000 0.001 0.003
0.983 0.007 0.007 0.000 0.000 0.000 0.000 0.001 0.002
0.983 0.007 0.006 0.000 0.000 0.000 0.000 0.001 0.002
0.011 0.986 0.000 0.000 0.000 0.000 0.000 0.003 0.000
0.022 0.978 0.000 0.000 0.000 0.000 0.000 0.001 0.000
0.018 0.981 0.000 0.000 0.000 0.000 0.000 0.000 0.000
0.011 0.989 0.000 0.000 0.000 0.000 0.000 0.000 0.000
0.982 0.001 0.000 0.000 0.000 0.000 0.000 0.017 0.000
0.985 0.001 0.000 0.000 0.000 0.000 0.000 0.014 0.000
0.988 0.001 0.000 0.000 0.000 0.000 0.000 0.011 0.000
0.990 0.001 0.000 0.000 0.000 0.000 0.000 0.010 0.000
0.987 0.001 0.000 0.000 0.000 0.000 0.000 0.012 0.000
0.982 0.000 0.000 0.000 0.000 0.000 0.000 0.017 0.000
0.985 0.000 0.000 0.000 0.000 0.000 0.000 0.014 0.000
0.986 0.000 0.000 0.000 0.000 0.000 0.000 0.013 0.000
0.990 0.000 0.000 0.000 0.000 0.000 0.000 0.009 0.000
0.988 0.000 0.000 0.000 0.000 0.000 0.000 0.011 0.000
0.984 0.000 0.000 0.000 0.000 0.000 0.000 0.015 0.000
0.982 0.000 0.000 0.000 0.000 0.000 0.000 0.017 0.000
0.992 0.000 0.000 0.000 0.000 0.000 0.000 0.007 0.000
0.993 0.000 0.000 0.000 0.000 0.000 0.000 0.007 0.000
0.992 0.000 0.000 0.000 0.000 0.000 0.000 0.007 0.000
0.992 0.000 0.001 0.000 0.000 0.000 0.000 0.007 0.000
0.995 0.000 0.001 0.000 0.000 0.000 0.000 0.004 0.000
0.997 0.000 0.000 0.001 0.000 0.000 0.000 0.002 0.000
0.963 0.005 0.026 0.000 0.000 0.000 0.000 0.004 0.003
0.973 0.006 0.015 0.000 0.000 0.000 0.000 0.002 0.004
0.977 0.006 0.012 0.000 0.000 0.000 0.000 0.001 0.004
0.978 0.006 0.011 0.000 0.000 0.000 0.000 0.001 0.003
0.978 0.007 0.011 0.000 0.000 0.000 0.000 0.002 0.003
0.979 0.008 0.009 0.000 0.000 0.000 0.000 0.001 0.003
0.982 0.008 0.007 0.000 0.000 0.000 0.000 0.001 0.002
0.983 0.008 0.006 0.000 0.000 0.000 0.000 0.001 0.002
0.984 0.008 0.005 0.000 0.000 0.000 0.000 0.001 0.002
0.014 0.985 0.000 0.000 0.000 0.000 0.000 0.001 0.000
0.012 0.987 0.000 0.000 0.000 0.000 0.000 0.000 0.000
0.010 0.989 0.000 0.000 0.000 0.000 0.000 0.000 0.000
0.975 0.001 0.000 0.000 0.000 0.000 0.000 0.023 0.000
0.979 0.001 0.000 0.000 0.000 0.000 0.000 0.020 0.000
0.969 0.001 0.000 0.000 0.000 0.000 0.000 0.030 0.000
0.973 0.001 0.000 0.000 0.000 0.000 0.000 0.026 0.000
0.972 0.001 0.000 0.000 0.000 0.000 0.000 0.027 0.000
0.983 0.000 0.000 0.000 0.000 0.000 0.000 0.017 0.000
0.979 0.000 0.000 0.000 0.000 0.000 0.000 0.020 0.000
0.988 0.000 0.001 0.000 0.000 0.000 0.000 0.012 0.000
0.986 0.000 0.001 0.000 0.000 0.000 0.000 0.013 0.000
0.988 0.000 0.001 0.000 0.000 0.000 0.000 0.011 0.000
0.993 0.000 0.001 0.001 0.000 0.000 0.000 0.005 0.000
0.990 0.000 0.001 0.001 0.000 0.000 0.000 0.008 0.000
0.971 0.008 0.015 0.000 0.000 0.000 0.000 0.003 0.003
0.977 0.007 0.011 0.000 0.000 0.000 0.000 0.002 0.003
0.980 0.007 0.009 0.000 0.000 0.000 0.000 0.002 0.002
0.978 0.008 0.009 0.000 0.000 0.000 0.000 0.002 0.002
0.978 0.011 0.008 0.000 0.000 0.000 0.000 0.002 0.002
0.981 0.010 0.006 0.000 0.000 0.000 0.000 0.001 0.002
0.982 0.010 0.005 0.000 0.000 0.000 0.000 0.001 0.002
0.983 0.010 0.004 0.000 0.000 0.000 0.000 0.001 0.001
0.983 0.011 0.004 0.000 0.000 0.000 0.000 0.002 0.001
0.005 0.993 0.000 0.000 0.000 0.000 0.000 0.002 0.000
0.009 0.991 0.000 0.000 0.000 0.000 0.000 0.000 0.000
0.008 0.992 0.000 0.000 0.000 0.000 0.000 0.000 0.000
0.949 0.002 0.000 0.000 0.000 0.000 0.000 0.049 0.000
0.961 0.001 0.000 0.000 0.000 0.000 0.000 0.037 0.000
0.973 0.001 0.000 0.000 0.000 0.000 0.000 0.026 0.000
0.956 0.001 0.000 0.000 0.000 0.000 0.000 0.042 0.000
0.958 0.001 0.000 0.000 0.000 0.000 0.000 0.041 0.000
0.970 0.001 0.000 0.000 0.000 0.000 0.000 0.029 0.000
0.972 0.000 0.000 0.000 0.000 0.000 0.000 0.027 0.000
0.971 0.000 0.000 0.000 0.000 0.000 0.000 0.028 0.000
0.980 0.000 0.001 0.000 0.000 0.000 0.000 0.019 0.000
0.977 0.000 0.001 0.000 0.000 0.000 0.000 0.021 0.000
0.974 0.000 0.001 0.000 0.000 0.000 0.000 0.024 0.000
0.972 0.000 0.001 0.000 0.000 0.000 0.000 0.026 0.000
0.975 0.000 0.002 0.001 0.000 0.000 0.000 0.023 0.000
0.969 0.011 0.014 0.000 0.000 0.000 0.000 0.004 0.002
0.972 0.011 0.011 0.000 0.000 0.000 0.000 0.003 0.002
0.980 0.009 0.008 0.000 0.000 0.000 0.000 0.002 0.002
0.979 0.010 0.007 0.000 0.000 0.000 0.000 0.003 0.001
0.977 0.012 0.006 0.000 0.000 0.000 0.000 0.002 0.001
0.981 0.013 0.003 0.000 0.000 0.000 0.000 0.002 0.001
0.006 0.993 0.000 0.000 0.000 0.000 0.000 0.001 0.000
0.006 0.994 0.000 0.000 0.000 0.000 0.000 0.000 0.000
0.005 0.995 0.000 0.000 0.000 0.000 0.000 0.000 0.000
0.913 0.002 0.000 0.000 0.000 0.000 0.000 0.084 0.000
0.931 0.002 0.000 0.000 0.000 0.000 0.000 0.067 0.000
0.939 0.002 0.000 0.000 0.000 0.000 0.000 0.058 0.000
0.927 0.001 0.000 0.000 0.000 0.000 0.000 0.071 0.000
0.943 0.001 0.000 0.000 0.000 0.000 0.000 0.055 0.000
0.949 0.001 0.000 0.000 0.000 0.000 0.000 0.049 0.000
0.956 0.001 0.000 0.000 0.000 0.000 0.000 0.043 0.000
0.956 0.000 0.000 0.000 0.000 0.000 0.000 0.042 0.000
0.951 0.000 0.001 0.000 0.000 0.000 0.000 0.048 0.000
0.971 0.000 0.001 0.000 0.000 0.000 0.000 0.027 0.000
0.972 0.000 0.001 0.000 0.000 0.000 0.000 0.027 0.000
0.963 0.000 0.001 0.000 0.000 0.000 0.000 0.035 0.000
0.968 0.000 0.001 0.000 0.000 0.000 0.000 0.031 0.000
0.977 0.000 0.002 0.001 0.000 0.000 0.000 0.020 0.000
0.984 0.000 0.002 0.001 0.000 0.000 0.000 0.013 0.000
0.981 0.009 0.006 0.000 0.000 0.000 0.000 0.002 0.002
0.982 0.009 0.005 0.000 0.000 0.000 0.000 0.002 0.001
0.982 0.010 0.005 0.000 0.000 0.000 0.000 0.003 0.001
0.979 0.016 0.002 0.000 0.000 0.000 0.000 0.001 0.001
0.978 0.017 0.002 0.000 0.000 0.000 0.000 0.002 0.001
0.003 0.995 0.000 0.000 0.000 0.000 0.000 0.002 0.000
0.004 0.995 0.000 0.000 0.000 0.000 0.000 0.000 0.000
0.004 0.996 0.000 0.000 0.000 0.000 0.000 0.000 0.000
0.890 0.003 0.000 0.000 0.000 0.000 0.000 0.106 0.000
0.904 0.003 0.000 0.000 0.000 0.000 0.000 0.092 0.000
0.911 0.001 0.000 0.000 0.000 0.000 0.000 0.087 0.000
0.923 0.001 0.000 0.000 0.000 0.000 0.000 0.075 0.000
0.932 0.001 0.000 0.000 0.000 0.000 0.000 0.066 0.000
0.934 0.001 0.001 0.000 0.000 0.000 0.000 0.065 0.000
0.919 0.001 0.001 0.000 0.000 0.000 0.000 0.079 0.000
0.917 0.000 0.001 0.000 0.000 0.000 0.000 0.082 0.000
0.881 0.001 0.001 0.000 0.000 0.000 0.000 0.117 0.000
0.968 0.000 0.001 0.000 0.000 0.000 0.000 0.031 0.000
0.964 0.000 0.001 0.000 0.000 0.000 0.000 0.034 0.000
0.964 0.000 0.002 0.000 0.000 0.000 0.000 0.034 0.000
0.967 0.000 0.002 0.000 0.000 0.000 0.000 0.030 0.000
0.976 0.000 0.002 0.001 0.000 0.000 0.000 0.020 0.000
0.982 0.000 0.002 0.001 0.000 0.000 0.000 0.015 0.000
0.981 0.011 0.004 0.000 0.000 0.000 0.000 0.002 0.002
0.982 0.011 0.004 0.000 0.000 0.000 0.000 0.002 0.001
0.975 0.019 0.002 0.000 0.000 0.000 0.000 0.002 0.001
0.974 0.021 0.002 0.000 0.000 0.000 0.000 0.002 0.001
0.978 0.018 0.002 0.000 0.000 0.000 0.000 0.002 0.001
0.001 0.998 0.000 0.000 0.000 0.000 0.000 0.001 0.000
0.003 0.996 0.000 0.000 0.000 0.000 0.000 0.000 0.000
0.003 0.997 0.000 0.000 0.000 0.000 0.000 0.000 0.000
0.837 0.005 0.000 0.000 0.000 0.000 0.000 0.157 0.000
0.854 0.004 0.000 0.000 0.000 0.000 0.000 0.141 0.000
0.867 0.004 0.000 0.000 0.000 0.000 0.000 0.129 0.000
0.900 0.001 0.001 0.000 0.000 0.000 0.000 0.098 0.000
0.898 0.001 0.001 0.000 0.000 0.000 0.000 0.101 0.000
0.890 0.001 0.001 0.000 0.000 0.000 0.000 0.108 0.000
0.831 0.001 0.001 0.000 0.000 0.000 0.000 0.167 0.000
0.951 0.000 0.001 0.000 0.000 0.000 0.000 0.047 0.000
0.990 0.000 0.000 0.001 0.000 0.000 0.000 0.009 0.000
0.957 0.000 0.002 0.000 0.000 0.000 0.000 0.041 0.000
0.953 0.000 0.002 0.000 0.000 0.000 0.000 0.045 0.000
0.953 0.000 0.002 0.000 0.000 0.000 0.000 0.044 0.000
0.952 0.000 0.002 0.000 0.000 0.000 0.000 0.045 0.000
0.963 0.000 0.003 0.001 0.000 0.000 0.000 0.033 0.000
0.965 0.000 0.003 0.001 0.000 0.000 0.000 0.031 0.000
0.979 0.014 0.003 0.000 0.000 0.000 0.000 0.002 0.002
0.971 0.022 0.003 0.000 0.000 0.000 0.000 0.003 0.001
0.970 0.025 0.002 0.000 0.000 0.000 0.000 0.003 0.001
0.969 0.026 0.002 0.000 0.000 0.000 0.000 0.002 0.001
0.969 0.027 0.001 0.000 0.000 0.000 0.000 0.002 0.001
0.002 0.997 0.000 0.000 0.000 0.000 0.000 0.001 0.000
0.002 0.998 0.000 0.000 0.000 0.000 0.000 0.000 0.000
0.002 0.998 0.000 0.000 0.000 0.000 0.000 0.000 0.000
0.741 0.008 0.000 0.001 0.000 0.000 0.000 0.251 0.000
0.782 0.007 0.000 0.000 0.000 0.000 0.000 0.211 0.000
0.810 0.006 0.000 0.000 0.000 0.000 0.000 0.184 0.000
0.847 0.001 0.001 0.000 0.000 0.000 0.000 0.151 0.000
0.815 0.001 0.001 0.000 0.000 0.000 0.000 0.184 0.000
0.889 0.001 0.001 0.001 0.000 0.000 0.000 0.109 0.000
0.928 0.001 0.001 0.001 0.000 0.000 0.000 0.069 0.000
0.926 0.001 0.001 0.001 0.000 0.000 0.000 0.071 0.000
0.805 0.001 0.001 0.000 0.000 0.000 0.000 0.193 0.000
0.947 0.000 0.002 0.000 0.000 0.000 0.000 0.051 0.000
0.941 0.000 0.002 0.000 0.000 0.000 0.000 0.056 0.000
0.943 0.000 0.003 0.000 0.000 0.000 0.000 0.054 0.000
0.948 0.000 0.003 0.001 0.000 0.000 0.000 0.048 0.000
0.958 0.000 0.003 0.001 0.000 0.000 0.000 0.038 0.000
0.969 0.024 0.003 0.000 0.000 0.000 0.000 0.004 0.001
0.966 0.027 0.002 0.000 0.000 0.000 0.000 0.004 0.001
0.965 0.029 0.002 0.000 0.000 0.000 0.000 0.003 0.001
0.962 0.033 0.002 0.000 0.000 0.000 0.000 0.003 0.001
0.961 0.035 0.001 0.000 0.000 0.000 0.000 0.002 0.001
0.001 0.997 0.000 0.000 0.000 0.000 0.000 0.002 0.000
0.002 0.998 0.000 0.000 0.000 0.000 0.000 0.000 0.000
0.002 0.998 0.000 0.000 0.000 0.000 0.000 0.000 0.000
0.699 0.009 0.000 0.000 0.000 0.000 0.000 0.292 0.000
0.706 0.007 0.000 0.000 0.000 0.000 0.000 0.286 0.000
0.724 0.007 0.000 0.001 0.000 0.000 0.000 0.268 0.000
0.832 0.001 0.001 0.001 0.000 0.000 0.000 0.166 0.000
0.834 0.001 0.001 0.001 0.000 0.000 0.000 0.164 0.000
0.799 0.001 0.001 0.000 0.000 0.000 0.000 0.199 0.000
0.778 0.001 0.001 0.000 0.000 0.000 0.000 0.220 0.000
0.772 0.001 0.001 0.000 0.000 0.000 0.000 0.226 0.000
0.789 0.000 0.002 0.000 0.000 0.000 0.000 0.208 0.000
0.936 0.000 0.003 0.000 0.000 0.000 0.000 0.060 0.000
0.939 0.000 0.003 0.000 0.000 0.000 0.000 0.057 0.000
0.941 0.000 0.003 0.000 0.000 0.000 0.000 0.055 0.000
0.949 0.000 0.004 0.001 0.000 0.000 0.000 0.047 0.000
0.973 0.021 0.002 0.000 0.000 0.000 0.000 0.003 0.001
0.972 0.022 0.002 0.000 0.000 0.000 0.000 0.003 0.001
0.972 0.022 0.002 0.000 0.000 0.000 0.000 0.004 0.001
0.968 0.025 0.002 0.000 0.000 0.000 0.000 0.004 0.001
0.958 0.034 0.002 0.000 0.000 0.000 0.000 0.005 0.001
0.956 0.038 0.002 0.000 0.000 0.000 0.000 0.004 0.001
0.957 0.038 0.001 0.000 0.000 0.000 0.000 0.003 0.001
0.952 0.044 0.001 0.000 0.000 0.000 0.000 0.003 0.001
0.001 0.998 0.000 0.000 0.000 0.000 0.000 0.001 0.000
0.001 0.999 0.000 0.000 0.000 0.000 0.000 0.000 0.000
0.001 0.999 0.000 0.000 0.000 0.000 0.000 0.000 0.000
0.567 0.013 0.000 0.001 0.000 0.000 0.000 0.419 0.000
0.633 0.012 0.000 0.001 0.000 0.000 0.000 0.355 0.000
0.634 0.010 0.000 0.001 0.000 0.000 0.000 0.356 0.000
0.793 0.001 0.001 0.001 0.000 0.000 0.000 0.205 0.000
0.762 0.001 0.001 0.000 0.000 0.000 0.000 0.236 0.000
0.738 0.001 0.001 0.000 0.000 0.000 0.000 0.260 0.000
0.749 0.001 0.002 0.001 0.000 0.000 0.000 0.248 0.000
0.937 0.000 0.003 0.001 0.000 0.000 0.000 0.059 0.000
0.933 0.000 0.003 0.001 0.000 0.000 0.000 0.063 0.000
0.941 0.000 0.003 0.001 0.000 0.000 0.000 0.055 0.000
0.943 0.000 0.004 0.001 0.000 0.000 0.000 0.052 0.000
0.942 0.000 0.004 0.001 0.000 0.000 0.000 0.053 0.000
0.966 0.028 0.002 0.000 0.000 0.000 0.000 0.003 0.001
0.964 0.030 0.002 0.000 0.000 0.000 0.000 0.004 0.001
0.960 0.033 0.002 0.000 0.000 0.000 0.000 0.005 0.000
0.954 0.039 0.002 0.000 0.000 0.000 0.000 0.005 0.000
0.946 0.048 0.001 0.000 0.000 0.000 0.000 0.005 0.000
0.944 0.051 0.001 0.000 0.000 0.000 0.000 0.004 0.000
0.937 0.058 0.001 0.000 0.000 0.000 0.000 0.003 0.000
0.001 0.997 0.000 0.000 0.000 0.000 0.000 0.002 0.000
0.001 0.999 0.000 0.000 0.000 0.000 0.000 0.000 0.000
0.001 0.999 0.000 0.000 0.000 0.000 0.000 0.000 0.000
0.407 0.015 0.000 0.000 0.000 0.000 0.000 0.577 0.000
0.499 0.015 0.000 0.001 0.000 0.000 0.000 0.485 0.000
0.524 0.014 0.000 0.001 0.000 0.000 0.000 0.462 0.000
0.706 0.001 0.001 0.000 0.000 0.000 0.000 0.292 0.000
0.659 0.001 0.002 0.001 0.000 0.000 0.000 0.339 0.000
0.665 0.001 0.002 0.001 0.000 0.000 0.000 0.332 0.000
0.715 0.001 0.002 0.001 0.000 0.000 0.000 0.282 0.000
0.939 0.000 0.003 0.001 0.000 0.000 0.000 0.057 0.000
0.944 0.000 0.003 0.001 0.000 0.000 0.000 0.052 0.000
0.924 0.000 0.005 0.001 0.000 0.000 0.000 0.070 0.000
0.893 0.000 0.006 0.001 0.000 0.000 0.000 0.100 0.000
0.960 0.034 0.001 0.000 0.000 0.000 0.000 0.004 0.001
0.959 0.035 0.001 0.000 0.000 0.000 0.000 0.005 0.001
0.955 0.038 0.001 0.000 0.000 0.000 0.000 0.005 0.000
0.944 0.048 0.001 0.000 0.000 0.000 0.000 0.006 0.000
0.932 0.060 0.001 0.000 0.000 0.000 0.000 0.006 0.000
0.932 0.062 0.001 0.000 0.000 0.000 0.000 0.005 0.000
0.926 0.069 0.001 0.000 0.000 0.000 0.000 0.004 0.000
0.001 0.998 0.000 0.000 0.000 0.000 0.000 0.000 0.000
0.001 0.999 0.000 0.000 0.000 0.000 0.000 0.000 0.000
0.001 0.999 0.000 0.000 0.000 0.000 0.000 0.000 0.000
0.364 0.017 0.000 0.000 0.000 0.000 0.000 0.618 0.000
0.415 0.017 0.000 0.001 0.000 0.000 0.000 0.567 0.000
0.690 0.001 0.002 0.001 0.000 0.000 0.000 0.308 0.000
0.611 0.001 0.002 0.001 0.000 0.000 0.000 0.386 0.000
0.632 0.001 0.002 0.001 0.000 0.000 0.000 0.365 0.000
0.696 0.001 0.002 0.001 0.000 0.000 0.000 0.301 0.000
0.752 0.001 0.002 0.001 0.000 0.000 0.000 0.244 0.000
0.909 0.000 0.005 0.001 0.000 0.000 0.000 0.086 0.000
0.930 0.000 0.005 0.001 0.000 0.000 0.000 0.064 0.000
0.954 0.040 0.001 0.000 0.000 0.000 0.000 0.004 0.001
0.947 0.047 0.001 0.000 0.000 0.000 0.000 0.005 0.001
0.942 0.050 0.001 0.000 0.000 0.000 0.000 0.006 0.000
0.931 0.060 0.001 0.000 0.000 0.000 0.000 0.008 0.000
0.918 0.073 0.001 0.000 0.000 0.000 0.000 0.008 0.000
0.902 0.089 0.001 0.000 0.000 0.000 0.000 0.008 0.000
0.893 0.098 0.001 0.000 0.000 0.000 0.000 0.008 0.000
0.902 0.092 0.001 0.000 0.000 0.000 0.000 0.005 0.000
0.001 0.997 0.000 0.000 0.000 0.000 0.000 0.002 0.000
0.001 0.999 0.000 0.000 0.000 0.000 0.000 0.000 0.000
0.001 0.999 0.000 0.000 0.000 0.000 0.000 0.000 0.000
0.268 0.022 0.000 0.001 0.000 0.000 0.000 0.710 0.000
0.322 0.021 0.000 0.001 0.000 0.000 0.000 0.656 0.000
0.335 0.019 0.000 0.001 0.000 0.000 0.000 0.645 0.000
0.629 0.001 0.002 0.001 0.000 0.000 0.000 0.368 0.000
0.626 0.001 0.002 0.001 0.000 0.000 0.000 0.371 0.000
0.664 0.001 0.002 0.001 0.000 0.000 0.000 0.333 0.000
0.701 0.001 0.002 0.001 0.000 0.000 0.000 0.295 0.000
0.914 0.000 0.005 0.001 0.000 0.000 0.000 0.079 0.000
0.911 0.000 0.005 0.001 0.000 0.000 0.000 0.082 0.000
0.911 0.000 0.006 0.001 0.000 0.000 0.000 0.083 0.000
0.945 0.048 0.001 0.000 0.000 0.000 0.000 0.005 0.001
0.939 0.053 0.001 0.000 0.000 0.000 0.000 0.006 0.000
0.931 0.061 0.001 0.000 0.000 0.000 0.000 0.007 0.000
0.919 0.070 0.001 0.000 0.000 0.000 0.000 0.009 0.000
0.862 0.116 0.001 0.000 0.000 0.000 0.000 0.021 0.000
0.892 0.095 0.001 0.000 0.000 0.000 0.000 0.013 0.000
0.896 0.097 0.001 0.000 0.000 0.000 0.000 0.006 0.000
0.884 0.109 0.000 0.000 0.000 0.000 0.000 0.006 0.000
0.002 0.998 0.000 0.000 0.000 0.000 0.000 0.000 0.000
0.001 0.999 0.000 0.000 0.000 0.000 0.000 0.000 0.000
0.001 0.999 0.000 0.000 0.000 0.000 0.000 0.000 0.000
0.232 0.025 0.000 0.001 0.000 0.000 0.000 0.742 0.000
0.266 0.023 0.000 0.001 0.000 0.000 0.000 0.710 0.000
0.627 0.001 0.002 0.001 0.000 0.000 0.000 0.369 0.000
0.667 0.001 0.002 0.001 0.000 0.000 0.000 0.329 0.000
0.652 0.001 0.002 0.001 0.000 0.000 0.000 0.344 0.000
0.666 0.001 0.003 0.001 0.000 0.000 0.000 0.330 0.000
0.512 0.000 0.003 0.001 0.000 0.000 0.000 0.484 0.000
0.886 0.000 0.005 0.002 0.000 0.000 0.000 0.106 0.000
0.901 0.000 0.006 0.002 0.000 0.000 0.000 0.092 0.000
0.893 0.000 0.006 0.001 0.000 0.000 0.000 0.100 0.000
0.869 0.000 0.007 0.001 0.000 0.000 0.000 0.123 0.000
0.925 0.067 0.001 0.000 0.000 0.000 0.000 0.006 0.000
0.919 0.072 0.001 0.000 0.000 0.000 0.000 0.008 0.000
0.903 0.073 0.001 0.000 0.000 0.000 0.000 0.023 0.000
0.887 0.098 0.001 0.000 0.000 0.000 0.000 0.014 0.000
0.877 0.114 0.001 0.000 0.000 0.000 0.000 0.009 0.000
0.871 0.121 0.000 0.000 0.000 0.000 0.000 0.008 0.000
0.002 0.997 0.000 0.000 0.000 0.000 0.000 0.001 0.000
0.001 0.999 0.000 0.000 0.000 0.000 0.000 0.000 0.000
0.001 0.999 0.000 0.000 0.000 0.000 0.000 0.000 0.000
0.173 0.030 0.000 0.001 0.000 0.000 0.000 0.796 0.000
0.198 0.029 0.000 0.001 0.000 0.000 0.000 0.772 0.000
0.210 0.026 0.000 0.001 0.000 0.000 0.000 0.764 0.000
0.682 0.001 0.002 0.001 0.000 0.000 0.000 0.314 0.000
0.495 0.001 0.003 0.001 0.000 0.000 0.000 0.501 0.000
0.483 0.000 0.003 0.000 0.000 0.000 0.000 0.514 0.000
0.737 0.000 0.003 0.001 0.000 0.000 0.000 0.260 0.000
0.304 0.000 0.003 0.000 0.000 0.000 0.000 0.693 0.000
0.697 0.000 0.006 0.001 0.000 0.000 0.000 0.295 0.000
0.805 0.000 0.006 0.002 0.000 0.000 0.000 0.186 0.000
0.835 0.000 0.006 0.002 0.000 0.000 0.000 0.156 0.000
0.864 0.000 0.006 0.002 0.000 0.000 0.000 0.127 0.000
0.885 0.000 0.006 0.002 0.000 0.000 0.000 0.107 0.000
0.890 0.000 0.007 0.002 0.000 0.000 0.000 0.102 0.000
0.838 0.000 0.009 0.001 0.000 0.000 0.000 0.152 0.000
0.906 0.082 0.001 0.000 0.000 0.000 0.000 0.011 0.000
0.888 0.100 0.001 0.000 0.000 0.000 0.000 0.011 0.000
0.858 0.129 0.001 0.000 0.000 0.000 0.000 0.012 0.000
0.845 0.143 0.000 0.000 0.000 0.000 0.000 0.011 0.000
0.848 0.143 0.000 0.000 0.000 0.000 0.000 0.009 0.000
0.830 0.162 0.000 0.000 0.000 0.000 0.000 0.008 0.000
0.001 0.997 0.000 0.000 0.000 0.000 0.000 0.002 0.000
0.001 0.998 0.000 0.000 0.000 0.000 0.000 0.000 0.000
0.001 0.999 0.000 0.000 0.000 0.000 0.000 0.000 0.000
0.000 0.999 0.000 0.000 0.000 0.000 0.000 0.000 0.000
0.121 0.045 0.000 0.001 0.000 0.000 0.000 0.833 0.000
0.141 0.035 0.000 0.001 0.000 0.000 0.000 0.824 0.000
0.143 0.030 0.000 0.001 0.000 0.000 0.000 0.826 0.000
0.692 0.001 0.002 0.001 0.000 0.000 0.000 0.304 0.000
0.746 0.001 0.003 0.003 0.000 0.000 0.000 0.248 0.000
0.692 0.001 0.003 0.002 0.000 0.000 0.000 0.303 0.000
0.701 0.001 0.003 0.001 0.000 0.000 0.000 0.294 0.000
0.421 0.000 0.003 0.000 0.000 0.000 0.000 0.576 0.000
0.347 0.000 0.003 0.000 0.000 0.000 0.000 0.649 0.000
0.569 0.000 0.004 0.001 0.000 0.000 0.000 0.426 0.000
0.598 0.000 0.005 0.001 0.000 0.000 0.000 0.396 0.000
0.661 0.000 0.005 0.001 0.000 0.000 0.000 0.332 0.000
0.659 0.000 0.006 0.002 0.000 0.000 0.000 0.332 0.000
0.685 0.000 0.007 0.002 0.000 0.000 0.000 0.306 0.000
0.763 0.000 0.007 0.003 0.000 0.000 0.000 0.227 0.000
0.828 0.000 0.007 0.003 0.000 0.000 0.000 0.162 0.000
0.852 0.000 0.007 0.002 0.000 0.000 0.000 0.139 0.000
0.860 0.000 0.007 0.002 0.000 0.000 0.000 0.131 0.000
0.852 0.000 0.008 0.002 0.000 0.000 0.000 0.138 0.000
0.880 0.110 0.000 0.000 0.000 0.000 0.000 0.009 0.000
0.857 0.129 0.000 0.000 0.000 0.000 0.000 0.013 0.000
0.831 0.153 0.000 0.000 0.000 0.000 0.000 0.015 0.000
0.814 0.173 0.000 0.000 0.000 0.000 0.000 0.013 0.000
0.817 0.172 0.000 0.000 0.000 0.000 0.000 0.010 0.000
0.795 0.196 0.000 0.000 0.000 0.000 0.000 0.009 0.000
0.002 0.997 0.000 0.000 0.000 0.000 0.000 0.001 0.000
0.001 0.999 0.000 0.000 0.000 0.000 0.000 0.000 0.000
0.001 0.999 0.000 0.000 0.000 0.000 0.000 0.000 0.000
0.090 0.035 0.000 0.000 0.000 0.000 0.000 0.875 0.000
0.111 0.038 0.000 0.001 0.000 0.000 0.000 0.851 0.000
0.107 0.032 0.000 0.001 0.000 0.000 0.000 0.861 0.000
0.640 0.001 0.003 0.002 0.000 0.000 0.000 0.354 0.000
0.670 0.001 0.003 0.002 0.000 0.000 0.000 0.325 0.000
0.660 0.000 0.004 0.002 0.000 0.000 0.000 0.334 0.000
0.640 0.000 0.004 0.001 0.000 0.000 0.000 0.354 0.000
0.657 0.000 0.005 0.002 0.000 0.000 0.000 0.336 0.000
0.643 0.000 0.005 0.002 0.000 0.000 0.000 0.350 0.000
0.659 0.000 0.006 0.002 0.000 0.000 0.000 0.333 0.000
0.636 0.000 0.007 0.002 0.000 0.000 0.000 0.356 0.000
0.696 0.000 0.008 0.003 0.000 0.000 0.000 0.293 0.000
0.740 0.000 0.008 0.003 0.000 0.000 0.000 0.249 0.000
0.809 0.000 0.008 0.003 0.000 0.000 0.000 0.181 0.000
0.826 0.000 0.008 0.002 0.000 0.000 0.000 0.163 0.000
0.820 0.000 0.009 0.002 0.000 0.000 0.000 0.170 0.000
0.814 0.000 0.010 0.002 0.000 0.000 0.000 0.175 0.000
0.852 0.136 0.000 0.000 0.000 0.000 0.000 0.012 0.000
0.836 0.149 0.000 0.000 0.000 0.000 0.000 0.015 0.000
0.802 0.181 0.000 0.000 0.000 0.000 0.000 0.017 0.000
0.772 0.214 0.000 0.000 0.000 0.000 0.000 0.014 0.000
0.768 0.220 0.000 0.000 0.000 0.000 0.000 0.012 0.000
0.767 0.223 0.000 0.000 0.000 0.000 0.000 0.010 0.000
0.001 0.995 0.000 0.000 0.000 0.000 0.000 0.003 0.000
0.001 0.998 0.000 0.000 0.000 0.000 0.000 0.000 0.000
0.001 0.999 0.000 0.000 0.000 0.000 0.000 0.000 0.000
0.080 0.046 0.000 0.001 0.000 0.000 0.000 0.874 0.000
0.079 0.039 0.000 0.001 0.000 0.000 0.000 0.881 0.000
0.570 0.001 0.004 0.002 0.000 0.000 0.000 0.424 0.000
0.614 0.001 0.004 0.002 0.000 0.000 0.000 0.380 0.000
0.631 0.001 0.004 0.002 0.000 0.000 0.000 0.363 0.000
0.654 0.000 0.005 0.002 0.000 0.000 0.000 0.339 0.000
0.639 0.000 0.006 0.002 0.000 0.000 0.000 0.353 0.000
0.621 0.000 0.007 0.002 0.000 0.000 0.000 0.370 0.000
0.646 0.000 0.007 0.002 0.000 0.000 0.000 0.344 0.000
0.695 0.000 0.008 0.003 0.000 0.000 0.000 0.294 0.000
0.741 0.000 0.008 0.003 0.000 0.000 0.000 0.247 0.000
0.775 0.000 0.009 0.003 0.000 0.000 0.000 0.213 0.000
0.806 0.000 0.009 0.003 0.000 0.000 0.000 0.182 0.000
0.823 0.000 0.009 0.003 0.000 0.000 0.000 0.166 0.000
0.828 0.160 0.000 0.000 0.000 0.000 0.000 0.012 0.000
0.805 0.179 0.000 0.000 0.000 0.000 0.000 0.016 0.000
0.751 0.227 0.000 0.000 0.000 0.000 0.000 0.021 0.000
0.731 0.251 0.000 0.000 0.000 0.000 0.000 0.018 0.000
0.743 0.245 0.000 0.000 0.000 0.000 0.000 0.012 0.000
0.729 0.260 0.000 0.000 0.000 0.000 0.000 0.011 0.000
0.002 0.997 0.000 0.000 0.000 0.000 0.000 0.001 0.000
0.001 0.999 0.000 0.000 0.000 0.000 0.000 0.000 0.000
0.001 0.999 0.000 0.000 0.000 0.000 0.000 0.000 0.000
0.051 0.049 0.000 0.000 0.000 0.000 0.000 0.899 0.000
0.060 0.052 0.000 0.001 0.000 0.000 0.000 0.888 0.000
0.052 0.040 0.000 0.000 0.000 0.000 0.000 0.908 0.000
0.645 0.000 0.008 0.003 0.000 0.000 0.000 0.344 0.000
0.681 0.000 0.008 0.003 0.000 0.000 0.000 0.307 0.000
0.749 0.000 0.009 0.003 0.000 0.000 0.000 0.239 0.000
0.785 0.000 0.009 0.003 0.000 0.000 0.000 0.202 0.000
0.784 0.000 0.010 0.003 0.000 0.000 0.000 0.204 0.000
0.778 0.000 0.011 0.003 0.000 0.000 0.000 0.208 0.000
0.799 0.187 0.000 0.000 0.000 0.000 0.000 0.014 0.000
0.768 0.210 0.000 0.000 0.000 0.000 0.000 0.021 0.000
0.731 0.244 0.000 0.000 0.000 0.000 0.000 0.025 0.000
0.691 0.290 0.000 0.000 0.000 0.000 0.000 0.019 0.000
0.706 0.279 0.000 0.000 0.000 0.000 0.000 0.015 0.000
0.690 0.297 0.000 0.000 0.000 0.000 0.000 0.012 0.000
0.002 0.997 0.000 0.000 0.000 0.000 0.000 0.001 0.000
0.001 0.998 0.000 0.000 0.000 0.000 0.000 0.000 0.000
0.001 0.999 0.000 0.000 0.000 0.000 0.000 0.000 0.000
0.047 0.061 0.000 0.000 0.000 0.000 0.000 0.892 0.000
0.044 0.051 0.000 0.000 0.000 0.000 0.000 0.904 0.000
0.756 0.000 0.009 0.004 0.000 0.000 0.000 0.231 0.000
0.782 0.000 0.009 0.004 0.000 0.000 0.000 0.205 0.000
0.750 0.000 0.011 0.003 0.000 0.000 0.000 0.236 0.000
0.746 0.000 0.012 0.003 0.000 0.000 0.000 0.238 0.000
0.768 0.213 0.000 0.000 0.000 0.000 0.000 0.018 0.000
0.745 0.234 0.000 0.000 0.000 0.000 0.000 0.021 0.000
0.683 0.289 0.000 0.000 0.000 0.000 0.000 0.027 0.000
0.660 0.319 0.000 0.000 0.000 0.000 0.000 0.021 0.000
0.671 0.314 0.000 0.000 0.000 0.000 0.000 0.016 0.000
0.650 0.337 0.000 0.000 0.000 0.000 0.000 0.013 0.000
0.002 0.998 0.000 0.000 0.000 0.000 0.000 0.000 0.000
0.001 0.999 0.000 0.000 0.000 0.000 0.000 0.000 0.000
0.031 0.072 0.000 0.000 0.000 0.000 0.000 0.896 0.000
0.037 0.071 0.000 0.001 0.000 0.000 0.000 0.892 0.000
0.031 0.057 0.000 0.000 0.000 0.000 0.000 0.912 0.000
0.737 0.000 0.009 0.005 0.000 0.000 0.000 0.249 0.000
0.753 0.000 0.010 0.004 0.000 0.000 0.000 0.233 0.000
0.758 0.000 0.011 0.004 0.000 0.000 0.000 0.227 0.000
0.760 0.000 0.012 0.005 0.000 0.000 0.000 0.222 0.000
0.734 0.250 0.000 0.000 0.000 0.000 0.000 0.017 0.000
0.695 0.278 0.000 0.000 0.000 0.000 0.000 0.027 0.000
0.649 0.323 0.000 0.000 0.000 0.000 0.000 0.028 0.000
0.624 0.355 0.000 0.000 0.000 0.000 0.000 0.021 0.000
0.628 0.356 0.000 0.000 0.000 0.000 0.000 0.016 0.000
0.601 0.386 0.000 0.000 0.000 0.000 0.000 0.013 0.000
0.002 0.997 0.000 0.000 0.000 0.000 0.000 0.001 0.000
0.001 0.999 0.000 0.000 0.000 0.000 0.000 0.000 0.000
0.001 0.999 0.000 0.000 0.000 0.000 0.000 0.000 0.000
0.025 0.082 0.000 0.000 0.000 0.000 0.000 0.892 0.000
0.025 0.073 0.000 0.000 0.000 0.000 0.000 0.902 0.000
0.730 0.000 0.009 0.006 0.000 0.000 0.000 0.255 0.000
0.747 0.000 0.010 0.006 0.000 0.000 0.000 0.237 0.000
0.755 0.000 0.010 0.006 0.000 0.000 0.000 0.229 0.000
0.743 0.000 0.012 0.005 0.000 0.000 0.000 0.240 0.000
0.790 0.000 0.012 0.005 0.000 0.000 0.000 0.193 0.000
0.755 0.000 0.015 0.008 0.000 0.000 0.000 0.222 0.000
0.692 0.287 0.000 0.000 0.000 0.000 0.000 0.021 0.000
0.671 0.303 0.000 0.000 0.000 0.000 0.000 0.025 0.000
0.613 0.359 0.000 0.000 0.000 0.000 0.000 0.028 0.000
0.579 0.399 0.000 0.000 0.000 0.000 0.000 0.022 0.000
0.572 0.408 0.000 0.000 0.000 0.000 0.000 0.020 0.000
0.575 0.409 0.000 0.000 0.000 0.000 0.000 0.015 0.000
0.002 0.996 0.000 0.000 0.000 0.000 0.000 0.003 0.000
0.002 0.998 0.000 0.000 0.000 0.000 0.000 0.000 0.000
0.001 0.999 0.000 0.000 0.000 0.000 0.000 0.000 0.000
0.019 0.101 0.000 0.000 0.000 0.000 0.000 0.880 0.000
0.018 0.091 0.000 0.000 0.000 0.000 0.000 0.891 0.000
0.016 0.070 0.000 0.000 0.000 0.000 0.000 0.914 0.000
0.682 0.001 0.009 0.008 0.000 0.000 0.000 0.300 0.000
0.719 0.000 0.010 0.008 0.000 0.000 0.000 0.262 0.000
0.756 0.000 0.010 0.007 0.000 0.000 0.000 0.226 0.000
0.783 0.000 0.011 0.008 0.000 0.000 0.000 0.198 0.000
0.780 0.000 0.012 0.006 0.000 0.000 0.000 0.202 0.000
0.797 0.000 0.012 0.006 0.000 0.000 0.000 0.184 0.000
0.666 0.313 0.000 0.000 0.000 0.000 0.000 0.020 0.000
0.610 0.359 0.000 0.000 0.000 0.000 0.000 0.030 0.000
0.550 0.418 0.000 0.000 0.000 0.000 0.000 0.032 0.000
0.528 0.445 0.000 0.000 0.000 0.000 0.000 0.027 0.000
0.526 0.452 0.000 0.000 0.000 0.000 0.000 0.022 0.000
0.504 0.479 0.000 0.000 0.000 0.000 0.000 0.017 0.000
0.003 0.997 0.000 0.000 0.000 0.000 0.000 0.000 0.000
0.002 0.998 0.000 0.000 0.000 0.000 0.000 0.000 0.000
0.001 0.999 0.000 0.000 0.000 0.000 0.000 0.000 0.000
0.014 0.112 0.000 0.000 0.000 0.000 0.000 0.873 0.000
0.012 0.086 0.000 0.000 0.000 0.000 0.000 0.902 0.000
0.657 0.001 0.011 0.011 0.000 0.000 0.000 0.321 0.000
0.702 0.001 0.011 0.013 0.000 0.000 0.000 0.273 0.000
0.756 0.000 0.011 0.011 0.000 0.000 0.000 0.222 0.000
0.787 0.000 0.012 0.012 0.000 0.000 0.000 0.189 0.000
0.791 0.000 0.013 0.010 0.000 0.000 0.000 0.185 0.000
0.775 0.000 0.014 0.008 0.000 0.000 0.000 0.203 0.000
0.612 0.364 0.000 0.000 0.000 0.000 0.000 0.024 0.000
0.569 0.399 0.000 0.000 0.000 0.000 0.000 0.033 0.000
0.521 0.443 0.000 0.000 0.000 0.000 0.000 0.037 0.000
0.499 0.473 0.000 0.000 0.000 0.000 0.000 0.028 0.000
0.489 0.486 0.000 0.000 0.000 0.000 0.000 0.025 0.000
0.458 0.522 0.000 0.000 0.000 0.000 0.000 0.019 0.000
0.002 0.996 0.000 0.000 0.000 0.000 0.000 0.002 0.000
0.002 0.998 0.000 0.000 0.000 0.000 0.000 0.000 0.000
0.002 0.998 0.000 0.000 0.000 0.000 0.000 0.000 0.000
0.012 0.148 0.000 0.000 0.000 0.000 0.000 0.840 0.000
0.010 0.115 0.000 0.000 0.000 0.000 0.000 0.875 0.000
0.007 0.076 0.000 0.000 0.000 0.000 0.000 0.917 0.000
0.666 0.001 0.013 0.014 0.000 0.000 0.000 0.306 0.000
0.733 0.001 0.013 0.015 0.000 0.000 0.000 0.239 0.000
0.779 0.000 0.013 0.014 0.000 0.000 0.000 0.193 0.000
0.794 0.000 0.013 0.011 0.000 0.000 0.000 0.181 0.000
0.770 0.000 0.015 0.008 0.000 0.000 0.000 0.206 0.000
0.769 0.000 0.017 0.007 0.000 0.000 0.000 0.207 0.000
0.566 0.406 0.000 0.000 0.000 0.000 0.000 0.028 0.000
0.527 0.437 0.000 0.000 0.000 0.000 0.000 0.035 0.000
0.468 0.496 0.000 0.000 0.000 0.000 0.000 0.037 0.000
0.454 0.513 0.000 0.000 0.000 0.000 0.000 0.032 0.000
0.445 0.529 0.000 0.000 0.000 0.000 0.000 0.025 0.000
0.001 0.997 0.000 0.000 0.000 0.000 0.000 0.002 0.000
0.003 0.997 0.000 0.000 0.000 0.000 0.000 0.000 0.000
0.002 0.998 0.000 0.000 0.000 0.000 0.000 0.000 0.000
0.001 0.999 0.000 0.000 0.000 0.000 0.000 0.000 0.000
0.007 0.158 0.000 0.000 0.000 0.000 0.000 0.835 0.000
0.009 0.168 0.000 0.000 0.000 0.000 0.000 0.822 0.000
0.006 0.104 0.000 0.000 0.000 0.000 0.000 0.890 0.000
0.693 0.001 0.013 0.014 0.000 0.000 0.000 0.279 0.000
0.733 0.001 0.014 0.016 0.000 0.000 0.000 0.236 0.000
0.793 0.000 0.013 0.015 0.000 0.000 0.000 0.179 0.000
0.810 0.000 0.014 0.013 0.000 0.000 0.000 0.162 0.000
0.786 0.000 0.016 0.009 0.000 0.000 0.000 0.189 0.000
0.795 0.000 0.017 0.007 0.000 0.000 0.000 0.181 0.000
0.528 0.444 0.000 0.000 0.000 0.000 0.000 0.027 0.000
0.456 0.507 0.000 0.000 0.000 0.000 0.000 0.037 0.000
0.425 0.534 0.000 0.000 0.000 0.000 0.000 0.041 0.000
0.404 0.567 0.000 0.000 0.000 0.000 0.000 0.029 0.000
0.398 0.578 0.000 0.000 0.000 0.000 0.000 0.025 0.000
0.003 0.996 0.000 0.000 0.000 0.000 0.000 0.001 0.000
0.002 0.998 0.000 0.000 0.000 0.000 0.000 0.000 0.000
0.001 0.998 0.000 0.000 0.000 0.000 0.000 0.000 0.000
0.006 0.201 0.000 0.000 0.000 0.000 0.000 0.792 0.000
0.006 0.169 0.000 0.000 0.000 0.000 0.000 0.824 0.000
0.004 0.108 0.000 0.000 0.000 0.000 0.000 0.887 0.000
0.744 0.001 0.015 0.016 0.000 0.000 0.000 0.225 0.000
0.801 0.001 0.014 0.016 0.000 0.000 0.000 0.169 0.000
0.835 0.000 0.014 0.017 0.000 0.000 0.000 0.133 0.000
0.846 0.000 0.015 0.016 0.000 0.000 0.000 0.122 0.000
0.818 0.000 0.017 0.010 0.000 0.000 0.000 0.154 0.000
0.464 0.500 0.000 0.000 0.000 0.000 0.000 0.036 0.000
0.426 0.533 0.000 0.000 0.000 0.000 0.000 0.041 0.000
0.381 0.581 0.000 0.000 0.000 0.000 0.000 0.038 0.000
0.367 0.604 0.000 0.000 0.000 0.000 0.000 0.030 0.000
0.343 0.633 0.000 0.000 0.000 0.000 0.000 0.025 0.000
0.002 0.997 0.000 0.000 0.000 0.000 0.000 0.002 0.000
0.003 0.997 0.000 0.000 0.000 0.000 0.000 0.000 0.000
0.002 0.998 0.000 0.000 0.000 0.000 0.000 0.000 0.000
0.004 0.211 0.000 0.000 0.000 0.000 0.000 0.785 0.000
0.005 0.221 0.000 0.000 0.000 0.000 0.000 0.774 0.000
0.005 0.185 0.000 0.000 0.000 0.000 0.000 0.810 0.000
0.706 0.001 0.015 0.017 0.000 0.000 0.000 0.261 0.000
0.763 0.001 0.016 0.020 0.000 0.000 0.000 0.200 0.000
0.793 0.001 0.016 0.019 0.000 0.000 0.000 0.171 0.000
0.826 0.001 0.016 0.018 0.000 0.000 0.000 0.140 0.000
0.834 0.000 0.017 0.015 0.000 0.000 0.000 0.134 0.000
0.820 0.000 0.019 0.012 0.000 0.000 0.000 0.148 0.000
0.450 0.521 0.000 0.000 0.000 0.000 0.000 0.029 0.000
0.431 0.535 0.000 0.000 0.000 0.000 0.000 0.034 0.000
0.363 0.594 0.000 0.000 0.000 0.000 0.000 0.042 0.000
0.328 0.634 0.000 0.000 0.000 0.000 0.000 0.038 0.000
0.330 0.643 0.000 0.000 0.000 0.000 0.000 0.027 0.000
0.306 0.675 0.000 0.000 0.000 0.000 0.000 0.019 0.000
0.003 0.997 0.000 0.000 0.000 0.000 0.000 0.000 0.000
0.002 0.998 0.000 0.000 0.000 0.000 0.000 0.000 0.000
0.001 0.998 0.000 0.000 0.000 0.000 0.000 0.000 0.000
0.003 0.261 0.000 0.000 0.000 0.000 0.000 0.735 0.000
0.003 0.230 0.000 0.000 0.000 0.000 0.000 0.767 0.000
0.003 0.171 0.000 0.000 0.000 0.000 0.000 0.826 0.000
0.757 0.001 0.017 0.019 0.000 0.000 0.000 0.206 0.000
0.786 0.001 0.017 0.020 0.000 0.000 0.000 0.176 0.000
0.833 0.001 0.017 0.019 0.000 0.000 0.000 0.131 0.000
0.849 0.000 0.017 0.016 0.000 0.000 0.000 0.117 0.000
0.393 0.577 0.000 0.000 0.000 0.000 0.000 0.030 0.000
0.355 0.604 0.000 0.000 0.000 0.000 0.000 0.041 0.000
0.312 0.643 0.000 0.000 0.000 0.000 0.000 0.044 0.000
0.272 0.697 0.000 0.000 0.000 0.000 0.000 0.030 0.000
0.253 0.728 0.000 0.000 0.000 0.000 0.000 0.019 0.000
0.002 0.997 0.000 0.000 0.000 0.000 0.000 0.001 0.000
0.002 0.998 0.000 0.000 0.000 0.000 0.000 0.000 0.000
0.002 0.998 0.000 0.000 0.000 0.000 0.000 0.000 0.000
0.002 0.259 0.000 0.000 0.000 0.000 0.000 0.738 0.000
0.003 0.276 0.000 0.000 0.000 0.000 0.000 0.721 0.000
0.002 0.224 0.000 0.000 0.000 0.000 0.000 0.773 0.000
0.782 0.001 0.017 0.023 0.000 0.000 0.000 0.178 0.000
0.831 0.001 0.016 0.022 0.000 0.000 0.000 0.130 0.000
0.841 0.001 0.017 0.017 0.000 0.000 0.000 0.124 0.000
0.839 0.001 0.019 0.018 0.000 0.000 0.000 0.124 0.000
0.846 0.000 0.020 0.016 0.000 0.000 0.000 0.118 0.000
0.331 0.637 0.000 0.000 0.000 0.000 0.000 0.033 0.000
0.295 0.661 0.000 0.000 0.000 0.000 0.000 0.044 0.000
0.273 0.687 0.000 0.000 0.000 0.000 0.000 0.040 0.000
0.273 0.696 0.000 0.000 0.000 0.000 0.000 0.030 0.000
0.269 0.708 0.000 0.000 0.000 0.000 0.000 0.024 0.000
0.003 0.996 0.000 0.000 0.000 0.000 0.000 0.000 0.000
0.002 0.998 0.000 0.000 0.000 0.000 0.000 0.000 0.000
0.001 0.999 0.000 0.000 0.000 0.000 0.000 0.000 0.000
0.002 0.304 0.000 0.000 0.000 0.000 0.000 0.694 0.000
0.002 0.268 0.000 0.000 0.000 0.000 0.000 0.730 0.000
0.001 0.208 0.000 0.000 0.000 0.000 0.000 0.791 0.000
0.786 0.001 0.018 0.024 0.000 0.000 0.000 0.172 0.000
0.826 0.001 0.018 0.021 0.000 0.000 0.000 0.135 0.000
0.831 0.001 0.019 0.018 0.000 0.000 0.000 0.131 0.000
0.825 0.001 0.021 0.015 0.000 0.000 0.000 0.139 0.000
0.831 0.000 0.023 0.014 0.000 0.000 0.000 0.132 0.000
0.372 0.591 0.000 0.000 0.000 0.000 0.000 0.038 0.000
0.333 0.625 0.000 0.000 0.000 0.000 0.000 0.042 0.000
0.302 0.659 0.000 0.000 0.000 0.000 0.000 0.040 0.000
0.313 0.655 0.000 0.000 0.000 0.000 0.000 0.032 0.000
0.309 0.669 0.000 0.000 0.000 0.000 0.000 0.022 0.000
0.003 0.996 0.000 0.000 0.000 0.000 0.000 0.001 0.000
0.003 0.997 0.000 0.000 0.000 0.000 0.000 0.000 0.000
0.002 0.998 0.000 0.000 0.000 0.000 0.000 0.000 0.000
0.001 0.320 0.000 0.000 0.000 0.000 0.000 0.678 0.000
0.001 0.331 0.000 0.000 0.000 0.000 0.000 0.668 0.000
0.001 0.269 0.000 0.000 0.000 0.000 0.000 0.730 0.000
0.764 0.001 0.020 0.021 0.000 0.000 0.000 0.194 0.000
0.820 0.001 0.019 0.020 0.000 0.000 0.000 0.140 0.000
0.846 0.001 0.019 0.017 0.000 0.000 0.000 0.117 0.000
0.832 0.001 0.021 0.014 0.000 0.000 0.000 0.131 0.000
0.812 0.000 0.025 0.012 0.000 0.000 0.000 0.151 0.000
0.798 0.000 0.029 0.013 0.000 0.000 0.000 0.160 0.000
0.412 0.558 0.000 0.000 0.000 0.000 0.000 0.030 0.000
0.409 0.555 0.000 0.000 0.000 0.000 0.000 0.037 0.000
0.373 0.583 0.000 0.000 0.000 0.000 0.000 0.045 0.000
0.349 0.612 0.000 0.000 0.000 0.000 0.000 0.039 0.000
0.345 0.627 0.000 0.000 0.000 0.000 0.000 0.028 0.000
0.346 0.631 0.000 0.000 0.000 0.000 0.000 0.022 0.000
0.003 0.996 0.000 0.000 0.000 0.000 0.000 0.000 0.000
0.003 0.997 0.000 0.000 0.000 0.000 0.000 0.000 0.000
0.001 0.342 0.000 0.000 0.000 0.000 0.000 0.656 0.000
0.001 0.311 0.000 0.000 0.000 0.000 0.000 0.688 0.000
0.784 0.001 0.020 0.023 0.000 0.000 0.000 0.171 0.000
0.814 0.001 0.020 0.020 0.000 0.000 0.000 0.145 0.000
0.839 0.001 0.020 0.014 0.000 0.000 0.000 0.127 0.000
0.849 0.001 0.021 0.011 0.000 0.000 0.000 0.118 0.000
0.818 0.000 0.025 0.010 0.000 0.000 0.000 0.146 0.000
0.460 0.510 0.000 0.000 0.000 0.000 0.000 0.030 0.000
0.435 0.524 0.000 0.000 0.000 0.000 0.000 0.041 0.000
0.417 0.538 0.000 0.000 0.000 0.000 0.000 0.045 0.000
0.401 0.564 0.000 0.000 0.000 0.000 0.000 0.035 0.000
0.391 0.582 0.000 0.000 0.000 0.000 0.000 0.027 0.000
0.369 0.611 0.000 0.000 0.000 0.000 0.000 0.020 0.000
0.004 0.995 0.000 0.000 0.000 0.000 0.000 0.001 0.000
0.003 0.997 0.000 0.000 0.000 0.000 0.000 0.000 0.000
0.002 0.998 0.000 0.000 0.000 0.000 0.000 0.000 0.000
0.001 0.327 0.000 0.000 0.000 0.000 0.000 0.672 0.000
0.001 0.302 0.000 0.000 0.000 0.000 0.000 0.697 0.000
0.823 0.001 0.021 0.020 0.000 0.000 0.000 0.135 0.000
0.825 0.001 0.022 0.015 0.000 0.000 0.000 0.137 0.000
0.823 0.001 0.024 0.014 0.000 0.000 0.000 0.138 0.000
0.803 0.001 0.028 0.011 0.000 0.000 0.000 0.157 0.000
0.800 0.001 0.032 0.013 0.000 0.000 0.000 0.154 0.000
0.512 0.453 0.000 0.000 0.000 0.000 0.000 0.035 0.000
0.490 0.471 0.000 0.000 0.000 0.000 0.000 0.039 0.000
0.463 0.495 0.000 0.000 0.000 0.000 0.000 0.042 0.000
0.450 0.516 0.000 0.000 0.000 0.000 0.000 0.034 0.000
0.444 0.532 0.000 0.000 0.000 0.000 0.000 0.024 0.000
0.003 0.995 0.000 0.000 0.000 0.000 0.000 0.002 0.000
0.004 0.996 0.000 0.000 0.000 0.000 0.000 0.000 0.000
0.003 0.997 0.000 0.000 0.000 0.000 0.000 0.000 0.000
0.001 0.275 0.000 0.000 0.000 0.000 0.000 0.725 0.000
0.001 0.298 0.000 0.000 0.000 0.000 0.000 0.701 0.000
