0.269 0.731 0.000 0.000 0.000 0.000 0.000 0.000 0.000
0.312 0.688 0.000 0.000 0.000 0.000 0.000 0.000 0.000
0.293 0.707 0.000 0.000 0.000 0.000 0.000 0.000 0.000
0.997 0.000 0.000 0.000 0.000 0.000 0.000 0.003 0.000
0.998 0.000 0.000 0.000 0.000 0.000 0.000 0.002 0.000
0.998 0.000 0.000 0.000 0.000 0.000 0.000 0.002 0.000
0.998 0.000 0.000 0.000 0.000 0.000 0.000 0.001 0.000
0.998 0.000 0.000 0.000 0.000 0.000 0.000 0.001 0.000
0.998 0.000 0.000 0.000 0.000 0.000 0.000 0.001 0.000
0.998 0.000 0.000 0.000 0.000 0.000 0.000 0.001 0.000
0.998 0.000 0.000 0.000 0.000 0.000 0.000 0.001 0.000
0.998 0.000 0.000 0.000 0.000 0.000 0.000 0.001 0.000
0.999 0.000 0.000 0.000 0.000 0.000 0.000 0.001 0.000
0.999 0.000 0.000 0.000 0.000 0.000 0.000 0.001 0.000
0.963 0.003 0.023 0.000 0.000 0.000 0.000 0.010 0.001
0.960 0.003 0.023 0.000 0.000 0.000 0.000 0.012 0.001
0.960 0.004 0.022 0.000 0.000 0.000 0.000 0.014 0.000
0.966 0.004 0.018 0.000 0.000 0.000 0.000 0.012 0.001
0.971 0.004 0.014 0.000 0.000 0.000 0.000 0.010 0.000
0.979 0.003 0.010 0.000 0.000 0.000 0.000 0.007 0.001
0.986 0.004 0.006 0.000 0.000 0.000 0.000 0.003 0.001
0.988 0.005 0.004 0.000 0.000 0.000 0.000 0.002 0.002
0.985 0.007 0.004 0.000 0.000 0.000 0.000 0.002 0.002
0.236 0.764 0.000 0.000 0.000 0.000 0.000 0.000 0.000
0.213 0.787 0.000 0.000 0.000 0.000 0.000 0.000 0.000
0.176 0.824 0.000 0.000 0.000 0.000 0.000 0.000 0.000
0.995 0.001 0.000 0.000 0.000 0.000 0.000 0.005 0.000
0.996 0.001 0.000 0.000 0.000 0.000 0.000 0.003 0.000
0.997 0.001 0.000 0.000 0.000 0.000 0.000 0.003 0.000
0.997 0.000 0.000 0.000 0.000 0.000 0.000 0.002 0.000
0.997 0.000 0.000 0.000 0.000 0.000 0.000 0.003 0.000
0.996 0.000 0.000 0.000 0.000 0.000 0.000 0.003 0.000
0.997 0.000 0.000 0.000 0.000 0.000 0.000 0.003 0.000
0.998 0.000 0.000 0.000 0.000 0.000 0.000 0.002 0.000
0.997 0.000 0.000 0.000 0.000 0.000 0.000 0.003 0.000
0.998 0.000 0.000 0.000 0.000 0.000 0.000 0.002 0.000
0.998 0.000 0.000 0.000 0.000 0.000 0.000 0.001 0.000
0.999 0.000 0.000 0.000 0.000 0.000 0.000 0.001 0.000
0.960 0.004 0.022 0.000 0.000 0.000 0.000 0.014 0.001
0.957 0.004 0.021 0.000 0.000 0.000 0.000 0.018 0.000
0.965 0.004 0.017 0.000 0.000 0.000 0.000 0.014 0.000
0.978 0.004 0.011 0.000 0.000 0.000 0.000 0.008 0.001
0.986 0.004 0.006 0.000 0.000 0.000 0.000 0.003 0.001
0.987 0.005 0.004 0.000 0.000 0.000 0.000 0.002 0.002
0.985 0.007 0.004 0.000 0.000 0.000 0.000 0.002 0.002
0.986 0.007 0.004 0.000 0.000 0.000 0.000 0.002 0.002
0.983 0.010 0.004 0.000 0.000 0.000 0.000 0.002 0.002
0.159 0.841 0.000 0.000 0.000 0.000 0.000 0.000 0.000
0.173 0.827 0.000 0.000 0.000 0.000 0.000 0.000 0.000
0.164 0.836 0.000 0.000 0.000 0.000 0.000 0.000 0.000
0.992 0.001 0.000 0.000 0.000 0.000 0.000 0.007 0.000
0.994 0.001 0.000 0.000 0.000 0.000 0.000 0.005 0.000
0.995 0.001 0.000 0.000 0.000 0.000 0.000 0.004 0.000
0.996 0.001 0.000 0.000 0.000 0.000 0.000 0.004 0.000
0.994 0.001 0.000 0.000 0.000 0.000 0.000 0.005 0.000
0.993 0.001 0.000 0.000 0.000 0.000 0.000 0.006 0.000
0.995 0.000 0.000 0.000 0.000 0.000 0.000 0.005 0.000
0.996 0.000 0.000 0.000 0.000 0.000 0.000 0.003 0.000
0.995 0.000 0.000 0.000 0.000 0.000 0.000 0.004 0.000
0.995 0.000 0.000 0.000 0.000 0.000 0.000 0.004 0.000
0.996 0.000 0.000 0.000 0.000 0.000 0.000 0.004 0.000
0.998 0.000 0.000 0.000 0.000 0.000 0.000 0.002 0.000
0.998 0.000 0.000 0.000 0.000 0.000 0.000 0.002 0.000
0.998 0.000 0.000 0.000 0.000 0.000 0.000 0.002 0.000
0.963 0.004 0.017 0.000 0.000 0.000 0.000 0.015 0.001
0.976 0.004 0.011 0.000 0.000 0.000 0.000 0.008 0.001
0.985 0.004 0.006 0.000 0.000 0.000 0.000 0.003 0.002
0.986 0.005 0.004 0.000 0.000 0.000 0.000 0.002 0.002
0.985 0.006 0.004 0.000 0.000 0.000 0.000 0.002 0.002
0.985 0.007 0.004 0.000 0.000 0.000 0.000 0.002 0.002
0.985 0.007 0.003 0.000 0.000 0.000 0.000 0.002 0.002
0.985 0.008 0.003 0.000 0.000 0.000 0.000 0.002 0.002
0.984 0.010 0.003 0.000 0.000 0.000 0.000 0.002 0.002
0.097 0.903 0.000 0.000 0.000 0.000 0.000 0.000 0.000
0.136 0.864 0.000 0.000 0.000 0.000 0.000 0.000 0.000
0.121 0.879 0.000 0.000 0.000 0.000 0.000 0.000 0.000
0.081 0.919 0.000 0.000 0.000 0.000 0.000 0.000 0.000
0.987 0.002 0.000 0.000 0.000 0.000 0.000 0.011 0.000
0.989 0.001 0.000 0.000 0.000 0.000 0.000 0.009 0.000
0.992 0.001 0.000 0.000 0.000 0.000 0.000 0.007 0.000
0.993 0.001 0.000 0.000 0.000 0.000 0.000 0.006 0.000
0.992 0.001 0.000 0.000 0.000 0.000 0.000 0.007 0.000
0.989 0.001 0.000 0.000 0.000 0.000 0.000 0.010 0.000
0.991 0.001 0.000 0.000 0.000 0.000 0.000 0.008 0.000
0.992 0.001 0.000 0.000 0.000 0.000 0.000 0.007 0.000
0.995 0.000 0.000 0.000 0.000 0.000 0.000 0.005 0.000
0.994 0.000 0.000 0.000 0.000 0.000 0.000 0.006 0.000
0.992 0.000 0.000 0.000 0.000 0.000 0.000 0.008 0.000
0.992 0.000 0.000 0.000 0.000 0.000 0.000 0.008 0.000
0.996 0.000 0.000 0.000 0.000 0.000 0.000 0.003 0.000
0.997 0.000 0.000 0.000 0.000 0.000 0.000 0.003 0.000
0.996 0.000 0.000 0.000 0.000 0.000 0.000 0.003 0.000
0.997 0.000 0.000 0.000 0.000 0.000 0.000 0.003 0.000
0.998 0.000 0.000 0.000 0.000 0.000 0.000 0.002 0.000
0.999 0.000 0.000 0.000 0.000 0.000 0.000 0.001 0.000
0.978 0.006 0.009 0.000 0.000 0.000 0.000 0.007 0.001
0.981 0.007 0.005 0.000 0.000 0.000 0.000 0.003 0.003
0.984 0.007 0.004 0.000 0.000 0.000 0.000 0.002 0.003
0.984 0.007 0.004 0.000 0.000 0.000 0.000 0.003 0.002
0.983 0.008 0.004 0.000 0.000 0.000 0.000 0.003 0.002
0.983 0.009 0.003 0.000 0.000 0.000 0.000 0.003 0.002
0.983 0.010 0.003 0.000 0.000 0.000 0.000 0.002 0.002
0.983 0.011 0.002 0.000 0.000 0.000 0.000 0.002 0.002
0.983 0.011 0.002 0.000 0.000 0.000 0.000 0.003 0.001
0.091 0.909 0.000 0.000 0.000 0.000 0.000 0.000 0.000
0.085 0.915 0.000 0.000 0.000 0.000 0.000 0.000 0.000
0.074 0.926 0.000 0.000 0.000 0.000 0.000 0.000 0.000
0.980 0.003 0.000 0.000 0.000 0.000 0.000 0.017 0.000
0.983 0.002 0.000 0.000 0.000 0.000 0.000 0.015 0.000
0.979 0.001 0.000 0.000 0.000 0.000 0.000 0.020 0.000
0.982 0.001 0.000 0.000 0.000 0.000 0.000 0.017 0.000
0.982 0.001 0.000 0.000 0.000 0.000 0.000 0.017 0.000
0.989 0.001 0.000 0.000 0.000 0.000 0.000 0.010 0.000
0.988 0.001 0.000 0.000 0.000 0.000 0.000 0.011 0.000
0.994 0.000 0.000 0.000 0.000 0.000 0.000 0.006 0.000
0.993 0.000 0.000 0.000 0.000 0.000 0.000 0.006 0.000
0.995 0.000 0.000 0.000 0.000 0.000 0.000 0.005 0.000
0.997 0.000 0.000 0.000 0.000 0.000 0.000 0.003 0.000
0.996 0.000 0.000 0.000 0.000 0.000 0.000 0.004 0.000
0.978 0.010 0.005 0.000 0.000 0.000 0.000 0.005 0.002
0.982 0.008 0.004 0.000 0.000 0.000 0.000 0.004 0.002
0.984 0.008 0.003 0.000 0.000 0.000 0.000 0.004 0.002
0.982 0.009 0.003 0.000 0.000 0.000 0.000 0.004 0.001
0.979 0.013 0.003 0.000 0.000 0.000 0.000 0.004 0.002
0.980 0.013 0.002 0.000 0.000 0.000 0.000 0.003 0.002
0.980 0.014 0.002 0.000 0.000 0.000 0.000 0.003 0.002
0.980 0.014 0.002 0.000 0.000 0.000 0.000 0.003 0.001
0.980 0.013 0.002 0.000 0.000 0.000 0.000 0.004 0.001
0.046 0.954 0.000 0.000 0.000 0.000 0.000 0.000 0.000
0.062 0.938 0.000 0.000 0.000 0.000 0.000 0.000 0.000
0.056 0.944 0.000 0.000 0.000 0.000 0.000 0.000 0.000
0.953 0.004 0.000 0.000 0.000 0.000 0.000 0.042 0.000
0.965 0.004 0.000 0.000 0.000 0.000 0.000 0.031 0.000
0.975 0.003 0.000 0.000 0.000 0.000 0.000 0.022 0.000
0.969 0.001 0.000 0.000 0.000 0.000 0.000 0.030 0.000
0.970 0.001 0.000 0.000 0.000 0.000 0.000 0.028 0.000
0.979 0.001 0.000 0.000 0.000 0.000 0.000 0.020 0.000
0.980 0.001 0.000 0.000 0.000 0.000 0.000 0.019 0.000
0.980 0.001 0.000 0.000 0.000 0.000 0.000 0.019 0.000
0.989 0.000 0.000 0.000 0.000 0.000 0.000 0.011 0.000
0.988 0.000 0.000 0.000 0.000 0.000 0.000 0.011 0.000
0.987 0.000 0.000 0.000 0.000 0.000 0.000 0.013 0.000
0.987 0.000 0.000 0.000 0.000 0.000 0.000 0.013 0.000
0.989 0.000 0.000 0.000 0.000 0.000 0.000 0.010 0.000
0.974 0.013 0.005 0.000 0.000 0.000 0.000 0.007 0.002
0.975 0.013 0.004 0.000 0.000 0.000 0.000 0.006 0.002
0.982 0.009 0.003 0.000 0.000 0.000 0.000 0.004 0.001
0.980 0.010 0.003 0.000 0.000 0.000 0.000 0.005 0.001
0.977 0.014 0.003 0.000 0.000 0.000 0.000 0.005 0.001
0.976 0.017 0.002 0.000 0.000 0.000 0.000 0.005 0.001
0.044 0.956 0.000 0.000 0.000 0.000 0.000 0.000 0.000
0.039 0.961 0.000 0.000 0.000 0.000 0.000 0.000 0.000
0.034 0.966 0.000 0.000 0.000 0.000 0.000 0.000 0.000
0.908 0.006 0.000 0.000 0.000 0.000 0.000 0.086 0.000
0.927 0.006 0.000 0.000 0.000 0.000 0.000 0.067 0.000
0.937 0.005 0.000 0.000 0.000 0.000 0.000 0.057 0.000
0.941 0.002 0.000 0.000 0.000 0.000 0.000 0.057 0.000
0.955 0.002 0.000 0.000 0.000 0.000 0.000 0.044 0.000
0.961 0.002 0.000 0.000 0.000 0.000 0.000 0.037 0.000
0.965 0.001 0.000 0.000 0.000 0.000 0.000 0.033 0.000
0.966 0.001 0.000 0.000 0.000 0.000 0.000 0.033 0.000
0.963 0.001 0.000 0.000 0.000 0.000 0.000 0.036 0.000
0.982 0.000 0.000 0.000 0.000 0.000 0.000 0.018 0.000
0.983 0.000 0.000 0.000 0.000 0.000 0.000 0.017 0.000
0.979 0.000 0.000 0.000 0.000 0.000 0.000 0.020 0.000
0.982 0.000 0.000 0.000 0.000 0.000 0.000 0.018 0.000
0.988 0.000 0.000 0.000 0.000 0.000 0.000 0.011 0.000
0.992 0.001 0.000 0.000 0.000 0.000 0.000 0.007 0.000
0.981 0.011 0.002 0.000 0.000 0.000 0.000 0.004 0.002
0.982 0.010 0.002 0.000 0.000 0.000 0.000 0.005 0.001
0.981 0.011 0.002 0.000 0.000 0.000 0.000 0.005 0.001
0.972 0.022 0.001 0.000 0.000 0.000 0.000 0.004 0.001
0.971 0.022 0.001 0.000 0.000 0.000 0.000 0.005 0.001
0.025 0.975 0.000 0.000 0.000 0.000 0.000 0.000 0.000
0.029 0.971 0.000 0.000 0.000 0.000 0.000 0.000 0.000
0.027 0.973 0.000 0.000 0.000 0.000 0.000 0.000 0.000
0.866 0.009 0.000 0.000 0.000 0.000 0.000 0.124 0.000
0.886 0.009 0.000 0.000 0.000 0.000 0.000 0.105 0.000
0.920 0.002 0.000 0.000 0.000 0.000 0.000 0.078 0.000
0.932 0.002 0.000 0.000 0.000 0.000 0.000 0.066 0.000
0.941 0.002 0.000 0.000 0.000 0.000 0.000 0.057 0.000
0.943 0.001 0.000 0.000 0.000 0.000 0.000 0.056 0.000
0.932 0.001 0.000 0.000 0.000 0.000 0.000 0.067 0.000
0.932 0.001 0.000 0.000 0.000 0.000 0.000 0.066 0.000
0.911 0.001 0.000 0.000 0.000 0.000 0.000 0.087 0.000
0.977 0.000 0.000 0.000 0.000 0.000 0.000 0.022 0.000
0.977 0.000 0.000 0.000 0.000 0.000 0.000 0.023 0.000
0.977 0.000 0.000 0.000 0.000 0.000 0.000 0.022 0.000
0.981 0.000 0.000 0.000 0.000 0.000 0.000 0.018 0.000
0.987 0.001 0.000 0.000 0.000 0.000 0.000 0.012 0.000
0.990 0.001 0.000 0.000 0.000 0.000 0.000 0.009 0.000
0.978 0.014 0.002 0.000 0.000 0.000 0.000 0.004 0.002
0.979 0.013 0.002 0.000 0.000 0.000 0.000 0.004 0.002
0.966 0.027 0.001 0.000 0.000 0.000 0.000 0.004 0.001
0.963 0.030 0.001 0.000 0.000 0.000 0.000 0.004 0.001
0.969 0.024 0.001 0.000 0.000 0.000 0.000 0.005 0.001
0.012 0.988 0.000 0.000 0.000 0.000 0.000 0.000 0.000
0.021 0.979 0.000 0.000 0.000 0.000 0.000 0.000 0.000
0.018 0.982 0.000 0.000 0.000 0.000 0.000 0.000 0.000
0.776 0.014 0.000 0.000 0.000 0.000 0.000 0.210 0.000
0.799 0.013 0.000 0.000 0.000 0.000 0.000 0.188 0.000
0.819 0.011 0.000 0.000 0.000 0.000 0.000 0.170 0.000
0.903 0.002 0.000 0.000 0.000 0.000 0.000 0.095 0.000
0.901 0.002 0.000 0.000 0.000 0.000 0.000 0.097 0.000
0.896 0.002 0.000 0.000 0.000 0.000 0.000 0.102 0.000
0.846 0.001 0.000 0.000 0.000 0.000 0.000 0.153 0.000
0.951 0.001 0.000 0.000 0.000 0.000 0.000 0.047 0.000
0.988 0.001 0.000 0.000 0.000 0.000 0.000 0.010 0.000
0.968 0.000 0.000 0.000 0.000 0.000 0.000 0.031 0.000
0.965 0.000 0.001 0.000 0.000 0.000 0.000 0.034 0.000
0.967 0.000 0.001 0.000 0.000 0.000 0.000 0.032 0.000
0.968 0.000 0.001 0.000 0.000 0.000 0.000 0.032 0.000
0.977 0.000 0.001 0.000 0.000 0.000 0.000 0.022 0.000
0.978 0.000 0.001 0.000 0.000 0.000 0.000 0.021 0.000
0.974 0.018 0.002 0.000 0.000 0.000 0.000 0.004 0.002
0.962 0.029 0.001 0.000 0.000 0.000 0.000 0.007 0.001
0.959 0.033 0.001 0.000 0.000 0.000 0.000 0.006 0.001
0.956 0.037 0.001 0.000 0.000 0.000 0.000 0.005 0.001
0.955 0.038 0.001 0.000 0.000 0.000 0.000 0.005 0.001
0.013 0.987 0.000 0.000 0.000 0.000 0.000 0.000 0.000
0.013 0.987 0.000 0.000 0.000 0.000 0.000 0.000 0.000
0.012 0.988 0.000 0.000 0.000 0.000 0.000 0.000 0.000
0.625 0.021 0.000 0.000 0.000 0.000 0.000 0.354 0.000
0.676 0.019 0.000 0.000 0.000 0.000 0.000 0.306 0.000
0.713 0.017 0.000 0.000 0.000 0.000 0.000 0.270 0.000
0.837 0.002 0.000 0.000 0.000 0.000 0.000 0.160 0.000
0.802 0.002 0.000 0.000 0.000 0.000 0.000 0.196 0.000
0.886 0.002 0.000 0.000 0.000 0.000 0.000 0.112 0.000
0.926 0.003 0.000 0.000 0.000 0.000 0.000 0.070 0.000
0.925 0.003 0.000 0.000 0.000 0.000 0.000 0.072 0.000
0.820 0.001 0.001 0.000 0.000 0.000 0.000 0.178 0.000
0.956 0.000 0.001 0.000 0.000 0.000 0.000 0.043 0.000
0.951 0.000 0.001 0.000 0.000 0.000 0.000 0.048 0.000
0.951 0.000 0.001 0.000 0.000 0.000 0.000 0.048 0.000
0.957 0.000 0.001 0.000 0.000 0.000 0.000 0.042 0.000
0.964 0.000 0.001 0.000 0.000 0.000 0.000 0.034 0.000
0.960 0.029 0.001 0.000 0.000 0.000 0.000 0.009 0.001
0.957 0.033 0.001 0.000 0.000 0.000 0.000 0.009 0.001
0.953 0.039 0.001 0.000 0.000 0.000 0.000 0.007 0.001
0.947 0.045 0.001 0.000 0.000 0.000 0.000 0.006 0.001
0.943 0.050 0.001 0.000 0.000 0.000 0.000 0.006 0.001
0.006 0.994 0.000 0.000 0.000 0.000 0.000 0.000 0.000
0.010 0.990 0.000 0.000 0.000 0.000 0.000 0.000 0.000
0.009 0.991 0.000 0.000 0.000 0.000 0.000 0.000 0.000
0.524 0.023 0.000 0.000 0.000 0.000 0.000 0.454 0.000
0.536 0.020 0.000 0.000 0.000 0.000 0.000 0.444 0.000
0.572 0.020 0.000 0.000 0.000 0.000 0.000 0.407 0.000
0.804 0.002 0.000 0.000 0.000 0.000 0.000 0.194 0.000
0.808 0.002 0.001 0.000 0.000 0.000 0.000 0.189 0.000
0.778 0.002 0.001 0.000 0.000 0.000 0.000 0.220 0.000
0.750 0.001 0.001 0.000 0.000 0.000 0.000 0.248 0.000
0.756 0.001 0.001 0.000 0.000 0.000 0.000 0.242 0.000
0.780 0.001 0.001 0.000 0.000 0.000 0.000 0.218 0.000
0.928 0.000 0.001 0.000 0.000 0.000 0.000 0.071 0.000
0.930 0.000 0.001 0.000 0.000 0.000 0.000 0.069 0.000
0.931 0.000 0.001 0.000 0.000 0.000 0.000 0.067 0.000
0.943 0.000 0.001 0.000 0.000 0.000 0.000 0.056 0.000
0.964 0.027 0.001 0.000 0.000 0.000 0.000 0.006 0.002
0.965 0.026 0.001 0.000 0.000 0.000 0.000 0.006 0.001
0.964 0.026 0.001 0.000 0.000 0.000 0.000 0.008 0.001
0.959 0.029 0.001 0.000 0.000 0.000 0.000 0.009 0.001
0.946 0.042 0.001 0.000 0.000 0.000 0.000 0.010 0.001
0.941 0.048 0.001 0.000 0.000 0.000 0.000 0.009 0.001
0.940 0.051 0.001 0.000 0.000 0.000 0.000 0.008 0.001
0.931 0.061 0.001 0.000 0.000 0.000 0.000 0.007 0.001
0.007 0.993 0.000 0.000 0.000 0.000 0.000 0.000 0.000
0.006 0.994 0.000 0.000 0.000 0.000 0.000 0.000 0.000
0.005 0.995 0.000 0.000 0.000 0.000 0.000 0.000 0.000
0.355 0.028 0.000 0.000 0.000 0.000 0.000 0.616 0.000
0.413 0.028 0.000 0.000 0.000 0.000 0.000 0.559 0.000
0.421 0.025 0.000 0.000 0.000 0.000 0.000 0.554 0.000
0.742 0.002 0.001 0.000 0.000 0.000 0.000 0.255 0.000
0.705 0.002 0.001 0.000 0.000 0.000 0.000 0.293 0.000
0.692 0.002 0.001 0.000 0.000 0.000 0.000 0.306 0.000
0.714 0.001 0.001 0.000 0.000 0.000 0.000 0.284 0.000
0.910 0.000 0.001 0.000 0.000 0.000 0.000 0.089 0.000
0.900 0.000 0.001 0.000 0.000 0.000 0.000 0.098 0.000
0.907 0.000 0.001 0.000 0.000 0.000 0.000 0.091 0.000
0.915 0.000 0.001 0.000 0.000 0.000 0.000 0.083 0.000
0.912 0.000 0.001 0.000 0.000 0.000 0.000 0.086 0.000
0.957 0.034 0.001 0.000 0.000 0.000 0.000 0.007 0.001
0.954 0.037 0.001 0.000 0.000 0.000 0.000 0.008 0.001
0.948 0.039 0.001 0.000 0.000 0.000 0.000 0.012 0.001
0.940 0.046 0.001 0.000 0.000 0.000 0.000 0.012 0.001
0.928 0.060 0.001 0.000 0.000 0.000 0.000 0.011 0.001
0.923 0.067 0.001 0.000 0.000 0.000 0.000 0.009 0.001
0.911 0.080 0.001 0.000 0.000 0.000 0.000 0.008 0.001
0.004 0.996 0.000 0.000 0.000 0.000 0.000 0.000 0.000
0.005 0.995 0.000 0.000 0.000 0.000 0.000 0.000 0.000
0.004 0.996 0.000 0.000 0.000 0.000 0.000 0.000 0.000
0.203 0.027 0.000 0.000 0.000 0.000 0.000 0.770 0.000
0.265 0.030 0.000 0.000 0.000 0.000 0.000 0.705 0.000
0.288 0.029 0.000 0.000 0.000 0.000 0.000 0.683 0.000
0.621 0.002 0.001 0.000 0.000 0.000 0.000 0.377 0.000
0.584 0.002 0.001 0.000 0.000 0.000 0.000 0.413 0.000
0.601 0.001 0.001 0.000 0.000 0.000 0.000 0.397 0.000
0.670 0.002 0.001 0.000 0.000 0.000 0.000 0.328 0.000
0.879 0.000 0.001 0.000 0.000 0.000 0.000 0.119 0.000
0.884 0.000 0.001 0.000 0.000 0.000 0.000 0.114 0.000
0.846 0.000 0.002 0.000 0.000 0.000 0.000 0.152 0.000
0.804 0.000 0.002 0.000 0.000 0.000 0.000 0.193 0.000
0.948 0.042 0.001 0.000 0.000 0.000 0.000 0.009 0.001
0.946 0.042 0.001 0.000 0.000 0.000 0.000 0.010 0.001
0.942 0.045 0.001 0.000 0.000 0.000 0.000 0.012 0.001
0.928 0.057 0.001 0.000 0.000 0.000 0.000 0.014 0.001
0.911 0.074 0.001 0.000 0.000 0.000 0.000 0.014 0.001
0.909 0.078 0.001 0.000 0.000 0.000 0.000 0.012 0.001
0.897 0.092 0.000 0.000 0.000 0.000 0.000 0.010 0.001
0.003 0.997 0.000 0.000 0.000 0.000 0.000 0.000 0.000
0.003 0.997 0.000 0.000 0.000 0.000 0.000 0.000 0.000
0.002 0.998 0.000 0.000 0.000 0.000 0.000 0.000 0.000
0.147 0.026 0.000 0.000 0.000 0.000 0.000 0.827 0.000
0.178 0.029 0.000 0.000 0.000 0.000 0.000 0.793 0.000
0.563 0.002 0.001 0.000 0.000 0.000 0.000 0.434 0.000
0.501 0.001 0.001 0.000 0.000 0.000 0.000 0.496 0.000
0.521 0.001 0.001 0.000 0.000 0.000 0.000 0.476 0.000
0.589 0.002 0.001 0.000 0.000 0.000 0.000 0.408 0.000
0.643 0.002 0.001 0.000 0.000 0.000 0.000 0.354 0.000
0.763 0.000 0.002 0.000 0.000 0.000 0.000 0.235 0.000
0.819 0.000 0.002 0.000 0.000 0.000 0.000 0.179 0.000
0.939 0.050 0.001 0.000 0.000 0.000 0.000 0.009 0.001
0.930 0.058 0.001 0.000 0.000 0.000 0.000 0.011 0.001
0.926 0.059 0.001 0.000 0.000 0.000 0.000 0.014 0.001
0.912 0.069 0.001 0.000 0.000 0.000 0.000 0.017 0.000
0.895 0.087 0.001 0.000 0.000 0.000 0.000 0.017 0.000
0.873 0.109 0.001 0.000 0.000 0.000 0.000 0.017 0.000
0.860 0.121 0.000 0.000 0.000 0.000 0.000 0.017 0.000
0.868 0.119 0.000 0.000 0.000 0.000 0.000 0.012 0.000
0.002 0.998 0.000 0.000 0.000 0.000 0.000 0.000 0.000
0.002 0.998 0.000 0.000 0.000 0.000 0.000 0.000 0.000
0.002 0.998 0.000 0.000 0.000 0.000 0.000 0.000 0.000
0.085 0.026 0.000 0.000 0.000 0.000 0.000 0.888 0.000
0.107 0.028 0.000 0.000 0.000 0.000 0.000 0.864 0.000
0.117 0.028 0.000 0.000 0.000 0.000 0.000 0.855 0.000
0.452 0.002 0.001 0.000 0.000 0.000 0.000 0.545 0.000
0.447 0.002 0.001 0.000 0.000 0.000 0.000 0.550 0.000
0.480 0.002 0.001 0.000 0.000 0.000 0.000 0.517 0.000
0.514 0.001 0.001 0.000 0.000 0.000 0.000 0.484 0.000
0.758 0.001 0.002 0.000 0.000 0.000 0.000 0.239 0.000
0.737 0.000 0.002 0.000 0.000 0.000 0.000 0.260 0.000
0.723 0.000 0.003 0.000 0.000 0.000 0.000 0.274 0.000
0.928 0.059 0.000 0.000 0.000 0.000 0.000 0.011 0.001
0.922 0.063 0.000 0.000 0.000 0.000 0.000 0.013 0.001
0.913 0.071 0.000 0.000 0.000 0.000 0.000 0.015 0.001
0.899 0.080 0.000 0.000 0.000 0.000 0.000 0.020 0.000
0.836 0.122 0.001 0.000 0.000 0.000 0.000 0.042 0.000
0.867 0.105 0.000 0.000 0.000 0.000 0.000 0.027 0.000
0.864 0.120 0.000 0.000 0.000 0.000 0.000 0.015 0.000
0.847 0.138 0.000 0.000 0.000 0.000 0.000 0.015 0.000
0.002 0.998 0.000 0.000 0.000 0.000 0.000 0.000 0.000
0.001 0.999 0.000 0.000 0.000 0.000 0.000 0.000 0.000
0.001 0.999 0.000 0.000 0.000 0.000 0.000 0.000 0.000
0.062 0.026 0.000 0.000 0.000 0.000 0.000 0.912 0.000
0.073 0.027 0.000 0.000 0.000 0.000 0.000 0.900 0.000
0.384 0.002 0.001 0.000 0.000 0.000 0.000 0.613 0.000
0.416 0.002 0.001 0.000 0.000 0.000 0.000 0.582 0.000
0.391 0.001 0.001 0.000 0.000 0.000 0.000 0.606 0.000
0.396 0.001 0.001 0.000 0.000 0.000 0.000 0.602 0.000
0.259 0.001 0.001 0.000 0.000 0.000 0.000 0.739 0.000
0.639 0.001 0.002 0.001 0.000 0.000 0.000 0.357 0.000
0.666 0.001 0.003 0.001 0.000 0.000 0.000 0.330 0.000
0.631 0.000 0.003 0.001 0.000 0.000 0.000 0.365 0.000
0.563 0.000 0.003 0.000 0.000 0.000 0.000 0.434 0.000
0.904 0.080 0.000 0.000 0.000 0.000 0.000 0.014 0.001
0.899 0.083 0.000 0.000 0.000 0.000 0.000 0.018 0.001
0.875 0.076 0.001 0.000 0.000 0.000 0.000 0.048 0.000
0.864 0.105 0.000 0.000 0.000 0.000 0.000 0.030 0.000
0.845 0.135 0.000 0.000 0.000 0.000 0.000 0.020 0.000
0.835 0.146 0.000 0.000 0.000 0.000 0.000 0.018 0.000
0.001 0.999 0.000 0.000 0.000 0.000 0.000 0.000 0.000
0.001 0.999 0.000 0.000 0.000 0.000 0.000 0.000 0.000
0.001 0.999 0.000 0.000 0.000 0.000 0.000 0.000 0.000
0.037 0.025 0.000 0.000 0.000 0.000 0.000 0.937 0.000
0.044 0.027 0.000 0.000 0.000 0.000 0.000 0.929 0.000
0.048 0.025 0.000 0.000 0.000 0.000 0.000 0.926 0.000
0.358 0.002 0.001 0.000 0.000 0.000 0.000 0.639 0.000
0.208 0.001 0.001 0.000 0.000 0.000 0.000 0.790 0.000
0.166 0.000 0.001 0.000 0.000 0.000 0.000 0.833 0.000
0.358 0.001 0.001 0.000 0.000 0.000 0.000 0.640 0.000
0.074 0.000 0.001 0.000 0.000 0.000 0.000 0.925 0.000
0.315 0.000 0.002 0.000 0.000 0.000 0.000 0.682 0.000
0.442 0.001 0.002 0.001 0.000 0.000 0.000 0.554 0.000
0.481 0.001 0.003 0.001 0.000 0.000 0.000 0.514 0.000
0.525 0.001 0.003 0.001 0.000 0.000 0.000 0.470 0.000
0.556 0.000 0.003 0.001 0.000 0.000 0.000 0.440 0.000
0.559 0.000 0.003 0.001 0.000 0.000 0.000 0.437 0.000
0.432 0.000 0.003 0.000 0.000 0.000 0.000 0.564 0.000
0.885 0.091 0.000 0.000 0.000 0.000 0.000 0.023 0.000
0.864 0.112 0.000 0.000 0.000 0.000 0.000 0.024 0.000
0.828 0.144 0.000 0.000 0.000 0.000 0.000 0.027 0.000
0.809 0.165 0.000 0.000 0.000 0.000 0.000 0.025 0.000
0.808 0.170 0.000 0.000 0.000 0.000 0.000 0.021 0.000
0.783 0.197 0.000 0.000 0.000 0.000 0.000 0.019 0.000
0.001 0.999 0.000 0.000 0.000 0.000 0.000 0.000 0.000
0.001 0.999 0.000 0.000 0.000 0.000 0.000 0.000 0.000
0.001 0.999 0.000 0.000 0.000 0.000 0.000 0.000 0.000
0.000 1.000 0.000 0.000 0.000 0.000 0.000 0.000 0.000
0.023 0.032 0.000 0.000 0.000 0.000 0.000 0.945 0.000
0.026 0.026 0.000 0.000 0.000 0.000 0.000 0.948 0.000
0.027 0.024 0.000 0.000 0.000 0.000 0.000 0.949 0.000
0.291 0.001 0.001 0.000 0.000 0.000 0.000 0.706 0.000
0.363 0.002 0.001 0.001 0.000 0.000 0.000 0.633 0.000
0.290 0.001 0.001 0.000 0.000 0.000 0.000 0.707 0.000
0.290 0.001 0.001 0.000 0.000 0.000 0.000 0.707 0.000
0.091 0.000 0.001 0.000 0.000 0.000 0.000 0.908 0.000
0.064 0.000 0.001 0.000 0.000 0.000 0.000 0.935 0.000
0.164 0.000 0.001 0.000 0.000 0.000 0.000 0.834 0.000
0.189 0.000 0.002 0.000 0.000 0.000 0.000 0.809 0.000
0.226 0.000 0.002 0.000 0.000 0.000 0.000 0.771 0.000
0.235 0.000 0.002 0.000 0.000 0.000 0.000 0.762 0.000
0.249 0.000 0.002 0.001 0.000 0.000 0.000 0.748 0.000
0.321 0.001 0.003 0.001 0.000 0.000 0.000 0.675 0.000
0.402 0.001 0.003 0.001 0.000 0.000 0.000 0.594 0.000
0.433 0.001 0.003 0.001 0.000 0.000 0.000 0.562 0.000
0.434 0.000 0.003 0.001 0.000 0.000 0.000 0.562 0.000
0.408 0.000 0.003 0.001 0.000 0.000 0.000 0.587 0.000
0.852 0.127 0.000 0.000 0.000 0.000 0.000 0.020 0.000
0.830 0.140 0.000 0.000 0.000 0.000 0.000 0.029 0.000
0.800 0.168 0.000 0.000 0.000 0.000 0.000 0.032 0.000
0.776 0.195 0.000 0.000 0.000 0.000 0.000 0.028 0.000
0.777 0.199 0.000 0.000 0.000 0.000 0.000 0.024 0.000
0.743 0.236 0.000 0.000 0.000 0.000 0.000 0.021 0.000
0.001 0.999 0.000 0.000 0.000 0.000 0.000 0.000 0.000
0.001 0.999 0.000 0.000 0.000 0.000 0.000 0.000 0.000
0.000 1.000 0.000 0.000 0.000 0.000 0.000 0.000 0.000
0.013 0.020 0.000 0.000 0.000 0.000 0.000 0.967 0.000
0.018 0.024 0.000 0.000 0.000 0.000 0.000 0.958 0.000
0.017 0.022 0.000 0.000 0.000 0.000 0.000 0.961 0.000
0.200 0.001 0.001 0.001 0.000 0.000 0.000 0.797 0.000
0.212 0.001 0.001 0.001 0.000 0.000 0.000 0.786 0.000
0.198 0.001 0.001 0.001 0.000 0.000 0.000 0.800 0.000
0.181 0.001 0.001 0.000 0.000 0.000 0.000 0.816 0.000
0.191 0.001 0.002 0.001 0.000 0.000 0.000 0.806 0.000
0.179 0.000 0.002 0.000 0.000 0.000 0.000 0.819 0.000
0.186 0.000 0.002 0.001 0.000 0.000 0.000 0.811 0.000
0.171 0.000 0.002 0.000 0.000 0.000 0.000 0.826 0.000
0.214 0.000 0.002 0.001 0.000 0.000 0.000 0.782 0.000
0.246 0.000 0.002 0.001 0.000 0.000 0.000 0.750 0.000
0.314 0.000 0.003 0.001 0.000 0.000 0.000 0.682 0.000
0.326 0.000 0.003 0.001 0.000 0.000 0.000 0.669 0.000
0.305 0.000 0.003 0.001 0.000 0.000 0.000 0.691 0.000
0.290 0.000 0.003 0.001 0.000 0.000 0.000 0.706 0.000
0.823 0.151 0.000 0.000 0.000 0.000 0.000 0.025 0.000
0.808 0.160 0.000 0.000 0.000 0.000 0.000 0.032 0.000
0.770 0.194 0.000 0.000 0.000 0.000 0.000 0.036 0.000
0.729 0.240 0.000 0.000 0.000 0.000 0.000 0.030 0.000
0.721 0.252 0.000 0.000 0.000 0.000 0.000 0.027 0.000
0.714 0.262 0.000 0.000 0.000 0.000 0.000 0.023 0.000
0.001 0.999 0.000 0.000 0.000 0.000 0.000 0.000 0.000
0.001 0.999 0.000 0.000 0.000 0.000 0.000 0.000 0.000
0.000 1.000 0.000 0.000 0.000 0.000 0.000 0.000 0.000
0.010 0.023 0.000 0.000 0.000 0.000 0.000 0.967 0.000
0.010 0.021 0.000 0.000 0.000 0.000 0.000 0.969 0.000
0.132 0.001 0.001 0.001 0.000 0.000 0.000 0.866 0.000
0.147 0.001 0.001 0.001 0.000 0.000 0.000 0.850 0.000
0.150 0.001 0.001 0.001 0.000 0.000 0.000 0.848 0.000
0.158 0.001 0.001 0.001 0.000 0.000 0.000 0.840 0.000
0.145 0.000 0.002 0.001 0.000 0.000 0.000 0.853 0.000
0.133 0.000 0.002 0.001 0.000 0.000 0.000 0.865 0.000
0.144 0.000 0.002 0.001 0.000 0.000 0.000 0.853 0.000
0.174 0.000 0.002 0.001 0.000 0.000 0.000 0.822 0.000
0.201 0.000 0.002 0.001 0.000 0.000 0.000 0.795 0.000
0.225 0.000 0.002 0.002 0.000 0.000 0.000 0.771 0.000
0.251 0.000 0.003 0.002 0.000 0.000 0.000 0.744 0.000
0.261 0.000 0.003 0.002 0.000 0.000 0.000 0.734 0.000
0.796 0.178 0.000 0.000 0.000 0.000 0.000 0.026 0.000
0.775 0.189 0.000 0.000 0.000 0.000 0.000 0.035 0.000
0.715 0.239 0.000 0.000 0.000 0.000 0.000 0.045 0.000
0.684 0.277 0.000 0.000 0.000 0.000 0.000 0.039 0.000
0.685 0.288 0.000 0.000 0.000 0.000 0.000 0.027 0.000
0.660 0.314 0.000 0.000 0.000 0.000 0.000 0.025 0.000
0.001 0.999 0.000 0.000 0.000 0.000 0.000 0.000 0.000
0.000 1.000 0.000 0.000 0.000 0.000 0.000 0.000 0.000
0.000 1.000 0.000 0.000 0.000 0.000 0.000 0.000 0.000
0.005 0.018 0.000 0.000 0.000 0.000 0.000 0.976 0.000
0.007 0.022 0.000 0.000 0.000 0.000 0.000 0.972 0.000
0.006 0.018 0.000 0.000 0.000 0.000 0.000 0.976 0.000
0.116 0.000 0.002 0.001 0.000 0.000 0.000 0.881 0.000
0.131 0.000 0.002 0.001 0.000 0.000 0.000 0.865 0.000
0.168 0.000 0.002 0.002 0.000 0.000 0.000 0.828 0.000
0.191 0.000 0.002 0.002 0.000 0.000 0.000 0.805 0.000
0.184 0.000 0.002 0.002 0.000 0.000 0.000 0.811 0.000
0.173 0.000 0.003 0.002 0.000 0.000 0.000 0.823 0.000
0.759 0.210 0.000 0.000 0.000 0.000 0.000 0.031 0.000
0.732 0.222 0.000 0.000 0.000 0.000 0.000 0.046 0.000
0.689 0.258 0.000 0.000 0.000 0.000 0.000 0.053 0.000
0.631 0.328 0.000 0.000 0.000 0.000 0.000 0.040 0.000
0.639 0.328 0.000 0.000 0.000 0.000 0.000 0.033 0.000
0.609 0.362 0.000 0.000 0.000 0.000 0.000 0.028 0.000
0.001 0.999 0.000 0.000 0.000 0.000 0.000 0.000 0.000
0.000 1.000 0.000 0.000 0.000 0.000 0.000 0.000 0.000
0.000 1.000 0.000 0.000 0.000 0.000 0.000 0.000 0.000
0.004 0.020 0.000 0.000 0.000 0.000 0.000 0.976 0.000
0.004 0.018 0.000 0.000 0.000 0.000 0.000 0.978 0.000
0.137 0.000 0.002 0.002 0.000 0.000 0.000 0.858 0.000
0.150 0.000 0.002 0.003 0.000 0.000 0.000 0.845 0.000
0.124 0.000 0.002 0.002 0.000 0.000 0.000 0.872 0.000
0.124 0.000 0.002 0.002 0.000 0.000 0.000 0.871 0.000
0.723 0.237 0.000 0.000 0.000 0.000 0.000 0.040 0.000
0.698 0.257 0.000 0.000 0.000 0.000 0.000 0.045 0.000
0.629 0.313 0.000 0.000 0.000 0.000 0.000 0.057 0.000
0.592 0.364 0.000 0.000 0.000 0.000 0.000 0.045 0.000
0.590 0.375 0.000 0.000 0.000 0.000 0.000 0.035 0.000
0.555 0.416 0.000 0.000 0.000 0.000 0.000 0.029 0.000
0.001 0.999 0.000 0.000 0.000 0.000 0.000 0.000 0.000
0.000 1.000 0.000 0.000 0.000 0.000 0.000 0.000 0.000
0.002 0.020 0.000 0.000 0.000 0.000 0.000 0.978 0.000
0.003 0.020 0.000 0.000 0.000 0.000 0.000 0.977 0.000
0.003 0.017 0.000 0.000 0.000 0.000 0.000 0.980 0.000
0.106 0.000 0.002 0.003 0.000 0.000 0.000 0.889 0.000
0.108 0.000 0.002 0.003 0.000 0.000 0.000 0.887 0.000
0.109 0.000 0.002 0.003 0.000 0.000 0.000 0.886 0.000
0.112 0.000 0.002 0.004 0.000 0.000 0.000 0.881 0.000
0.669 0.294 0.000 0.000 0.000 0.000 0.000 0.037 0.000
0.638 0.305 0.000 0.000 0.000 0.000 0.000 0.056 0.000
0.583 0.359 0.000 0.000 0.000 0.000 0.000 0.057 0.000
0.543 0.412 0.000 0.000 0.000 0.000 0.000 0.044 0.000
0.537 0.427 0.000 0.000 0.000 0.000 0.000 0.035 0.000
0.496 0.477 0.000 0.000 0.000 0.000 0.000 0.027 0.000
0.000 0.999 0.000 0.000 0.000 0.000 0.000 0.000 0.000
0.000 1.000 0.000 0.000 0.000 0.000 0.000 0.000 0.000
0.000 1.000 0.000 0.000 0.000 0.000 0.000 0.000 0.000
0.002 0.023 0.000 0.000 0.000 0.000 0.000 0.975 0.000
0.002 0.020 0.000 0.000 0.000 0.000 0.000 0.978 0.000
0.083 0.000 0.001 0.004 0.000 0.000 0.000 0.911 0.000
0.087 0.000 0.002 0.005 0.000 0.000 0.000 0.906 0.000
0.088 0.000 0.002 0.004 0.000 0.000 0.000 0.906 0.000
0.080 0.000 0.002 0.004 0.000 0.000 0.000 0.914 0.000
0.100 0.000 0.002 0.005 0.000 0.000 0.000 0.893 0.000
0.089 0.000 0.002 0.007 0.000 0.000 0.000 0.901 0.000
0.618 0.337 0.000 0.000 0.000 0.000 0.000 0.044 0.000
0.600 0.346 0.000 0.000 0.000 0.000 0.000 0.053 0.000
0.537 0.406 0.000 0.000 0.000 0.000 0.000 0.056 0.000
0.490 0.469 0.000 0.000 0.000 0.000 0.000 0.042 0.000
0.479 0.484 0.000 0.000 0.000 0.000 0.000 0.037 0.000
0.471 0.500 0.000 0.000 0.000 0.000 0.000 0.028 0.000
0.000 1.000 0.000 0.000 0.000 0.000 0.000 0.000 0.000
0.000 1.000 0.000 0.000 0.000 0.000 0.000 0.000 0.000
0.000 1.000 0.000 0.000 0.000 0.000 0.000 0.000 0.000
0.001 0.027 0.000 0.000 0.000 0.000 0.000 0.971 0.000
0.001 0.025 0.000 0.000 0.000 0.000 0.000 0.974 0.000
0.001 0.019 0.000 0.000 0.000 0.000 0.000 0.980 0.000
0.056 0.000 0.001 0.005 0.000 0.000 0.000 0.937 0.000
0.064 0.000 0.001 0.006 0.000 0.000 0.000 0.928 0.000
0.074 0.000 0.001 0.007 0.000 0.000 0.000 0.918 0.000
0.087 0.000 0.002 0.008 0.000 0.000 0.000 0.903 0.000
0.085 0.000 0.002 0.006 0.000 0.000 0.000 0.906 0.000
0.095 0.000 0.002 0.007 0.000 0.000 0.000 0.897 0.000
0.581 0.377 0.000 0.000 0.000 0.000 0.000 0.042 0.000
0.533 0.410 0.000 0.000 0.000 0.000 0.000 0.057 0.000
0.471 0.474 0.000 0.000 0.000 0.000 0.000 0.055 0.000
0.442 0.512 0.000 0.000 0.000 0.000 0.000 0.045 0.000
0.434 0.530 0.000 0.000 0.000 0.000 0.000 0.036 0.000
0.400 0.572 0.000 0.000 0.000 0.000 0.000 0.028 0.000
0.000 1.000 0.000 0.000 0.000 0.000 0.000 0.000 0.000
0.000 1.000 0.000 0.000 0.000 0.000 0.000 0.000 0.000
0.000 1.000 0.000 0.000 0.000 0.000 0.000 0.000 0.000
0.001 0.030 0.000 0.000 0.000 0.000 0.000 0.969 0.000
0.001 0.023 0.000 0.000 0.000 0.000 0.000 0.976 0.000
0.052 0.000 0.001 0.007 0.000 0.000 0.000 0.940 0.000
0.064 0.000 0.001 0.010 0.000 0.000 0.000 0.924 0.000
0.083 0.000 0.002 0.010 0.000 0.000 0.000 0.905 0.000
0.100 0.000 0.002 0.013 0.000 0.000 0.000 0.885 0.000
0.104 0.000 0.002 0.011 0.000 0.000 0.000 0.883 0.000
0.096 0.000 0.002 0.007 0.000 0.000 0.000 0.894 0.000
0.520 0.438 0.000 0.000 0.000 0.000 0.000 0.042 0.000
0.489 0.456 0.000 0.000 0.000 0.000 0.000 0.054 0.000
0.448 0.494 0.000 0.000 0.000 0.000 0.000 0.058 0.000
0.417 0.539 0.000 0.000 0.000 0.000 0.000 0.044 0.000
0.402 0.560 0.000 0.000 0.000 0.000 0.000 0.038 0.000
0.366 0.605 0.000 0.000 0.000 0.000 0.000 0.029 0.000
0.000 1.000 0.000 0.000 0.000 0.000 0.000 0.000 0.000
0.000 1.000 0.000 0.000 0.000 0.000 0.000 0.000 0.000
0.000 1.000 0.000 0.000 0.000 0.000 0.000 0.000 0.000
0.001 0.040 0.000 0.000 0.000 0.000 0.000 0.959 0.000
0.001 0.031 0.000 0.000 0.000 0.000 0.000 0.968 0.000
0.001 0.019 0.000 0.000 0.000 0.000 0.000 0.980 0.000
0.060 0.000 0.001 0.010 0.000 0.000 0.000 0.929 0.000
0.081 0.000 0.002 0.013 0.000 0.000 0.000 0.905 0.000
0.102 0.000 0.002 0.015 0.000 0.000 0.000 0.881 0.000
0.111 0.000 0.002 0.012 0.000 0.000 0.000 0.875 0.000
0.096 0.000 0.002 0.008 0.000 0.000 0.000 0.894 0.000
0.096 0.000 0.002 0.007 0.000 0.000 0.000 0.896 0.000
0.477 0.478 0.000 0.000 0.000 0.000 0.000 0.045 0.000
0.451 0.496 0.000 0.000 0.000 0.000 0.000 0.054 0.000
0.395 0.552 0.000 0.000 0.000 0.000 0.000 0.053 0.000
0.379 0.576 0.000 0.000 0.000 0.000 0.000 0.046 0.000
0.361 0.604 0.000 0.000 0.000 0.000 0.000 0.035 0.000
0.000 1.000 0.000 0.000 0.000 0.000 0.000 0.000 0.000
0.000 1.000 0.000 0.000 0.000 0.000 0.000 0.000 0.000
0.000 1.000 0.000 0.000 0.000 0.000 0.000 0.000 0.000
0.000 1.000 0.000 0.000 0.000 0.000 0.000 0.000 0.000
0.001 0.042 0.000 0.000 0.000 0.000 0.000 0.957 0.000
0.001 0.047 0.000 0.000 0.000 0.000 0.000 0.953 0.000
0.000 0.027 0.000 0.000 0.000 0.000 0.000 0.973 0.000
0.068 0.000 0.002 0.011 0.000 0.000 0.000 0.919 0.000
0.082 0.000 0.002 0.015 0.000 0.000 0.000 0.901 0.000
0.111 0.000 0.002 0.017 0.000 0.000 0.000 0.870 0.000
0.123 0.000 0.002 0.017 0.000 0.000 0.000 0.857 0.000
0.107 0.000 0.002 0.009 0.000 0.000 0.000 0.882 0.000
0.109 0.000 0.002 0.008 0.000 0.000 0.000 0.880 0.000
0.435 0.525 0.000 0.000 0.000 0.000 0.000 0.040 0.000
0.379 0.571 0.000 0.000 0.000 0.000 0.000 0.050 0.000
0.357 0.589 0.000 0.000 0.000 0.000 0.000 0.053 0.000
0.326 0.638 0.000 0.000 0.000 0.000 0.000 0.037 0.000
0.316 0.654 0.000 0.000 0.000 0.000 0.000 0.031 0.000
0.000 1.000 0.000 0.000 0.000 0.000 0.000 0.000 0.000
0.000 1.000 0.000 0.000 0.000 0.000 0.000 0.000 0.000
0.000 1.000 0.000 0.000 0.000 0.000 0.000 0.000 0.000
0.001 0.055 0.000 0.000 0.000 0.000 0.000 0.945 0.000
0.001 0.045 0.000 0.000 0.000 0.000 0.000 0.955 0.000
0.000 0.027 0.000 0.000 0.000 0.000 0.000 0.973 0.000
0.087 0.000 0.002 0.016 0.000 0.000 0.000 0.895 0.000
0.117 0.001 0.002 0.020 0.000 0.000 0.000 0.859 0.000
0.146 0.001 0.002 0.027 0.000 0.000 0.000 0.824 0.000
0.160 0.001 0.003 0.028 0.000 0.000 0.000 0.809 0.000
0.134 0.000 0.003 0.013 0.000 0.000 0.000 0.851 0.000
0.380 0.573 0.000 0.000 0.000 0.000 0.000 0.047 0.000
0.352 0.597 0.000 0.000 0.000 0.000 0.000 0.050 0.000
0.311 0.644 0.000 0.000 0.000 0.000 0.000 0.045 0.000
0.291 0.674 0.000 0.000 0.000 0.000 0.000 0.034 0.000
0.268 0.704 0.000 0.000 0.000 0.000 0.000 0.027 0.000
0.000 1.000 0.000 0.000 0.000 0.000 0.000 0.000 0.000
0.000 1.000 0.000 0.000 0.000 0.000 0.000 0.000 0.000
0.000 1.000 0.000 0.000 0.000 0.000 0.000 0.000 0.000
0.000 0.055 0.000 0.000 0.000 0.000 0.000 0.944 0.000
0.000 0.059 0.000 0.000 0.000 0.000 0.000 0.940 0.000
0.000 0.048 0.000 0.000 0.000 0.000 0.000 0.951 0.000
0.074 0.001 0.002 0.016 0.000 0.000 0.000 0.908 0.000
0.098 0.001 0.002 0.025 0.000 0.000 0.000 0.874 0.000
0.116 0.001 0.002 0.026 0.000 0.000 0.000 0.855 0.000
0.141 0.001 0.003 0.029 0.000 0.000 0.000 0.827 0.000
0.150 0.001 0.003 0.024 0.000 0.000 0.000 0.822 0.000
0.141 0.000 0.003 0.017 0.000 0.000 0.000 0.839 0.000
0.353 0.612 0.000 0.000 0.000 0.000 0.000 0.035 0.000
0.346 0.614 0.000 0.000 0.000 0.000 0.000 0.040 0.000
0.294 0.658 0.000 0.000 0.000 0.000 0.000 0.047 0.000
0.265 0.693 0.000 0.000 0.000 0.000 0.000 0.043 0.000
0.261 0.709 0.000 0.000 0.000 0.000 0.000 0.030 0.000
0.240 0.739 0.000 0.000 0.000 0.000 0.000 0.021 0.000
0.000 1.000 0.000 0.000 0.000 0.000 0.000 0.000 0.000
0.000 1.000 0.000 0.000 0.000 0.000 0.000 0.000 0.000
0.000 1.000 0.000 0.000 0.000 0.000 0.000 0.000 0.000
0.000 0.071 0.000 0.000 0.000 0.000 0.000 0.929 0.000
0.000 0.060 0.000 0.000 0.000 0.000 0.000 0.940 0.000
0.000 0.042 0.000 0.000 0.000 0.000 0.000 0.958 0.000
0.096 0.001 0.002 0.023 0.000 0.000 0.000 0.878 0.000
0.114 0.001 0.002 0.028 0.000 0.000 0.000 0.856 0.000
0.150 0.001 0.003 0.034 0.000 0.000 0.000 0.812 0.000
0.168 0.001 0.003 0.031 0.000 0.000 0.000 0.797 0.000
0.301 0.665 0.000 0.000 0.000 0.000 0.000 0.034 0.000
0.288 0.666 0.000 0.000 0.000 0.000 0.000 0.046 0.000
0.261 0.689 0.000 0.000 0.000 0.000 0.000 0.050 0.000
0.221 0.745 0.000 0.000 0.000 0.000 0.000 0.034 0.000
0.200 0.778 0.000 0.000 0.000 0.000 0.000 0.022 0.000
0.000 1.000 0.000 0.000 0.000 0.000 0.000 0.000 0.000
0.000 1.000 0.000 0.000 0.000 0.000 0.000 0.000 0.000
0.000 1.000 0.000 0.000 0.000 0.000 0.000 0.000 0.000
0.000 0.068 0.000 0.000 0.000 0.000 0.000 0.931 0.000
0.000 0.074 0.000 0.000 0.000 0.000 0.000 0.926 0.000
0.000 0.057 0.000 0.000 0.000 0.000 0.000 0.943 0.000
0.109 0.001 0.002 0.033 0.000 0.000 0.000 0.854 0.000
0.148 0.001 0.003 0.043 0.000 0.000 0.000 0.806 0.000
0.158 0.001 0.003 0.033 0.000 0.000 0.000 0.806 0.000
0.161 0.001 0.003 0.034 0.000 0.000 0.000 0.801 0.000
0.171 0.001 0.003 0.030 0.000 0.000 0.000 0.795 0.000
0.271 0.691 0.000 0.000 0.000 0.000 0.000 0.038 0.000
0.261 0.687 0.000 0.000 0.000 0.000 0.000 0.052 0.000
0.233 0.720 0.000 0.000 0.000 0.000 0.000 0.047 0.000
0.221 0.744 0.000 0.000 0.000 0.000 0.000 0.035 0.000
0.214 0.758 0.000 0.000 0.000 0.000 0.000 0.028 0.000
0.000 1.000 0.000 0.000 0.000 0.000 0.000 0.000 0.000
0.000 1.000 0.000 0.000 0.000 0.000 0.000 0.000 0.000
0.000 1.000 0.000 0.000 0.000 0.000 0.000 0.000 0.000
0.000 0.084 0.000 0.000 0.000 0.000 0.000 0.916 0.000
0.000 0.070 0.000 0.000 0.000 0.000 0.000 0.930 0.000
0.000 0.050 0.000 0.000 0.000 0.000 0.000 0.950 0.000
0.113 0.001 0.002 0.036 0.000 0.000 0.000 0.848 0.000
0.143 0.001 0.003 0.038 0.000 0.000 0.000 0.816 0.000
0.150 0.001 0.003 0.034 0.000 0.000 0.000 0.812 0.000
0.147 0.001 0.003 0.025 0.000 0.000 0.000 0.825 0.000
0.156 0.001 0.003 0.026 0.000 0.000 0.000 0.815 0.000
0.296 0.658 0.000 0.000 0.000 0.000 0.000 0.046 0.000
0.262 0.688 0.000 0.000 0.000 0.000 0.000 0.050 0.000
0.228 0.726 0.000 0.000 0.000 0.000 0.000 0.046 0.000
0.230 0.733 0.000 0.000 0.000 0.000 0.000 0.037 0.000
0.221 0.753 0.000 0.000 0.000 0.000 0.000 0.026 0.000
0.000 1.000 0.000 0.000 0.000 0.000 0.000 0.000 0.000
0.000 1.000 0.000 0.000 0.000 0.000 0.000 0.000 0.000
0.000 1.000 0.000 0.000 0.000 0.000 0.000 0.000 0.000
0.000 0.088 0.000 0.000 0.000 0.000 0.000 0.912 0.000
0.000 0.091 0.000 0.000 0.000 0.000 0.000 0.909 0.000
0.000 0.068 0.000 0.000 0.000 0.000 0.000 0.932 0.000
0.099 0.001 0.002 0.030 0.000 0.000 0.000 0.868 0.000
0.135 0.001 0.003 0.037 0.000 0.000 0.000 0.824 0.000
0.161 0.001 0.003 0.037 0.000 0.000 0.000 0.798 0.000
0.150 0.001 0.003 0.026 0.000 0.000 0.000 0.821 0.000
0.135 0.001 0.003 0.019 0.000 0.000 0.000 0.842 0.000
0.131 0.001 0.003 0.019 0.000 0.000 0.000 0.846 0.000
0.288 0.675 0.000 0.000 0.000 0.000 0.000 0.037 0.000
0.293 0.663 0.000 0.000 0.000 0.000 0.000 0.045 0.000
0.267 0.680 0.000 0.000 0.000 0.000 0.000 0.053 0.000
0.238 0.716 0.000 0.000 0.000 0.000 0.000 0.046 0.000
0.229 0.738 0.000 0.000 0.000 0.000 0.000 0.033 0.000
0.228 0.746 0.000 0.000 0.000 0.000 0.000 0.026 0.000
0.000 1.000 0.000 0.000 0.000 0.000 0.000 0.000 0.000
0.000 1.000 0.000 0.000 0.000 0.000 0.000 0.000 0.000
0.000 0.100 0.000 0.000 0.000 0.000 0.000 0.900 0.000
0.000 0.082 0.000 0.000 0.000 0.000 0.000 0.918 0.000
0.107 0.002 0.002 0.037 0.000 0.000 0.000 0.852 0.000
0.128 0.001 0.003 0.037 0.000 0.000 0.000 0.831 0.000
0.148 0.001 0.003 0.028 0.000 0.000 0.000 0.820 0.000
0.161 0.001 0.003 0.024 0.000 0.000 0.000 0.812 0.000
0.138 0.001 0.003 0.017 0.000 0.000 0.000 0.842 0.000
0.297 0.666 0.000 0.000 0.000 0.000 0.000 0.037 0.000
0.288 0.661 0.000 0.000 0.000 0.000 0.000 0.051 0.000
0.276 0.669 0.000 0.000 0.000 0.000 0.000 0.055 0.000
0.251 0.706 0.000 0.000 0.000 0.000 0.000 0.043 0.000
0.242 0.726 0.000 0.000 0.000 0.000 0.000 0.033 0.000
0.221 0.755 0.000 0.000 0.000 0.000 0.000 0.024 0.000
0.000 1.000 0.000 0.000 0.000 0.000 0.000 0.000 0.000
0.000 1.000 0.000 0.000 0.000 0.000 0.000 0.000 0.000
0.000 1.000 0.000 0.000 0.000 0.000 0.000 0.000 0.000
0.000 0.100 0.000 0.000 0.000 0.000 0.000 0.899 0.000
0.000 0.087 0.000 0.000 0.000 0.000 0.000 0.913 0.000
0.138 0.002 0.003 0.042 0.000 0.000 0.000 0.816 0.000
0.141 0.001 0.003 0.029 0.000 0.000 0.000 0.826 0.000
0.144 0.001 0.003 0.025 0.000 0.000 0.000 0.827 0.000
0.132 0.001 0.003 0.019 0.000 0.000 0.000 0.846 0.000
0.138 0.001 0.003 0.023 0.000 0.000 0.000 0.835 0.000
0.362 0.593 0.000 0.000 0.000 0.000 0.000 0.046 0.000
0.345 0.605 0.000 0.000 0.000 0.000 0.000 0.050 0.000
0.321 0.626 0.000 0.000 0.000 0.000 0.000 0.053 0.000
0.304 0.653 0.000 0.000 0.000 0.000 0.000 0.043 0.000
0.293 0.677 0.000 0.000 0.000 0.000 0.000 0.030 0.000
0.000 1.000 0.000 0.000 0.000 0.000 0.000 0.000 0.000
0.000 1.000 0.000 0.000 0.000 0.000 0.000 0.000 0.000
0.000 1.000 0.000 0.000 0.000 0.000 0.000 0.000 0.000
0.000 0.080 0.000 0.000 0.000 0.000 0.000 0.920 0.000
0.000 0.087 0.000 0.000 0.000 0.000 0.000 0.912 0.000
