0.079 0.848 0.000 0.000 0.000 0.000 0.000 0.073 0.000
0.138 0.855 0.000 0.000 0.000 0.000 0.000 0.007 0.000
0.120 0.876 0.000 0.000 0.000 0.000 0.000 0.003 0.000
0.971 0.007 0.002 0.000 0.000 0.000 0.000 0.020 0.000
0.979 0.005 0.002 0.000 0.000 0.000 0.000 0.013 0.000
0.982 0.005 0.002 0.000 0.000 0.000 0.000 0.011 0.000
0.987 0.004 0.002 0.000 0.000 0.000 0.000 0.008 0.000
0.987 0.004 0.002 0.000 0.000 0.000 0.000 0.008 0.000
0.983 0.004 0.002 0.000 0.000 0.000 0.000 0.010 0.000
0.983 0.004 0.003 0.000 0.000 0.000 0.000 0.011 0.000
0.979 0.003 0.004 0.000 0.000 0.000 0.000 0.014 0.000
0.976 0.003 0.005 0.000 0.000 0.000 0.000 0.016 0.000
0.983 0.003 0.004 0.000 0.000 0.000 0.000 0.010 0.000
0.987 0.003 0.004 0.000 0.000 0.000 0.000 0.007 0.000
0.878 0.008 0.052 0.000 0.000 0.000 0.000 0.057 0.006
0.850 0.010 0.056 0.000 0.000 0.000 0.000 0.080 0.004
0.833 0.010 0.055 0.000 0.000 0.000 0.000 0.098 0.004
0.861 0.011 0.044 0.000 0.000 0.000 0.000 0.081 0.004
0.884 0.010 0.035 0.000 0.000 0.000 0.000 0.068 0.004
0.922 0.008 0.023 0.000 0.000 0.000 0.000 0.042 0.004
0.959 0.008 0.012 0.000 0.000 0.000 0.000 0.016 0.006
0.969 0.008 0.007 0.000 0.000 0.000 0.000 0.006 0.010
0.963 0.013 0.007 0.000 0.000 0.000 0.000 0.006 0.012
0.121 0.862 0.000 0.000 0.000 0.000 0.000 0.017 0.000
0.110 0.886 0.000 0.000 0.000 0.000 0.000 0.003 0.000
0.073 0.924 0.000 0.000 0.000 0.000 0.000 0.004 0.000
0.963 0.008 0.002 0.000 0.000 0.000 0.000 0.027 0.000
0.974 0.006 0.002 0.000 0.000 0.000 0.000 0.018 0.000
0.980 0.006 0.002 0.000 0.000 0.000 0.000 0.013 0.000
0.983 0.005 0.002 0.000 0.000 0.000 0.000 0.010 0.000
0.978 0.005 0.002 0.000 0.000 0.000 0.000 0.014 0.000
0.973 0.005 0.003 0.000 0.000 0.000 0.000 0.019 0.000
0.977 0.005 0.003 0.000 0.000 0.000 0.000 0.015 0.000
0.978 0.004 0.004 0.000 0.000 0.000 0.000 0.015 0.000
0.972 0.004 0.005 0.000 0.000 0.000 0.000 0.020 0.000
0.976 0.004 0.005 0.000 0.000 0.000 0.000 0.015 0.000
0.981 0.004 0.004 0.000 0.000 0.000 0.000 0.011 0.000
0.983 0.003 0.004 0.000 0.000 0.000 0.000 0.009 0.000
0.860 0.010 0.047 0.000 0.000 0.000 0.000 0.078 0.004
0.827 0.011 0.050 0.000 0.000 0.000 0.000 0.109 0.003
0.864 0.010 0.038 0.000 0.000 0.000 0.000 0.084 0.003
0.925 0.009 0.022 0.000 0.000 0.000 0.000 0.040 0.004
0.964 0.007 0.010 0.000 0.000 0.000 0.000 0.012 0.007
0.967 0.009 0.007 0.000 0.000 0.000 0.000 0.007 0.010
0.963 0.012 0.006 0.000 0.000 0.000 0.000 0.005 0.013
0.966 0.012 0.006 0.000 0.000 0.000 0.000 0.007 0.010
0.962 0.016 0.005 0.000 0.000 0.000 0.000 0.007 0.011
0.076 0.856 0.000 0.000 0.000 0.000 0.000 0.069 0.000
0.122 0.874 0.000 0.000 0.000 0.000 0.000 0.004 0.000
0.105 0.893 0.000 0.000 0.000 0.000 0.000 0.003 0.000
0.961 0.008 0.002 0.000 0.000 0.000 0.000 0.029 0.000
0.971 0.007 0.002 0.000 0.000 0.000 0.000 0.020 0.000
0.978 0.006 0.001 0.000 0.000 0.000 0.000 0.014 0.000
0.978 0.006 0.002 0.000 0.000 0.000 0.000 0.014 0.000
0.968 0.006 0.002 0.000 0.000 0.000 0.000 0.023 0.000
0.962 0.006 0.003 0.000 0.000 0.000 0.000 0.029 0.000
0.970 0.005 0.003 0.000 0.000 0.000 0.000 0.022 0.000
0.978 0.004 0.003 0.000 0.000 0.000 0.000 0.015 0.000
0.968 0.004 0.005 0.000 0.000 0.000 0.000 0.023 0.000
0.964 0.004 0.006 0.000 0.000 0.000 0.000 0.026 0.000
0.967 0.004 0.006 0.000 0.000 0.000 0.000 0.023 0.000
0.981 0.003 0.004 0.000 0.000 0.000 0.000 0.012 0.000
0.981 0.003 0.005 0.000 0.000 0.000 0.000 0.011 0.000
0.978 0.003 0.005 0.000 0.000 0.000 0.000 0.013 0.000
0.876 0.010 0.035 0.000 0.000 0.000 0.000 0.076 0.004
0.932 0.009 0.020 0.000 0.000 0.000 0.000 0.035 0.005
0.965 0.007 0.009 0.000 0.000 0.000 0.000 0.011 0.007
0.965 0.010 0.007 0.000 0.000 0.000 0.000 0.007 0.011
0.963 0.012 0.006 0.000 0.000 0.000 0.000 0.007 0.011
0.964 0.013 0.005 0.000 0.000 0.000 0.000 0.006 0.011
0.967 0.012 0.005 0.000 0.000 0.000 0.000 0.007 0.009
0.969 0.012 0.004 0.000 0.000 0.000 0.000 0.006 0.008
0.968 0.014 0.004 0.000 0.000 0.000 0.000 0.006 0.008
0.055 0.871 0.000 0.000 0.000 0.000 0.000 0.073 0.000
0.117 0.870 0.000 0.000 0.000 0.000 0.000 0.012 0.000
0.105 0.892 0.000 0.000 0.000 0.000 0.000 0.002 0.000
0.054 0.943 0.000 0.000 0.000 0.000 0.000 0.003 0.000
0.952 0.011 0.002 0.000 0.000 0.000 0.000 0.036 0.000
0.961 0.009 0.002 0.000 0.000 0.000 0.000 0.028 0.000
0.970 0.009 0.001 0.000 0.000 0.000 0.000 0.020 0.000
0.973 0.008 0.001 0.000 0.000 0.000 0.000 0.017 0.000
0.966 0.009 0.002 0.000 0.000 0.000 0.000 0.023 0.000
0.954 0.008 0.003 0.000 0.000 0.000 0.000 0.035 0.000
0.961 0.007 0.003 0.000 0.000 0.000 0.000 0.030 0.000
0.965 0.006 0.003 0.000 0.000 0.000 0.000 0.026 0.000
0.975 0.005 0.003 0.000 0.000 0.000 0.000 0.017 0.000
0.968 0.005 0.004 0.000 0.000 0.000 0.000 0.023 0.000
0.954 0.005 0.006 0.000 0.000 0.000 0.000 0.035 0.000
0.949 0.005 0.007 0.000 0.000 0.000 0.000 0.039 0.000
0.978 0.004 0.005 0.000 0.000 0.000 0.000 0.014 0.000
0.979 0.003 0.005 0.000 0.000 0.000 0.000 0.013 0.000
0.976 0.003 0.006 0.000 0.000 0.000 0.000 0.014 0.000
0.975 0.004 0.006 0.000 0.000 0.000 0.000 0.015 0.000
0.979 0.008 0.006 0.000 0.000 0.000 0.000 0.007 0.000
0.983 0.009 0.005 0.000 0.000 0.000 0.000 0.003 0.000
0.946 0.012 0.014 0.000 0.000 0.000 0.000 0.022 0.007
0.958 0.014 0.007 0.000 0.000 0.000 0.000 0.007 0.013
0.964 0.012 0.006 0.000 0.000 0.000 0.000 0.006 0.012
0.965 0.013 0.005 0.000 0.000 0.000 0.000 0.007 0.010
0.962 0.015 0.006 0.000 0.000 0.000 0.000 0.009 0.008
0.963 0.016 0.005 0.000 0.000 0.000 0.000 0.008 0.009
0.966 0.015 0.004 0.000 0.000 0.000 0.000 0.006 0.009
0.968 0.015 0.003 0.000 0.000 0.000 0.000 0.006 0.009
0.969 0.014 0.003 0.000 0.000 0.000 0.000 0.008 0.006
0.095 0.876 0.000 0.000 0.000 0.000 0.000 0.029 0.000
0.099 0.898 0.000 0.000 0.000 0.000 0.000 0.004 0.000
0.074 0.923 0.000 0.000 0.000 0.000 0.000 0.003 0.000
0.943 0.013 0.001 0.000 0.000 0.000 0.000 0.042 0.000
0.952 0.011 0.001 0.000 0.000 0.000 0.000 0.035 0.000
0.927 0.010 0.003 0.000 0.000 0.000 0.000 0.061 0.000
0.936 0.009 0.003 0.000 0.000 0.000 0.000 0.052 0.000
0.936 0.009 0.003 0.000 0.000 0.000 0.000 0.052 0.000
0.961 0.006 0.003 0.000 0.000 0.000 0.000 0.030 0.000
0.952 0.006 0.004 0.000 0.000 0.000 0.000 0.038 0.000
0.968 0.004 0.007 0.000 0.000 0.000 0.000 0.021 0.000
0.963 0.004 0.008 0.000 0.000 0.000 0.000 0.024 0.000
0.967 0.005 0.009 0.000 0.000 0.000 0.000 0.020 0.000
0.975 0.011 0.007 0.000 0.000 0.000 0.000 0.007 0.000
0.965 0.012 0.011 0.000 0.000 0.000 0.000 0.012 0.000
0.953 0.018 0.008 0.000 0.000 0.000 0.000 0.012 0.009
0.963 0.014 0.005 0.000 0.000 0.000 0.000 0.009 0.009
0.966 0.013 0.005 0.000 0.000 0.000 0.000 0.010 0.007
0.962 0.015 0.005 0.000 0.000 0.000 0.000 0.012 0.006
0.958 0.021 0.004 0.000 0.000 0.000 0.000 0.009 0.008
0.963 0.019 0.003 0.000 0.000 0.000 0.000 0.007 0.008
0.966 0.018 0.002 0.000 0.000 0.000 0.000 0.006 0.007
0.967 0.017 0.002 0.000 0.000 0.000 0.000 0.007 0.006
0.966 0.016 0.003 0.000 0.000 0.000 0.000 0.012 0.004
0.051 0.905 0.000 0.000 0.000 0.000 0.000 0.045 0.000
0.098 0.897 0.000 0.000 0.000 0.000 0.000 0.005 0.000
0.083 0.915 0.000 0.000 0.000 0.000 0.000 0.002 0.000
0.894 0.017 0.002 0.000 0.000 0.000 0.000 0.088 0.000
0.922 0.016 0.002 0.000 0.000 0.000 0.000 0.061 0.000
0.945 0.014 0.001 0.000 0.000 0.000 0.000 0.039 0.000
0.909 0.010 0.004 0.000 0.000 0.000 0.000 0.077 0.000
0.912 0.009 0.004 0.000 0.000 0.000 0.000 0.075 0.000
0.939 0.008 0.003 0.000 0.000 0.000 0.000 0.050 0.000
0.943 0.007 0.004 0.000 0.000 0.000 0.000 0.046 0.000
0.941 0.007 0.004 0.000 0.000 0.000 0.000 0.049 0.000
0.953 0.004 0.009 0.000 0.000 0.000 0.000 0.033 0.000
0.947 0.005 0.011 0.000 0.000 0.000 0.000 0.037 0.000
0.936 0.005 0.014 0.000 0.000 0.000 0.000 0.046 0.000
0.929 0.005 0.017 0.000 0.000 0.000 0.000 0.050 0.000
0.934 0.010 0.019 0.000 0.000 0.000 0.000 0.037 0.000
0.947 0.022 0.007 0.000 0.000 0.000 0.000 0.017 0.007
0.951 0.022 0.006 0.000 0.000 0.000 0.000 0.014 0.007
0.965 0.015 0.004 0.000 0.000 0.000 0.000 0.011 0.006
0.961 0.017 0.004 0.000 0.000 0.000 0.000 0.014 0.005
0.958 0.021 0.003 0.000 0.000 0.000 0.000 0.013 0.005
0.965 0.019 0.002 0.000 0.000 0.000 0.000 0.011 0.004
0.083 0.898 0.000 0.000 0.000 0.000 0.000 0.019 0.000
0.080 0.917 0.000 0.000 0.000 0.000 0.000 0.003 0.000
0.059 0.939 0.000 0.000 0.000 0.000 0.000 0.003 0.000
0.834 0.021 0.002 0.000 0.000 0.000 0.000 0.143 0.000
0.872 0.020 0.002 0.000 0.000 0.000 0.000 0.107 0.000
0.889 0.018 0.002 0.000 0.000 0.000 0.000 0.091 0.000
0.859 0.010 0.004 0.000 0.000 0.000 0.000 0.126 0.000
0.894 0.010 0.004 0.000 0.000 0.000 0.000 0.093 0.000
0.908 0.009 0.004 0.000 0.000 0.000 0.000 0.078 0.000
0.918 0.008 0.004 0.000 0.000 0.000 0.000 0.069 0.000
0.918 0.007 0.005 0.000 0.000 0.000 0.000 0.070 0.000
0.903 0.007 0.006 0.000 0.000 0.000 0.000 0.084 0.000
0.938 0.004 0.011 0.000 0.000 0.000 0.000 0.046 0.000
0.938 0.004 0.013 0.000 0.000 0.000 0.000 0.045 0.000
0.917 0.005 0.017 0.000 0.000 0.000 0.000 0.061 0.000
0.925 0.004 0.018 0.000 0.000 0.000 0.000 0.053 0.000
0.948 0.008 0.017 0.000 0.000 0.000 0.000 0.027 0.000
0.957 0.013 0.016 0.000 0.000 0.000 0.000 0.014 0.000
0.967 0.015 0.003 0.000 0.000 0.000 0.000 0.009 0.006
0.968 0.014 0.003 0.000 0.000 0.000 0.000 0.010 0.005
0.966 0.014 0.003 0.000 0.000 0.000 0.000 0.013 0.004
0.962 0.024 0.001 0.000 0.000 0.000 0.000 0.007 0.005
0.962 0.023 0.001 0.000 0.000 0.000 0.000 0.009 0.004
0.053 0.898 0.000 0.000 0.000 0.000 0.000 0.049 0.000
0.081 0.914 0.000 0.000 0.000 0.000 0.000 0.005 0.000
0.069 0.928 0.000 0.000 0.000 0.000 0.000 0.003 0.000
0.814 0.025 0.001 0.000 0.000 0.000 0.000 0.159 0.000
0.842 0.023 0.001 0.000 0.000 0.000 0.000 0.133 0.000
0.848 0.010 0.005 0.000 0.000 0.000 0.000 0.137 0.000
0.871 0.010 0.004 0.000 0.000 0.000 0.000 0.115 0.000
0.887 0.009 0.005 0.000 0.000 0.000 0.000 0.099 0.000
0.888 0.008 0.005 0.000 0.000 0.000 0.000 0.099 0.000
0.855 0.008 0.007 0.000 0.000 0.000 0.000 0.130 0.000
0.851 0.008 0.008 0.000 0.000 0.000 0.000 0.133 0.000
0.789 0.009 0.010 0.000 0.000 0.000 0.000 0.192 0.000
0.936 0.004 0.013 0.000 0.000 0.000 0.000 0.046 0.000
0.929 0.005 0.016 0.000 0.000 0.000 0.000 0.050 0.000
0.927 0.005 0.018 0.000 0.000 0.000 0.000 0.050 0.000
0.935 0.007 0.019 0.000 0.000 0.000 0.000 0.039 0.000
0.947 0.012 0.019 0.000 0.000 0.000 0.000 0.021 0.000
0.954 0.013 0.018 0.000 0.000 0.000 0.000 0.014 0.000
0.967 0.018 0.002 0.000 0.000 0.000 0.000 0.007 0.007
0.969 0.017 0.002 0.000 0.000 0.000 0.000 0.007 0.005
0.957 0.029 0.001 0.000 0.000 0.000 0.000 0.008 0.005
0.956 0.031 0.001 0.000 0.000 0.000 0.000 0.007 0.005
0.964 0.022 0.001 0.000 0.000 0.000 0.000 0.009 0.003
0.032 0.931 0.000 0.000 0.000 0.000 0.000 0.038 0.000
0.078 0.911 0.000 0.000 0.000 0.000 0.000 0.011 0.000
0.068 0.930 0.000 0.000 0.000 0.000 0.000 0.003 0.000
0.750 0.032 0.001 0.000 0.000 0.000 0.000 0.216 0.000
0.778 0.029 0.001 0.000 0.000 0.000 0.000 0.192 0.000
0.798 0.026 0.001 0.000 0.000 0.000 0.000 0.174 0.000
0.848 0.010 0.005 0.000 0.000 0.000 0.000 0.137 0.000
0.840 0.009 0.006 0.000 0.000 0.000 0.000 0.145 0.000
0.823 0.009 0.007 0.000 0.000 0.000 0.000 0.161 0.000
0.711 0.008 0.010 0.000 0.000 0.000 0.000 0.271 0.000
0.930 0.007 0.005 0.000 0.000 0.000 0.000 0.058 0.000
0.983 0.008 0.002 0.000 0.000 0.000 0.000 0.007 0.000
0.927 0.005 0.015 0.000 0.000 0.000 0.000 0.053 0.000
0.915 0.005 0.018 0.000 0.000 0.000 0.000 0.062 0.000
0.916 0.005 0.020 0.000 0.000 0.000 0.000 0.059 0.000
0.912 0.005 0.023 0.000 0.000 0.000 0.000 0.061 0.000
0.931 0.009 0.024 0.000 0.000 0.000 0.000 0.036 0.000
0.927 0.010 0.028 0.000 0.000 0.000 0.000 0.035 0.000
0.964 0.021 0.001 0.000 0.000 0.000 0.000 0.006 0.006
0.951 0.031 0.001 0.000 0.000 0.000 0.000 0.012 0.004
0.951 0.034 0.001 0.000 0.000 0.000 0.000 0.010 0.004
0.952 0.035 0.001 0.000 0.000 0.000 0.000 0.007 0.005
0.953 0.035 0.001 0.000 0.000 0.000 0.000 0.007 0.004
0.056 0.908 0.000 0.000 0.000 0.000 0.000 0.036 0.000
0.066 0.931 0.000 0.000 0.000 0.000 0.000 0.003 0.000
0.056 0.941 0.000 0.000 0.000 0.000 0.000 0.003 0.000
0.643 0.041 0.001 0.000 0.000 0.000 0.000 0.314 0.000
0.700 0.037 0.001 0.000 0.000 0.000 0.000 0.262 0.000
0.740 0.034 0.001 0.000 0.000 0.000 0.000 0.225 0.000
0.783 0.010 0.006 0.000 0.000 0.000 0.000 0.201 0.000
0.717 0.008 0.008 0.000 0.000 0.000 0.000 0.267 0.000
0.851 0.010 0.006 0.000 0.000 0.000 0.000 0.132 0.000
0.909 0.017 0.006 0.000 0.000 0.000 0.000 0.068 0.000
0.904 0.016 0.007 0.000 0.000 0.000 0.000 0.073 0.000
0.704 0.009 0.013 0.000 0.000 0.000 0.000 0.274 0.000
0.915 0.005 0.019 0.000 0.000 0.000 0.000 0.061 0.000
0.897 0.005 0.023 0.000 0.000 0.000 0.000 0.074 0.000
0.893 0.005 0.027 0.000 0.000 0.000 0.000 0.076 0.000
0.898 0.007 0.030 0.000 0.000 0.000 0.000 0.065 0.000
0.908 0.010 0.033 0.000 0.000 0.000 0.000 0.048 0.000
0.950 0.031 0.001 0.000 0.000 0.000 0.000 0.015 0.003
0.947 0.033 0.001 0.000 0.000 0.000 0.000 0.015 0.003
0.949 0.037 0.001 0.000 0.000 0.000 0.000 0.010 0.003
0.946 0.040 0.001 0.000 0.000 0.000 0.000 0.010 0.003
0.945 0.043 0.001 0.000 0.000 0.000 0.000 0.008 0.004
0.028 0.899 0.000 0.000 0.000 0.000 0.000 0.073 0.000
0.071 0.921 0.000 0.000 0.000 0.000 0.000 0.008 0.000
0.061 0.936 0.000 0.000 0.000 0.000 0.000 0.003 0.000
0.615 0.042 0.001 0.000 0.000 0.000 0.000 0.342 0.000
0.621 0.038 0.001 0.000 0.000 0.000 0.000 0.340 0.000
0.654 0.038 0.001 0.000 0.000 0.000 0.000 0.307 0.000
0.788 0.010 0.006 0.000 0.000 0.000 0.000 0.196 0.000
0.787 0.010 0.007 0.000 0.000 0.000 0.000 0.196 0.000
0.732 0.009 0.009 0.000 0.000 0.000 0.000 0.250 0.000
0.686 0.008 0.011 0.000 0.000 0.000 0.000 0.295 0.000
0.680 0.008 0.012 0.000 0.000 0.000 0.000 0.299 0.000
0.707 0.008 0.013 0.000 0.000 0.000 0.000 0.271 0.000
0.880 0.005 0.026 0.000 0.000 0.000 0.000 0.089 0.000
0.876 0.005 0.030 0.000 0.000 0.000 0.000 0.089 0.000
0.871 0.005 0.034 0.000 0.000 0.000 0.000 0.090 0.000
0.884 0.008 0.038 0.000 0.000 0.000 0.000 0.070 0.000
0.959 0.029 0.001 0.000 0.000 0.000 0.000 0.007 0.005
0.959 0.028 0.001 0.000 0.000 0.000 0.000 0.008 0.004
0.959 0.026 0.001 0.000 0.000 0.000 0.000 0.012 0.003
0.954 0.029 0.001 0.000 0.000 0.000 0.000 0.014 0.002
0.939 0.041 0.001 0.000 0.000 0.000 0.000 0.016 0.002
0.939 0.044 0.001 0.000 0.000 0.000 0.000 0.014 0.003
0.943 0.043 0.001 0.000 0.000 0.000 0.000 0.011 0.003
0.939 0.049 0.001 0.000 0.000 0.000 0.000 0.009 0.003
0.057 0.909 0.000 0.000 0.000 0.000 0.000 0.035 0.000
0.058 0.939 0.000 0.000 0.000 0.000 0.000 0.003 0.000
0.045 0.952 0.000 0.000 0.000 0.000 0.000 0.003 0.000
0.494 0.051 0.001 0.000 0.000 0.000 0.000 0.453 0.000
0.573 0.049 0.001 0.000 0.000 0.000 0.000 0.377 0.000
0.573 0.045 0.001 0.000 0.000 0.000 0.000 0.381 0.000
0.756 0.010 0.008 0.000 0.000 0.000 0.000 0.226 0.000
0.702 0.009 0.010 0.000 0.000 0.000 0.000 0.279 0.000
0.671 0.009 0.011 0.000 0.000 0.000 0.000 0.309 0.000
0.689 0.009 0.012 0.000 0.000 0.000 0.000 0.290 0.000
0.880 0.006 0.027 0.000 0.000 0.000 0.000 0.087 0.000
0.857 0.005 0.033 0.000 0.000 0.000 0.000 0.104 0.000
0.861 0.005 0.036 0.000 0.000 0.000 0.000 0.098 0.000
0.863 0.006 0.040 0.000 0.000 0.000 0.000 0.091 0.000
0.849 0.006 0.047 0.000 0.000 0.000 0.000 0.098 0.000
0.953 0.034 0.001 0.000 0.000 0.000 0.000 0.009 0.004
0.951 0.036 0.001 0.000 0.000 0.000 0.000 0.010 0.003
0.944 0.037 0.001 0.000 0.000 0.000 0.000 0.017 0.002
0.938 0.042 0.001 0.000 0.000 0.000 0.000 0.017 0.002
0.930 0.052 0.001 0.000 0.000 0.000 0.000 0.014 0.002
0.931 0.054 0.001 0.000 0.000 0.000 0.000 0.012 0.002
0.926 0.061 0.000 0.000 0.000 0.000 0.000 0.010 0.003
0.035 0.887 0.000 0.000 0.000 0.000 0.000 0.078 0.000
0.065 0.930 0.000 0.000 0.000 0.000 0.000 0.005 0.000
0.051 0.946 0.000 0.000 0.000 0.000 0.000 0.003 0.000
0.340 0.052 0.001 0.000 0.000 0.000 0.000 0.607 0.000
0.448 0.055 0.001 0.000 0.000 0.000 0.000 0.496 0.000
0.481 0.053 0.001 0.000 0.000 0.000 0.000 0.465 0.000
0.662 0.009 0.010 0.000 0.000 0.000 0.000 0.318 0.000
0.601 0.009 0.013 0.000 0.000 0.000 0.000 0.377 0.000
0.613 0.009 0.014 0.000 0.000 0.000 0.000 0.364 0.000
0.690 0.010 0.015 0.000 0.000 0.000 0.000 0.285 0.000
0.862 0.005 0.033 0.000 0.000 0.000 0.000 0.099 0.000
0.861 0.005 0.037 0.000 0.000 0.000 0.000 0.097 0.000
0.795 0.005 0.052 0.000 0.000 0.000 0.000 0.148 0.000
0.709 0.006 0.071 0.000 0.000 0.000 0.000 0.214 0.000
0.947 0.040 0.001 0.000 0.000 0.000 0.000 0.009 0.003
0.947 0.038 0.001 0.000 0.000 0.000 0.000 0.012 0.002
0.944 0.040 0.001 0.000 0.000 0.000 0.000 0.014 0.002
0.930 0.050 0.001 0.000 0.000 0.000 0.000 0.018 0.002
0.918 0.062 0.001 0.000 0.000 0.000 0.000 0.017 0.002
0.921 0.062 0.000 0.000 0.000 0.000 0.000 0.015 0.002
0.918 0.068 0.000 0.000 0.000 0.000 0.000 0.011 0.002
0.061 0.923 0.000 0.000 0.000 0.000 0.000 0.015 0.000
0.052 0.945 0.000 0.000 0.000 0.000 0.000 0.003 0.000
0.030 0.966 0.000 0.000 0.000 0.000 0.000 0.004 0.000
0.312 0.053 0.001 0.000 0.000 0.000 0.000 0.634 0.000
0.376 0.056 0.001 0.000 0.000 0.000 0.000 0.567 0.000
0.672 0.009 0.011 0.000 0.000 0.000 0.000 0.308 0.000
0.577 0.009 0.013 0.000 0.000 0.000 0.000 0.401 0.000
0.590 0.009 0.015 0.000 0.000 0.000 0.000 0.386 0.000
0.665 0.010 0.015 0.000 0.000 0.000 0.000 0.309 0.000
0.720 0.010 0.016 0.000 0.000 0.000 0.000 0.254 0.000
0.751 0.005 0.053 0.000 0.000 0.000 0.000 0.191 0.000
0.805 0.005 0.052 0.000 0.000 0.000 0.000 0.138 0.000
0.944 0.044 0.000 0.000 0.000 0.000 0.000 0.009 0.003
0.936 0.051 0.000 0.000 0.000 0.000 0.000 0.011 0.003
0.932 0.050 0.000 0.000 0.000 0.000 0.000 0.016 0.002
0.919 0.058 0.000 0.000 0.000 0.000 0.000 0.021 0.002
0.907 0.070 0.000 0.000 0.000 0.000 0.000 0.021 0.002
0.892 0.086 0.000 0.000 0.000 0.000 0.000 0.020 0.002
0.886 0.091 0.000 0.000 0.000 0.000 0.000 0.021 0.002
0.903 0.082 0.000 0.000 0.000 0.000 0.000 0.013 0.002
0.033 0.883 0.000 0.000 0.000 0.000 0.000 0.084 0.000
0.052 0.945 0.000 0.000 0.000 0.000 0.000 0.003 0.000
0.045 0.953 0.000 0.000 0.000 0.000 0.000 0.003 0.000
0.224 0.056 0.000 0.000 0.000 0.000 0.000 0.719 0.000
0.289 0.060 0.001 0.000 0.000 0.000 0.000 0.651 0.000
0.311 0.058 0.001 0.000 0.000 0.000 0.000 0.631 0.000
0.610 0.009 0.012 0.000 0.000 0.000 0.000 0.369 0.000
0.591 0.009 0.013 0.000 0.000 0.000 0.000 0.386 0.000
0.620 0.010 0.015 0.000 0.000 0.000 0.000 0.355 0.000
0.650 0.010 0.016 0.000 0.000 0.000 0.000 0.324 0.000
0.796 0.007 0.046 0.001 0.000 0.000 0.000 0.149 0.000
0.766 0.006 0.054 0.000 0.000 0.000 0.000 0.174 0.000
0.739 0.006 0.063 0.000 0.000 0.000 0.000 0.192 0.000
0.938 0.050 0.000 0.000 0.000 0.000 0.000 0.009 0.003
0.933 0.053 0.000 0.000 0.000 0.000 0.000 0.012 0.002
0.925 0.058 0.000 0.000 0.000 0.000 0.000 0.015 0.002
0.913 0.064 0.000 0.000 0.000 0.000 0.000 0.022 0.001
0.834 0.105 0.001 0.000 0.000 0.000 0.000 0.059 0.001
0.885 0.080 0.000 0.000 0.000 0.000 0.000 0.034 0.001
0.901 0.083 0.000 0.000 0.000 0.000 0.000 0.015 0.001
0.891 0.092 0.000 0.000 0.000 0.000 0.000 0.015 0.001
0.059 0.929 0.000 0.000 0.000 0.000 0.000 0.013 0.000
0.047 0.951 0.000 0.000 0.000 0.000 0.000 0.003 0.000
0.026 0.970 0.000 0.000 0.000 0.000 0.000 0.004 0.000
0.201 0.058 0.000 0.000 0.000 0.000 0.000 0.741 0.000
0.242 0.059 0.000 0.000 0.000 0.000 0.000 0.698 0.000
0.600 0.010 0.012 0.000 0.000 0.000 0.000 0.378 0.000
0.630 0.010 0.013 0.000 0.000 0.000 0.000 0.346 0.000
0.584 0.009 0.016 0.000 0.000 0.000 0.000 0.391 0.000
0.580 0.009 0.017 0.000 0.000 0.000 0.000 0.393 0.000
0.360 0.006 0.021 0.000 0.000 0.000 0.000 0.613 0.000
0.738 0.008 0.050 0.001 0.000 0.000 0.000 0.204 0.000
0.754 0.008 0.053 0.001 0.000 0.000 0.000 0.184 0.000
0.707 0.006 0.062 0.001 0.000 0.000 0.000 0.223 0.000
0.613 0.005 0.078 0.001 0.000 0.000 0.000 0.303 0.000
0.922 0.064 0.000 0.000 0.000 0.000 0.000 0.012 0.002
0.918 0.064 0.000 0.000 0.000 0.000 0.000 0.016 0.001
0.876 0.059 0.000 0.000 0.000 0.000 0.000 0.064 0.001
0.886 0.079 0.000 0.000 0.000 0.000 0.000 0.034 0.001
0.884 0.096 0.000 0.000 0.000 0.000 0.000 0.019 0.001
0.883 0.099 0.000 0.000 0.000 0.000 0.000 0.017 0.001
0.044 0.907 0.000 0.000 0.000 0.000 0.000 0.048 0.000
0.044 0.954 0.000 0.000 0.000 0.000 0.000 0.002 0.000
0.034 0.962 0.000 0.000 0.000 0.000 0.000 0.003 0.000
0.145 0.057 0.000 0.000 0.000 0.000 0.000 0.797 0.000
0.177 0.061 0.000 0.000 0.000 0.000 0.000 0.761 0.000
0.194 0.059 0.000 0.000 0.000 0.000 0.000 0.747 0.000
0.633 0.010 0.014 0.000 0.000 0.000 0.000 0.343 0.000
0.370 0.007 0.017 0.000 0.000 0.000 0.000 0.605 0.000
0.306 0.004 0.019 0.000 0.000 0.000 0.000 0.671 0.000
0.620 0.007 0.019 0.000 0.000 0.000 0.000 0.354 0.000
0.116 0.002 0.019 0.000 0.000 0.000 0.000 0.864 0.000
0.441 0.007 0.048 0.001 0.000 0.000 0.000 0.504 0.000
0.606 0.009 0.051 0.001 0.000 0.000 0.000 0.333 0.000
0.643 0.009 0.055 0.001 0.000 0.000 0.000 0.292 0.000
0.677 0.008 0.057 0.001 0.000 0.000 0.000 0.257 0.000
0.700 0.007 0.059 0.001 0.000 0.000 0.000 0.232 0.000
0.690 0.007 0.066 0.001 0.000 0.000 0.000 0.236 0.000
0.528 0.005 0.087 0.001 0.000 0.000 0.000 0.379 0.000
0.912 0.066 0.000 0.000 0.000 0.000 0.000 0.020 0.001
0.896 0.081 0.000 0.000 0.000 0.000 0.000 0.021 0.001
0.868 0.105 0.000 0.000 0.000 0.000 0.000 0.026 0.001
0.860 0.116 0.000 0.000 0.000 0.000 0.000 0.022 0.001
0.869 0.112 0.000 0.000 0.000 0.000 0.000 0.018 0.001
0.857 0.126 0.000 0.000 0.000 0.000 0.000 0.016 0.001
0.021 0.878 0.000 0.000 0.000 0.000 0.000 0.101 0.000
0.052 0.943 0.000 0.000 0.000 0.000 0.000 0.005 0.000
0.039 0.959 0.000 0.000 0.000 0.000 0.000 0.002 0.000
0.014 0.978 0.000 0.000 0.000 0.000 0.000 0.007 0.000
0.107 0.076 0.000 0.000 0.000 0.000 0.000 0.816 0.000
0.124 0.060 0.000 0.000 0.000 0.000 0.000 0.816 0.000
0.130 0.057 0.000 0.000 0.000 0.000 0.000 0.813 0.000
0.621 0.009 0.014 0.001 0.000 0.000 0.000 0.355 0.000
0.701 0.015 0.016 0.001 0.000 0.000 0.000 0.267 0.000
0.589 0.010 0.018 0.001 0.000 0.000 0.000 0.382 0.000
0.578 0.009 0.021 0.001 0.000 0.000 0.000 0.391 0.000
0.196 0.003 0.022 0.000 0.000 0.000 0.000 0.779 0.000
0.128 0.002 0.022 0.000 0.000 0.000 0.000 0.848 0.000
0.320 0.005 0.031 0.000 0.000 0.000 0.000 0.645 0.000
0.346 0.006 0.035 0.000 0.000 0.000 0.000 0.613 0.000
0.405 0.006 0.040 0.001 0.000 0.000 0.000 0.549 0.000
0.404 0.007 0.045 0.001 0.000 0.000 0.000 0.543 0.000
0.416 0.007 0.050 0.001 0.000 0.000 0.000 0.526 0.000
0.518 0.009 0.056 0.001 0.000 0.000 0.000 0.416 0.000
0.613 0.009 0.058 0.001 0.000 0.000 0.000 0.319 0.000
0.636 0.008 0.061 0.001 0.000 0.000 0.000 0.293 0.000
0.626 0.007 0.067 0.001 0.000 0.000 0.000 0.299 0.000
0.581 0.006 0.077 0.001 0.000 0.000 0.000 0.335 0.000
0.893 0.091 0.000 0.000 0.000 0.000 0.000 0.015 0.001
0.873 0.102 0.000 0.000 0.000 0.000 0.000 0.024 0.001
0.850 0.120 0.000 0.000 0.000 0.000 0.000 0.028 0.001
0.840 0.135 0.000 0.000 0.000 0.000 0.000 0.023 0.001
0.850 0.129 0.000 0.000 0.000 0.000 0.000 0.020 0.001
0.835 0.148 0.000 0.000 0.000 0.000 0.000 0.016 0.001
0.046 0.928 0.000 0.000 0.000 0.000 0.000 0.026 0.000
0.040 0.958 0.000 0.000 0.000 0.000 0.000 0.002 0.000
0.028 0.969 0.000 0.000 0.000 0.000 0.000 0.003 0.000
0.073 0.048 0.000 0.000 0.000 0.000 0.000 0.879 0.000
0.101 0.060 0.000 0.000 0.000 0.000 0.000 0.839 0.000
0.099 0.054 0.000 0.000 0.000 0.000 0.000 0.847 0.000
0.510 0.010 0.020 0.001 0.000 0.000 0.000 0.459 0.000
0.522 0.009 0.022 0.001 0.000 0.000 0.000 0.446 0.000
0.480 0.008 0.025 0.001 0.000 0.000 0.000 0.486 0.000
0.428 0.007 0.029 0.001 0.000 0.000 0.000 0.535 0.000
0.433 0.007 0.032 0.001 0.000 0.000 0.000 0.526 0.000
0.394 0.007 0.036 0.001 0.000 0.000 0.000 0.562 0.000
0.394 0.006 0.041 0.001 0.000 0.000 0.000 0.558 0.000
0.348 0.006 0.046 0.001 0.000 0.000 0.000 0.600 0.000
0.420 0.008 0.052 0.001 0.000 0.000 0.000 0.518 0.000
0.464 0.008 0.058 0.001 0.000 0.000 0.000 0.469 0.000
0.556 0.008 0.061 0.002 0.000 0.000 0.000 0.374 0.000
0.561 0.007 0.066 0.002 0.000 0.000 0.000 0.364 0.000
0.518 0.006 0.075 0.001 0.000 0.000 0.000 0.399 0.000
0.479 0.006 0.085 0.001 0.000 0.000 0.000 0.429 0.000
0.874 0.108 0.000 0.000 0.000 0.000 0.000 0.018 0.001
0.863 0.111 0.000 0.000 0.000 0.000 0.000 0.025 0.001
0.835 0.136 0.000 0.000 0.000 0.000 0.000 0.029 0.001
0.811 0.165 0.000 0.000 0.000 0.000 0.000 0.023 0.001
0.814 0.164 0.000 0.000 0.000 0.000 0.000 0.020 0.001
0.820 0.162 0.000 0.000 0.000 0.000 0.000 0.017 0.001
0.021 0.845 0.000 0.000 0.000 0.000 0.000 0.134 0.000
0.045 0.952 0.000 0.000 0.000 0.000 0.000 0.004 0.000
0.033 0.964 0.000 0.000 0.000 0.000 0.000 0.002 0.000
0.073 0.059 0.000 0.000 0.000 0.000 0.000 0.868 0.000
0.073 0.054 0.000 0.000 0.000 0.000 0.000 0.872 0.000
0.410 0.009 0.022 0.001 0.000 0.000 0.000 0.557 0.000
0.439 0.009 0.024 0.001 0.000 0.000 0.000 0.528 0.000
0.433 0.008 0.027 0.001 0.000 0.000 0.000 0.531 0.000
0.440 0.008 0.030 0.001 0.000 0.000 0.000 0.522 0.000
0.377 0.007 0.038 0.001 0.000 0.000 0.000 0.578 0.000
0.332 0.006 0.042 0.001 0.000 0.000 0.000 0.619 0.000
0.346 0.006 0.047 0.001 0.000 0.000 0.000 0.599 0.000
0.402 0.007 0.054 0.002 0.000 0.000 0.000 0.535 0.000
0.446 0.007 0.059 0.002 0.000 0.000 0.000 0.485 0.000
0.475 0.007 0.065 0.002 0.000 0.000 0.000 0.451 0.000
0.509 0.007 0.070 0.002 0.000 0.000 0.000 0.412 0.000
0.512 0.006 0.077 0.002 0.000 0.000 0.000 0.402 0.000
0.862 0.121 0.000 0.000 0.000 0.000 0.000 0.016 0.001
0.844 0.130 0.000 0.000 0.000 0.000 0.000 0.025 0.001
0.794 0.169 0.000 0.000 0.000 0.000 0.000 0.036 0.001
0.780 0.191 0.000 0.000 0.000 0.000 0.000 0.029 0.001
0.797 0.183 0.000 0.000 0.000 0.000 0.000 0.019 0.001
0.788 0.194 0.000 0.000 0.000 0.000 0.000 0.017 0.001
0.047 0.936 0.000 0.000 0.000 0.000 0.000 0.016 0.000
0.035 0.963 0.000 0.000 0.000 0.000 0.000 0.002 0.000
0.018 0.978 0.000 0.000 0.000 0.000 0.000 0.003 0.000
0.045 0.050 0.000 0.000 0.000 0.000 0.000 0.905 0.000
0.057 0.059 0.000 0.000 0.000 0.000 0.000 0.883 0.000
0.049 0.048 0.000 0.000 0.000 0.000 0.000 0.902 0.000
0.332 0.006 0.048 0.002 0.000 0.000 0.000 0.612 0.000
0.360 0.006 0.054 0.002 0.000 0.000 0.000 0.577 0.000
0.439 0.007 0.060 0.002 0.000 0.000 0.000 0.491 0.000
0.475 0.007 0.066 0.002 0.000 0.000 0.000 0.450 0.000
0.449 0.006 0.074 0.002 0.000 0.000 0.000 0.468 0.000
0.411 0.006 0.082 0.002 0.000 0.000 0.000 0.499 0.000
0.841 0.140 0.000 0.000 0.000 0.000 0.000 0.018 0.001
0.816 0.152 0.000 0.000 0.000 0.000 0.000 0.031 0.001
0.783 0.178 0.000 0.000 0.000 0.000 0.000 0.039 0.000
0.746 0.226 0.000 0.000 0.000 0.000 0.000 0.028 0.001
0.769 0.209 0.000 0.000 0.000 0.000 0.000 0.021 0.001
0.759 0.222 0.000 0.000 0.000 0.000 0.000 0.018 0.001
0.033 0.909 0.000 0.000 0.000 0.000 0.000 0.058 0.000
0.039 0.958 0.000 0.000 0.000 0.000 0.000 0.002 0.000
0.031 0.966 0.000 0.000 0.000 0.000 0.000 0.003 0.000
0.045 0.058 0.000 0.000 0.000 0.000 0.000 0.897 0.000
0.043 0.053 0.000 0.000 0.000 0.000 0.000 0.904 0.000
0.429 0.007 0.061 0.003 0.000 0.000 0.000 0.499 0.000
0.451 0.007 0.068 0.003 0.000 0.000 0.000 0.471 0.000
0.369 0.006 0.076 0.003 0.000 0.000 0.000 0.547 0.000
0.352 0.006 0.085 0.003 0.000 0.000 0.000 0.554 0.000
0.818 0.158 0.000 0.000 0.000 0.000 0.000 0.022 0.001
0.802 0.170 0.000 0.000 0.000 0.000 0.000 0.027 0.001
0.745 0.215 0.000 0.000 0.000 0.000 0.000 0.039 0.000
0.727 0.244 0.000 0.000 0.000 0.000 0.000 0.029 0.001
0.743 0.235 0.000 0.000 0.000 0.000 0.000 0.021 0.001
0.726 0.257 0.000 0.000 0.000 0.000 0.000 0.016 0.001
0.046 0.948 0.000 0.000 0.000 0.000 0.000 0.005 0.000
0.033 0.965 0.000 0.000 0.000 0.000 0.000 0.002 0.000
0.030 0.056 0.000 0.000 0.000 0.000 0.000 0.914 0.000
0.038 0.062 0.000 0.000 0.000 0.000 0.000 0.900 0.000
0.032 0.053 0.000 0.000 0.000 0.000 0.000 0.915 0.000
0.411 0.008 0.058 0.004 0.000 0.000 0.000 0.519 0.000
0.408 0.007 0.063 0.004 0.000 0.000 0.000 0.518 0.000
0.397 0.007 0.070 0.004 0.000 0.000 0.000 0.522 0.000
0.391 0.007 0.080 0.005 0.000 0.000 0.000 0.516 0.000
0.792 0.189 0.000 0.000 0.000 0.000 0.000 0.018 0.001
0.763 0.203 0.000 0.000 0.000 0.000 0.000 0.033 0.000
0.722 0.242 0.000 0.000 0.000 0.000 0.000 0.036 0.000
0.699 0.275 0.000 0.000 0.000 0.000 0.000 0.026 0.000
0.709 0.271 0.000 0.000 0.000 0.000 0.000 0.020 0.000
0.681 0.303 0.000 0.000 0.000 0.000 0.000 0.016 0.001
0.037 0.918 0.000 0.000 0.000 0.000 0.000 0.045 0.000
0.033 0.966 0.000 0.000 0.000 0.000 0.000 0.002 0.000
0.026 0.972 0.000 0.000 0.000 0.000 0.000 0.002 0.000
0.026 0.059 0.000 0.000 0.000 0.000 0.000 0.915 0.000
0.027 0.056 0.000 0.000 0.000 0.000 0.000 0.917 0.000
0.407 0.008 0.054 0.006 0.000 0.000 0.000 0.525 0.000
0.410 0.008 0.059 0.006 0.000 0.000 0.000 0.516 0.000
0.401 0.007 0.065 0.006 0.000 0.000 0.000 0.521 0.000
0.359 0.006 0.072 0.005 0.000 0.000 0.000 0.557 0.000
0.418 0.007 0.080 0.007 0.000 0.000 0.000 0.488 0.000
0.362 0.009 0.099 0.010 0.000 0.000 0.000 0.520 0.000
0.763 0.215 0.000 0.000 0.000 0.000 0.000 0.021 0.001
0.750 0.222 0.000 0.000 0.000 0.000 0.000 0.028 0.000
0.694 0.274 0.000 0.000 0.000 0.000 0.000 0.032 0.000
0.660 0.315 0.000 0.000 0.000 0.000 0.000 0.024 0.000
0.659 0.318 0.000 0.000 0.000 0.000 0.000 0.023 0.000
0.668 0.314 0.000 0.000 0.000 0.000 0.000 0.017 0.000
0.023 0.859 0.000 0.000 0.000 0.000 0.000 0.118 0.000
0.045 0.950 0.000 0.000 0.000 0.000 0.000 0.005 0.000
0.030 0.968 0.000 0.000 0.000 0.000 0.000 0.002 0.000
0.020 0.060 0.000 0.000 0.000 0.000 0.000 0.919 0.000
0.020 0.059 0.000 0.000 0.000 0.000 0.000 0.921 0.000
0.017 0.048 0.000 0.000 0.000 0.000 0.000 0.935 0.000
0.353 0.009 0.051 0.009 0.000 0.000 0.000 0.578 0.000
0.385 0.009 0.057 0.010 0.000 0.000 0.000 0.539 0.000
0.417 0.008 0.061 0.009 0.000 0.000 0.000 0.504 0.000
0.444 0.009 0.068 0.011 0.000 0.000 0.000 0.467 0.000
0.411 0.007 0.074 0.009 0.000 0.000 0.000 0.499 0.000
0.418 0.007 0.081 0.009 0.000 0.000 0.000 0.485 0.000
0.745 0.237 0.000 0.000 0.000 0.000 0.000 0.018 0.001
0.696 0.273 0.000 0.000 0.000 0.000 0.000 0.031 0.000
0.635 0.331 0.000 0.000 0.000 0.000 0.000 0.034 0.000
0.617 0.353 0.000 0.000 0.000 0.000 0.000 0.029 0.000
0.623 0.353 0.000 0.000 0.000 0.000 0.000 0.023 0.000
0.603 0.378 0.000 0.000 0.000 0.000 0.000 0.019 0.000
0.049 0.938 0.000 0.000 0.000 0.000 0.000 0.012 0.000
0.034 0.964 0.000 0.000 0.000 0.000 0.000 0.002 0.000
0.019 0.977 0.000 0.000 0.000 0.000 0.000 0.003 0.000
0.016 0.061 0.000 0.000 0.000 0.000 0.000 0.922 0.000
0.013 0.048 0.000 0.000 0.000 0.000 0.000 0.939 0.000
0.323 0.010 0.053 0.013 0.000 0.000 0.000 0.601 0.000
0.370 0.012 0.062 0.018 0.000 0.000 0.000 0.538 0.000
0.429 0.011 0.064 0.015 0.000 0.000 0.000 0.481 0.000
0.469 0.012 0.072 0.019 0.000 0.000 0.000 0.429 0.000
0.457 0.010 0.077 0.015 0.000 0.000 0.000 0.441 0.000
0.407 0.008 0.083 0.011 0.000 0.000 0.000 0.492 0.000
0.698 0.282 0.000 0.000 0.000 0.000 0.000 0.020 0.000
0.663 0.305 0.000 0.000 0.000 0.000 0.000 0.031 0.000
0.619 0.342 0.000 0.000 0.000 0.000 0.000 0.039 0.000
0.601 0.369 0.000 0.000 0.000 0.000 0.000 0.029 0.000
0.597 0.377 0.000 0.000 0.000 0.000 0.000 0.027 0.000
0.571 0.407 0.000 0.000 0.000 0.000 0.000 0.021 0.000
0.027 0.897 0.000 0.000 0.000 0.000 0.000 0.076 0.000
0.038 0.960 0.000 0.000 0.000 0.000 0.000 0.002 0.000
0.031 0.967 0.000 0.000 0.000 0.000 0.000 0.002 0.000
0.014 0.070 0.000 0.000 0.000 0.000 0.000 0.916 0.000
0.012 0.057 0.000 0.000 0.000 0.000 0.000 0.931 0.000
0.008 0.037 0.000 0.000 0.000 0.000 0.000 0.955 0.000
0.337 0.012 0.062 0.019 0.000 0.000 0.000 0.570 0.000
0.411 0.013 0.068 0.022 0.000 0.000 0.000 0.486 0.000
0.467 0.013 0.073 0.023 0.000 0.000 0.000 0.424 0.000
0.471 0.010 0.076 0.018 0.000 0.000 0.000 0.424 0.000
0.403 0.008 0.082 0.012 0.000 0.000 0.000 0.495 0.000
0.378 0.007 0.090 0.010 0.000 0.000 0.000 0.515 0.000
0.664 0.313 0.000 0.000 0.000 0.000 0.000 0.023 0.000
0.633 0.334 0.000 0.000 0.000 0.000 0.000 0.033 0.000
0.574 0.389 0.000 0.000 0.000 0.000 0.000 0.037 0.000
0.566 0.401 0.000 0.000 0.000 0.000 0.000 0.034 0.000
0.561 0.413 0.000 0.000 0.000 0.000 0.000 0.026 0.000
0.014 0.864 0.000 0.000 0.000 0.000 0.000 0.121 0.000
0.045 0.946 0.000 0.000 0.000 0.000 0.000 0.009 0.000
0.032 0.966 0.000 0.000 0.000 0.000 0.000 0.002 0.000
0.017 0.979 0.000 0.000 0.000 0.000 0.000 0.004 0.000
0.009 0.061 0.000 0.000 0.000 0.000 0.000 0.930 0.000
0.012 0.077 0.000 0.000 0.000 0.000 0.000 0.911 0.000
0.007 0.044 0.000 0.000 0.000 0.000 0.000 0.948 0.000
0.376 0.013 0.061 0.021 0.000 0.000 0.000 0.528 0.000
0.420 0.014 0.068 0.026 0.000 0.000 0.000 0.471 0.000
0.500 0.014 0.071 0.026 0.000 0.000 0.000 0.390 0.000
0.514 0.013 0.076 0.025 0.000 0.000 0.000 0.372 0.000
0.444 0.009 0.081 0.014 0.000 0.000 0.000 0.452 0.000
0.435 0.007 0.087 0.012 0.000 0.000 0.000 0.458 0.000
0.634 0.344 0.000 0.000 0.000 0.000 0.000 0.021 0.000
0.565 0.402 0.000 0.000 0.000 0.000 0.000 0.033 0.000
0.539 0.421 0.000 0.000 0.000 0.000 0.000 0.040 0.000
0.517 0.456 0.000 0.000 0.000 0.000 0.000 0.028 0.000
0.519 0.457 0.000 0.000 0.000 0.000 0.000 0.024 0.000
0.039 0.913 0.000 0.000 0.000 0.000 0.000 0.047 0.000
0.038 0.959 0.000 0.000 0.000 0.000 0.000 0.002 0.000
0.026 0.971 0.000 0.000 0.000 0.000 0.000 0.002 0.000
0.009 0.077 0.000 0.000 0.000 0.000 0.000 0.913 0.000
0.009 0.068 0.000 0.000 0.000 0.000 0.000 0.923 0.000
0.005 0.041 0.000 0.000 0.000 0.000 0.000 0.954 0.000
0.452 0.015 0.066 0.027 0.000 0.000 0.000 0.440 0.000
0.534 0.015 0.069 0.030 0.000 0.000 0.000 0.352 0.000
0.590 0.015 0.072 0.034 0.000 0.000 0.000 0.289 0.000
0.600 0.015 0.078 0.034 0.000 0.000 0.000 0.272 0.000
0.517 0.010 0.086 0.017 0.000 0.000 0.000 0.371 0.000
0.581 0.391 0.000 0.000 0.000 0.000 0.000 0.028 0.000
0.545 0.419 0.000 0.000 0.000 0.000 0.000 0.035 0.000
0.498 0.467 0.000 0.000 0.000 0.000 0.000 0.035 0.000
0.486 0.488 0.000 0.000 0.000 0.000 0.000 0.026 0.000
0.471 0.507 0.000 0.000 0.000 0.000 0.000 0.022 0.000
0.022 0.894 0.000 0.000 0.000 0.000 0.000 0.084 0.000
0.046 0.950 0.000 0.000 0.000 0.000 0.000 0.004 0.000
0.031 0.967 0.000 0.000 0.000 0.000 0.000 0.002 0.000
0.006 0.065 0.000 0.000 0.000 0.000 0.000 0.929 0.000
0.008 0.079 0.000 0.000 0.000 0.000 0.000 0.912 0.000
0.007 0.069 0.000 0.000 0.000 0.000 0.000 0.923 0.000
0.434 0.016 0.060 0.029 0.000 0.000 0.000 0.461 0.000
0.510 0.019 0.065 0.039 0.000 0.000 0.000 0.367 0.000
0.546 0.018 0.069 0.037 0.000 0.000 0.000 0.330 0.000
0.593 0.017 0.071 0.037 0.000 0.000 0.000 0.283 0.000
0.594 0.014 0.076 0.030 0.000 0.000 0.000 0.285 0.000
0.549 0.012 0.085 0.022 0.000 0.000 0.000 0.332 0.000
0.563 0.418 0.000 0.000 0.000 0.000 0.000 0.019 0.000
0.555 0.421 0.000 0.000 0.000 0.000 0.000 0.024 0.000
0.486 0.479 0.000 0.000 0.000 0.000 0.000 0.034 0.000
0.451 0.516 0.000 0.000 0.000 0.000 0.000 0.033 0.000
0.461 0.516 0.000 0.000 0.000 0.000 0.000 0.023 0.000
0.451 0.533 0.000 0.000 0.000 0.000 0.000 0.015 0.000
0.044 0.939 0.000 0.000 0.000 0.000 0.000 0.017 0.000
0.032 0.966 0.000 0.000 0.000 0.000 0.000 0.002 0.000
0.022 0.975 0.000 0.000 0.000 0.000 0.000 0.003 0.000
0.006 0.081 0.000 0.000 0.000 0.000 0.000 0.912 0.000
0.006 0.075 0.000 0.000 0.000 0.000 0.000 0.918 0.000
0.004 0.055 0.000 0.000 0.000 0.000 0.000 0.940 0.000
0.519 0.018 0.063 0.037 0.000 0.000 0.000 0.362 0.000
0.555 0.019 0.067 0.039 0.000 0.000 0.000 0.319 0.000
0.627 0.018 0.067 0.041 0.000 0.000 0.000 0.247 0.000
0.647 0.016 0.070 0.035 0.000 0.000 0.000 0.233 0.000
0.515 0.467 0.000 0.000 0.000 0.000 0.000 0.018 0.000
0.494 0.476 0.000 0.000 0.000 0.000 0.000 0.030 0.000
0.457 0.506 0.000 0.000 0.000 0.000 0.000 0.037 0.000
0.410 0.565 0.000 0.000 0.000 0.000 0.000 0.025 0.000
0.396 0.589 0.000 0.000 0.000 0.000 0.000 0.015 0.000
0.025 0.904 0.000 0.000 0.000 0.000 0.000 0.070 0.000
0.039 0.958 0.000 0.000 0.000 0.000 0.000 0.002 0.000
0.032 0.965 0.000 0.001 0.000 0.000 0.000 0.002 0.000
0.004 0.062 0.000 0.000 0.000 0.000 0.000 0.934 0.000
0.005 0.079 0.000 0.000 0.000 0.000 0.000 0.916 0.000
0.004 0.064 0.000 0.000 0.000 0.000 0.000 0.931 0.000
0.577 0.022 0.060 0.047 0.000 0.000 0.000 0.295 0.000
0.650 0.021 0.059 0.050 0.000 0.000 0.000 0.221 0.000
0.659 0.017 0.062 0.037 0.000 0.000 0.000 0.225 0.000
0.646 0.017 0.070 0.038 0.000 0.000 0.000 0.229 0.000
0.648 0.015 0.075 0.033 0.000 0.000 0.000 0.229 0.000
0.490 0.490 0.000 0.000 0.000 0.000 0.000 0.021 0.000
0.463 0.503 0.000 0.000 0.000 0.000 0.000 0.034 0.000
0.422 0.546 0.000 0.000 0.000 0.000 0.000 0.032 0.000
0.412 0.564 0.000 0.000 0.000 0.000 0.000 0.024 0.000
0.407 0.574 0.000 0.000 0.000 0.000 0.000 0.019 0.000
0.047 0.941 0.000 0.000 0.000 0.000 0.000 0.011 0.000
0.034 0.963 0.000 0.001 0.000 0.000 0.000 0.002 0.000
0.019 0.977 0.000 0.001 0.000 0.000 0.000 0.003 0.000
0.003 0.073 0.000 0.000 0.000 0.000 0.000 0.924 0.000
0.003 0.067 0.000 0.000 0.000 0.000 0.000 0.929 0.000
0.003 0.051 0.000 0.000 0.000 0.000 0.000 0.946 0.000
0.601 0.022 0.057 0.048 0.000 0.000 0.000 0.272 0.000
0.658 0.019 0.056 0.044 0.000 0.000 0.000 0.222 0.000
0.660 0.017 0.061 0.038 0.000 0.000 0.000 0.224 0.000
0.636 0.015 0.068 0.029 0.000 0.000 0.000 0.252 0.000
0.636 0.014 0.074 0.029 0.000 0.000 0.000 0.247 0.000
0.504 0.473 0.000 0.000 0.000 0.000 0.000 0.023 0.000
0.449 0.522 0.000 0.000 0.000 0.000 0.000 0.029 0.000
0.398 0.573 0.000 0.000 0.000 0.000 0.000 0.029 0.000
0.407 0.570 0.000 0.000 0.000 0.000 0.000 0.022 0.000
0.404 0.581 0.000 0.000 0.000 0.000 0.000 0.015 0.000
0.037 0.920 0.000 0.000 0.000 0.000 0.000 0.042 0.000
0.037 0.960 0.000 0.001 0.000 0.000 0.000 0.002 0.000
0.027 0.970 0.000 0.001 0.000 0.000 0.000 0.002 0.000
0.002 0.062 0.000 0.000 0.000 0.000 0.000 0.936 0.000
0.003 0.075 0.000 0.000 0.000 0.000 0.000 0.922 0.000
0.003 0.060 0.000 0.000 0.000 0.000 0.000 0.937 0.000
0.579 0.021 0.057 0.042 0.000 0.000 0.000 0.301 0.000
0.657 0.020 0.055 0.043 0.000 0.000 0.000 0.225 0.000
0.693 0.017 0.056 0.037 0.000 0.000 0.000 0.197 0.000
0.657 0.015 0.064 0.029 0.000 0.000 0.000 0.235 0.000
0.606 0.013 0.075 0.024 0.000 0.000 0.000 0.282 0.000
0.572 0.014 0.086 0.025 0.000 0.000 0.000 0.303 0.000
0.487 0.498 0.000 0.000 0.000 0.000 0.000 0.015 0.000
0.484 0.496 0.000 0.000 0.000 0.000 0.000 0.020 0.000
0.439 0.533 0.000 0.000 0.000 0.000 0.000 0.028 0.000
0.397 0.578 0.000 0.000 0.000 0.000 0.000 0.025 0.000
0.391 0.592 0.000 0.000 0.000 0.000 0.000 0.017 0.000
0.397 0.590 0.000 0.000 0.000 0.000 0.000 0.014 0.000
0.047 0.947 0.000 0.001 0.000 0.000 0.000 0.005 0.000
0.035 0.962 0.000 0.001 0.000 0.000 0.000 0.002 0.000
0.002 0.069 0.000 0.000 0.000 0.000 0.000 0.928 0.000
0.002 0.062 0.000 0.000 0.000 0.000 0.000 0.935 0.000
0.616 0.023 0.054 0.049 0.000 0.000 0.000 0.259 0.000
0.654 0.021 0.055 0.044 0.000 0.000 0.000 0.227 0.000
0.686 0.015 0.055 0.029 0.000 0.000 0.000 0.215 0.000
0.694 0.013 0.058 0.024 0.000 0.000 0.000 0.211 0.000
0.623 0.012 0.070 0.020 0.000 0.000 0.000 0.274 0.000
0.480 0.506 0.000 0.000 0.000 0.000 0.000 0.014 0.000
0.455 0.523 0.000 0.000 0.000 0.000 0.000 0.022 0.000
0.430 0.544 0.000 0.000 0.000 0.000 0.000 0.026 0.000
0.399 0.581 0.000 0.000 0.000 0.000 0.000 0.020 0.000
0.388 0.597 0.000 0.000 0.000 0.000 0.000 0.015 0.000
0.365 0.624 0.000 0.000 0.000 0.000 0.000 0.011 0.000
0.040 0.924 0.000 0.001 0.000 0.000 0.000 0.035 0.000
0.035 0.962 0.000 0.002 0.000 0.000 0.000 0.002 0.000
0.027 0.969 0.000 0.001 0.000 0.000 0.000 0.003 0.000
0.002 0.065 0.000 0.000 0.000 0.000 0.000 0.933 0.000
0.002 0.061 0.000 0.000 0.000 0.000 0.000 0.937 0.000
0.674 0.021 0.052 0.046 0.000 0.000 0.000 0.207 0.000
0.668 0.017 0.056 0.032 0.000 0.000 0.000 0.228 0.000
0.654 0.015 0.062 0.028 0.000 0.000 0.000 0.240 0.000
0.605 0.013 0.072 0.023 0.000 0.000 0.000 0.287 0.000
0.593 0.016 0.083 0.028 0.000 0.000 0.000 0.279 0.000
0.484 0.500 0.000 0.000 0.000 0.000 0.000 0.016 0.000
0.454 0.527 0.000 0.000 0.000 0.000 0.000 0.019 0.000
0.417 0.561 0.000 0.000 0.000 0.000 0.000 0.022 0.000
0.400 0.583 0.000 0.000 0.000 0.000 0.000 0.018 0.000
0.390 0.598 0.000 0.000 0.000 0.000 0.000 0.012 0.000
0.023 0.853 0.000 0.001 0.001 0.000 0.000 0.122 0.000
0.046 0.948 0.000 0.002 0.000 0.000 0.000 0.004 0.000
0.031 0.965 0.000 0.002 0.000 0.000 0.000 0.002 0.000
0.001 0.050 0.000 0.000 0.000 0.000 0.000 0.949 0.000
0.001 0.062 0.000 0.000 0.000 0.000 0.000 0.937 0.000
