0.706 0.292 0.000 0.000 0.000 0.000 0.000 0.001 0.000
0.746 0.253 0.000 0.000 0.000 0.000 0.000 0.000 0.000
0.715 0.285 0.000 0.000 0.000 0.000 0.000 0.000 0.000
0.979 0.002 0.002 0.000 0.000 0.000 0.000 0.017 0.000
0.984 0.002 0.002 0.000 0.000 0.000 0.000 0.013 0.000
0.986 0.002 0.001 0.000 0.000 0.000 0.000 0.011 0.000
0.989 0.001 0.001 0.000 0.000 0.000 0.000 0.008 0.000
0.989 0.001 0.001 0.000 0.000 0.000 0.000 0.008 0.000
0.988 0.001 0.002 0.000 0.000 0.000 0.000 0.009 0.000
0.988 0.001 0.002 0.000 0.000 0.000 0.000 0.009 0.000
0.988 0.001 0.002 0.000 0.000 0.000 0.000 0.009 0.000
0.988 0.001 0.002 0.000 0.000 0.000 0.000 0.009 0.000
0.990 0.001 0.002 0.000 0.000 0.000 0.000 0.007 0.000
0.992 0.001 0.002 0.000 0.000 0.000 0.000 0.005 0.000
0.990 0.004 0.005 0.000 0.000 0.000 0.000 0.001 0.000
0.989 0.005 0.005 0.000 0.000 0.000 0.000 0.002 0.000
0.989 0.005 0.005 0.000 0.000 0.000 0.000 0.002 0.000
0.990 0.005 0.004 0.000 0.000 0.000 0.000 0.002 0.000
0.991 0.004 0.003 0.000 0.000 0.000 0.000 0.001 0.000
0.994 0.003 0.002 0.000 0.000 0.000 0.000 0.001 0.000
0.995 0.003 0.001 0.000 0.000 0.000 0.000 0.001 0.000
0.996 0.003 0.001 0.000 0.000 0.000 0.000 0.000 0.000
0.995 0.004 0.001 0.000 0.000 0.000 0.000 0.000 0.000
0.717 0.283 0.000 0.000 0.000 0.000 0.000 0.000 0.000
0.668 0.332 0.000 0.000 0.000 0.000 0.000 0.000 0.000
0.595 0.405 0.000 0.000 0.000 0.000 0.000 0.000 0.000
0.972 0.003 0.002 0.000 0.000 0.000 0.000 0.024 0.000
0.979 0.002 0.002 0.000 0.000 0.000 0.000 0.017 0.000
0.983 0.002 0.001 0.000 0.000 0.000 0.000 0.014 0.000
0.985 0.002 0.001 0.000 0.000 0.000 0.000 0.011 0.000
0.983 0.002 0.002 0.000 0.000 0.000 0.000 0.014 0.000
0.980 0.002 0.002 0.000 0.000 0.000 0.000 0.016 0.000
0.983 0.001 0.002 0.000 0.000 0.000 0.000 0.013 0.000
0.986 0.001 0.002 0.000 0.000 0.000 0.000 0.011 0.000
0.984 0.001 0.002 0.000 0.000 0.000 0.000 0.013 0.000
0.986 0.001 0.002 0.000 0.000 0.000 0.000 0.011 0.000
0.988 0.001 0.002 0.000 0.000 0.000 0.000 0.009 0.000
0.990 0.001 0.002 0.000 0.000 0.000 0.000 0.007 0.000
0.988 0.005 0.005 0.000 0.000 0.000 0.000 0.002 0.000
0.987 0.005 0.005 0.000 0.000 0.000 0.000 0.003 0.000
0.990 0.004 0.004 0.000 0.000 0.000 0.000 0.002 0.000
0.992 0.004 0.003 0.000 0.000 0.000 0.000 0.001 0.000
0.995 0.003 0.001 0.000 0.000 0.000 0.000 0.001 0.000
0.995 0.004 0.001 0.000 0.000 0.000 0.000 0.000 0.000
0.994 0.004 0.001 0.000 0.000 0.000 0.000 0.000 0.000
0.995 0.004 0.001 0.000 0.000 0.000 0.000 0.000 0.000
0.993 0.005 0.001 0.000 0.000 0.000 0.000 0.000 0.000
0.644 0.355 0.000 0.000 0.000 0.000 0.000 0.001 0.000
0.659 0.341 0.000 0.000 0.000 0.000 0.000 0.000 0.000
0.629 0.371 0.000 0.000 0.000 0.000 0.000 0.000 0.000
0.967 0.003 0.002 0.000 0.000 0.000 0.000 0.029 0.000
0.974 0.003 0.002 0.000 0.000 0.000 0.000 0.022 0.000
0.979 0.002 0.001 0.000 0.000 0.000 0.000 0.017 0.000
0.980 0.002 0.001 0.000 0.000 0.000 0.000 0.016 0.000
0.974 0.002 0.002 0.000 0.000 0.000 0.000 0.022 0.000
0.972 0.002 0.002 0.000 0.000 0.000 0.000 0.024 0.000
0.977 0.002 0.002 0.000 0.000 0.000 0.000 0.019 0.000
0.984 0.001 0.002 0.000 0.000 0.000 0.000 0.013 0.000
0.980 0.001 0.002 0.000 0.000 0.000 0.000 0.017 0.000
0.979 0.001 0.002 0.000 0.000 0.000 0.000 0.018 0.000
0.981 0.001 0.002 0.000 0.000 0.000 0.000 0.016 0.000
0.988 0.001 0.002 0.000 0.000 0.000 0.000 0.010 0.000
0.988 0.001 0.002 0.000 0.000 0.000 0.000 0.009 0.000
0.987 0.001 0.002 0.000 0.000 0.000 0.000 0.009 0.000
0.988 0.005 0.004 0.000 0.000 0.000 0.000 0.002 0.000
0.991 0.004 0.003 0.000 0.000 0.000 0.000 0.001 0.000
0.994 0.004 0.002 0.000 0.000 0.000 0.000 0.001 0.000
0.994 0.005 0.001 0.000 0.000 0.000 0.000 0.000 0.000
0.993 0.005 0.001 0.000 0.000 0.000 0.000 0.001 0.000
0.993 0.005 0.001 0.000 0.000 0.000 0.000 0.001 0.000
0.994 0.004 0.001 0.000 0.000 0.000 0.000 0.001 0.000
0.994 0.004 0.001 0.000 0.000 0.000 0.000 0.001 0.000
0.994 0.005 0.001 0.000 0.000 0.000 0.000 0.001 0.000
0.538 0.460 0.000 0.000 0.000 0.000 0.000 0.002 0.000
0.648 0.352 0.000 0.000 0.000 0.000 0.000 0.000 0.000
0.596 0.404 0.000 0.000 0.000 0.000 0.000 0.000 0.000
0.463 0.537 0.000 0.000 0.000 0.000 0.000 0.000 0.000
0.954 0.004 0.002 0.000 0.000 0.000 0.000 0.040 0.000
0.962 0.004 0.002 0.000 0.000 0.000 0.000 0.033 0.000
0.969 0.004 0.002 0.000 0.000 0.000 0.000 0.026 0.000
0.973 0.003 0.001 0.000 0.000 0.000 0.000 0.022 0.000
0.968 0.003 0.002 0.000 0.000 0.000 0.000 0.027 0.000
0.961 0.003 0.002 0.000 0.000 0.000 0.000 0.034 0.000
0.967 0.002 0.002 0.000 0.000 0.000 0.000 0.029 0.000
0.970 0.002 0.002 0.000 0.000 0.000 0.000 0.025 0.000
0.980 0.002 0.002 0.000 0.000 0.000 0.000 0.017 0.000
0.977 0.001 0.002 0.000 0.000 0.000 0.000 0.019 0.000
0.971 0.001 0.002 0.000 0.000 0.000 0.000 0.025 0.000
0.970 0.001 0.003 0.000 0.000 0.000 0.000 0.026 0.000
0.985 0.001 0.002 0.000 0.000 0.000 0.000 0.012 0.000
0.986 0.001 0.002 0.000 0.000 0.000 0.000 0.011 0.000
0.985 0.001 0.002 0.000 0.000 0.000 0.000 0.012 0.000
0.985 0.001 0.002 0.000 0.000 0.000 0.000 0.012 0.000
0.988 0.002 0.003 0.000 0.000 0.000 0.000 0.007 0.000
0.992 0.002 0.002 0.000 0.000 0.000 0.000 0.004 0.000
0.990 0.006 0.003 0.000 0.000 0.000 0.000 0.001 0.000
0.991 0.007 0.002 0.000 0.000 0.000 0.000 0.001 0.000
0.992 0.006 0.001 0.000 0.000 0.000 0.000 0.001 0.000
0.992 0.006 0.001 0.000 0.000 0.000 0.000 0.001 0.000
0.992 0.006 0.001 0.000 0.000 0.000 0.000 0.001 0.000
0.992 0.006 0.001 0.000 0.000 0.000 0.000 0.001 0.000
0.993 0.005 0.001 0.000 0.000 0.000 0.000 0.001 0.000
0.993 0.005 0.001 0.000 0.000 0.000 0.000 0.001 0.000
0.993 0.005 0.001 0.000 0.000 0.000 0.000 0.001 0.000
0.594 0.405 0.000 0.000 0.000 0.000 0.000 0.001 0.000
0.551 0.449 0.000 0.000 0.000 0.000 0.000 0.000 0.000
0.496 0.504 0.000 0.000 0.000 0.000 0.000 0.000 0.000
0.939 0.006 0.002 0.000 0.000 0.000 0.000 0.053 0.000
0.948 0.005 0.002 0.000 0.000 0.000 0.000 0.045 0.000
0.938 0.004 0.002 0.000 0.000 0.000 0.000 0.056 0.000
0.946 0.003 0.002 0.000 0.000 0.000 0.000 0.049 0.000
0.947 0.003 0.002 0.000 0.000 0.000 0.000 0.048 0.000
0.968 0.002 0.002 0.000 0.000 0.000 0.000 0.028 0.000
0.964 0.002 0.002 0.000 0.000 0.000 0.000 0.032 0.000
0.980 0.001 0.002 0.000 0.000 0.000 0.000 0.017 0.000
0.978 0.001 0.003 0.000 0.000 0.000 0.000 0.018 0.000
0.980 0.001 0.003 0.000 0.000 0.000 0.000 0.016 0.000
0.986 0.002 0.003 0.000 0.000 0.000 0.000 0.009 0.000
0.982 0.002 0.004 0.000 0.000 0.000 0.000 0.012 0.000
0.988 0.009 0.002 0.000 0.000 0.000 0.000 0.001 0.000
0.991 0.007 0.001 0.000 0.000 0.000 0.000 0.001 0.000
0.992 0.006 0.001 0.000 0.000 0.000 0.000 0.001 0.000
0.991 0.006 0.001 0.000 0.000 0.000 0.000 0.001 0.000
0.990 0.008 0.001 0.000 0.000 0.000 0.000 0.001 0.000
0.991 0.007 0.001 0.000 0.000 0.000 0.000 0.001 0.000
0.992 0.007 0.001 0.000 0.000 0.000 0.000 0.001 0.000
0.992 0.006 0.001 0.000 0.000 0.000 0.000 0.001 0.000
0.992 0.006 0.001 0.000 0.000 0.000 0.000 0.002 0.000
0.433 0.565 0.000 0.000 0.000 0.000 0.000 0.001 0.000
0.518 0.482 0.000 0.000 0.000 0.000 0.000 0.000 0.000
0.480 0.520 0.000 0.000 0.000 0.000 0.000 0.000 0.000
0.888 0.007 0.002 0.000 0.000 0.000 0.000 0.103 0.000
0.912 0.007 0.002 0.000 0.000 0.000 0.000 0.079 0.000
0.935 0.006 0.002 0.000 0.000 0.000 0.000 0.057 0.000
0.924 0.004 0.003 0.000 0.000 0.000 0.000 0.070 0.000
0.928 0.003 0.003 0.000 0.000 0.000 0.000 0.066 0.000
0.946 0.003 0.002 0.000 0.000 0.000 0.000 0.049 0.000
0.951 0.003 0.002 0.000 0.000 0.000 0.000 0.044 0.000
0.951 0.002 0.002 0.000 0.000 0.000 0.000 0.044 0.000
0.972 0.001 0.003 0.000 0.000 0.000 0.000 0.024 0.000
0.969 0.001 0.003 0.000 0.000 0.000 0.000 0.026 0.000
0.966 0.001 0.004 0.000 0.000 0.000 0.000 0.029 0.000
0.964 0.001 0.004 0.000 0.000 0.000 0.000 0.031 0.000
0.966 0.002 0.005 0.000 0.000 0.000 0.000 0.027 0.000
0.985 0.011 0.002 0.000 0.000 0.000 0.000 0.002 0.000
0.986 0.010 0.001 0.000 0.000 0.000 0.000 0.002 0.000
0.990 0.007 0.001 0.000 0.000 0.000 0.000 0.002 0.000
0.990 0.007 0.001 0.000 0.000 0.000 0.000 0.002 0.000
0.989 0.008 0.001 0.000 0.000 0.000 0.000 0.002 0.000
0.991 0.007 0.001 0.000 0.000 0.000 0.000 0.002 0.000
0.486 0.513 0.000 0.000 0.000 0.000 0.000 0.001 0.000
0.438 0.562 0.000 0.000 0.000 0.000 0.000 0.000 0.000
0.386 0.614 0.000 0.000 0.000 0.000 0.000 0.000 0.000
0.821 0.009 0.002 0.000 0.000 0.000 0.000 0.168 0.000
0.854 0.009 0.002 0.000 0.000 0.000 0.000 0.135 0.000
0.872 0.008 0.002 0.000 0.000 0.000 0.000 0.118 0.000
0.885 0.004 0.003 0.000 0.000 0.000 0.000 0.108 0.000
0.908 0.003 0.003 0.000 0.000 0.000 0.000 0.085 0.000
0.919 0.003 0.003 0.000 0.000 0.000 0.000 0.075 0.000
0.929 0.003 0.003 0.000 0.000 0.000 0.000 0.065 0.000
0.932 0.002 0.003 0.000 0.000 0.000 0.000 0.063 0.000
0.927 0.002 0.003 0.000 0.000 0.000 0.000 0.068 0.000
0.964 0.001 0.003 0.000 0.000 0.000 0.000 0.032 0.000
0.965 0.001 0.003 0.000 0.000 0.000 0.000 0.031 0.000
0.957 0.001 0.004 0.000 0.000 0.000 0.000 0.038 0.000
0.961 0.001 0.004 0.000 0.000 0.000 0.000 0.034 0.000
0.971 0.001 0.004 0.000 0.000 0.000 0.000 0.024 0.000
0.977 0.002 0.004 0.000 0.000 0.000 0.000 0.016 0.000
0.990 0.008 0.001 0.000 0.000 0.000 0.000 0.002 0.000
0.990 0.007 0.001 0.000 0.000 0.000 0.000 0.002 0.000
0.991 0.006 0.001 0.000 0.000 0.000 0.000 0.002 0.000
0.989 0.008 0.000 0.000 0.000 0.000 0.000 0.002 0.000
0.989 0.008 0.000 0.000 0.000 0.000 0.000 0.002 0.000
0.385 0.614 0.000 0.000 0.000 0.000 0.000 0.001 0.000
0.412 0.588 0.000 0.000 0.000 0.000 0.000 0.000 0.000
0.379 0.620 0.000 0.000 0.000 0.000 0.000 0.000 0.000
0.780 0.011 0.002 0.000 0.000 0.000 0.000 0.207 0.000
0.807 0.011 0.002 0.000 0.000 0.000 0.000 0.181 0.000
0.869 0.004 0.003 0.000 0.000 0.000 0.000 0.125 0.000
0.887 0.004 0.003 0.000 0.000 0.000 0.000 0.107 0.000
0.900 0.003 0.003 0.000 0.000 0.000 0.000 0.094 0.000
0.905 0.003 0.003 0.000 0.000 0.000 0.000 0.090 0.000
0.891 0.002 0.003 0.000 0.000 0.000 0.000 0.103 0.000
0.892 0.002 0.003 0.000 0.000 0.000 0.000 0.102 0.000
0.860 0.003 0.004 0.000 0.000 0.000 0.000 0.133 0.000
0.963 0.001 0.003 0.000 0.000 0.000 0.000 0.033 0.000
0.960 0.001 0.004 0.000 0.000 0.000 0.000 0.036 0.000
0.960 0.001 0.004 0.000 0.000 0.000 0.000 0.035 0.000
0.963 0.001 0.004 0.000 0.000 0.000 0.000 0.031 0.000
0.971 0.002 0.005 0.000 0.000 0.000 0.000 0.023 0.000
0.976 0.002 0.004 0.000 0.000 0.000 0.000 0.017 0.000
0.989 0.008 0.001 0.000 0.000 0.000 0.000 0.002 0.000
0.990 0.007 0.001 0.000 0.000 0.000 0.000 0.002 0.000
0.987 0.010 0.000 0.000 0.000 0.000 0.000 0.002 0.000
0.987 0.010 0.000 0.000 0.000 0.000 0.000 0.002 0.000
0.989 0.008 0.000 0.000 0.000 0.000 0.000 0.003 0.000
0.234 0.765 0.000 0.000 0.000 0.000 0.000 0.001 0.000
0.390 0.610 0.000 0.000 0.000 0.000 0.000 0.000 0.000
0.340 0.659 0.000 0.000 0.000 0.000 0.000 0.000 0.000
0.690 0.014 0.002 0.000 0.000 0.000 0.000 0.295 0.000
0.720 0.013 0.002 0.000 0.000 0.000 0.000 0.266 0.000
0.745 0.012 0.002 0.000 0.000 0.000 0.000 0.242 0.000
0.864 0.003 0.003 0.000 0.000 0.000 0.000 0.130 0.000
0.864 0.003 0.003 0.000 0.000 0.000 0.000 0.130 0.000
0.860 0.003 0.003 0.000 0.000 0.000 0.000 0.134 0.000
0.809 0.002 0.004 0.000 0.000 0.000 0.000 0.185 0.000
0.931 0.002 0.003 0.000 0.000 0.000 0.000 0.064 0.000
0.980 0.002 0.002 0.000 0.000 0.000 0.000 0.016 0.000
0.955 0.001 0.004 0.000 0.000 0.000 0.000 0.040 0.000
0.952 0.001 0.004 0.000 0.000 0.000 0.000 0.043 0.000
0.953 0.001 0.004 0.000 0.000 0.000 0.000 0.042 0.000
0.953 0.001 0.004 0.000 0.000 0.000 0.000 0.042 0.000
0.961 0.001 0.005 0.000 0.000 0.000 0.000 0.033 0.000
0.961 0.001 0.005 0.000 0.000 0.000 0.000 0.032 0.000
0.988 0.009 0.001 0.000 0.000 0.000 0.000 0.002 0.000
0.985 0.010 0.001 0.000 0.000 0.000 0.000 0.004 0.000
0.985 0.011 0.000 0.000 0.000 0.000 0.000 0.004 0.000
0.985 0.011 0.000 0.000 0.000 0.000 0.000 0.003 0.000
0.985 0.011 0.000 0.000 0.000 0.000 0.000 0.003 0.000
0.318 0.681 0.000 0.000 0.000 0.000 0.000 0.001 0.000
0.298 0.702 0.000 0.000 0.000 0.000 0.000 0.000 0.000
0.278 0.721 0.000 0.000 0.000 0.000 0.000 0.000 0.000
0.556 0.017 0.002 0.000 0.000 0.000 0.000 0.426 0.000
0.611 0.015 0.002 0.000 0.000 0.000 0.000 0.371 0.000
0.653 0.014 0.002 0.000 0.000 0.000 0.000 0.331 0.000
0.813 0.003 0.004 0.000 0.000 0.000 0.000 0.181 0.000
0.786 0.003 0.004 0.000 0.000 0.000 0.000 0.208 0.000
0.863 0.003 0.003 0.000 0.000 0.000 0.000 0.130 0.000
0.905 0.004 0.003 0.000 0.000 0.000 0.000 0.087 0.000
0.905 0.004 0.004 0.000 0.000 0.000 0.000 0.088 0.000
0.802 0.002 0.005 0.000 0.000 0.000 0.000 0.191 0.000
0.949 0.001 0.004 0.000 0.000 0.000 0.000 0.046 0.000
0.943 0.001 0.004 0.000 0.000 0.000 0.000 0.052 0.000
0.942 0.001 0.005 0.000 0.000 0.000 0.000 0.052 0.000
0.945 0.001 0.005 0.000 0.000 0.000 0.000 0.049 0.000
0.951 0.001 0.006 0.000 0.000 0.000 0.000 0.042 0.000
0.984 0.010 0.001 0.000 0.000 0.000 0.000 0.005 0.000
0.983 0.011 0.000 0.000 0.000 0.000 0.000 0.006 0.000
0.983 0.012 0.000 0.000 0.000 0.000 0.000 0.004 0.000
0.983 0.012 0.000 0.000 0.000 0.000 0.000 0.004 0.000
0.982 0.013 0.000 0.000 0.000 0.000 0.000 0.004 0.000
0.195 0.803 0.000 0.000 0.000 0.000 0.000 0.001 0.000
0.293 0.707 0.000 0.000 0.000 0.000 0.000 0.000 0.000
0.257 0.743 0.000 0.000 0.000 0.000 0.000 0.000 0.000
0.503 0.016 0.002 0.000 0.000 0.000 0.000 0.479 0.000
0.514 0.015 0.002 0.000 0.000 0.000 0.000 0.469 0.000
0.545 0.015 0.002 0.000 0.000 0.000 0.000 0.438 0.000
0.803 0.003 0.004 0.000 0.000 0.000 0.000 0.190 0.000
0.809 0.003 0.004 0.000 0.000 0.000 0.000 0.184 0.000
0.784 0.003 0.004 0.000 0.000 0.000 0.000 0.209 0.000
0.770 0.002 0.004 0.000 0.000 0.000 0.000 0.223 0.000
0.772 0.002 0.004 0.000 0.000 0.000 0.000 0.221 0.000
0.793 0.002 0.005 0.000 0.000 0.000 0.000 0.200 0.000
0.933 0.001 0.005 0.000 0.000 0.000 0.000 0.062 0.000
0.933 0.001 0.005 0.000 0.000 0.000 0.000 0.061 0.000
0.932 0.001 0.005 0.000 0.000 0.000 0.000 0.062 0.000
0.938 0.001 0.006 0.000 0.000 0.000 0.000 0.055 0.000
0.985 0.011 0.000 0.000 0.000 0.000 0.000 0.004 0.000
0.986 0.009 0.000 0.000 0.000 0.000 0.000 0.004 0.000
0.985 0.009 0.000 0.000 0.000 0.000 0.000 0.005 0.000
0.984 0.009 0.000 0.000 0.000 0.000 0.000 0.006 0.000
0.979 0.012 0.000 0.000 0.000 0.000 0.000 0.008 0.000
0.979 0.013 0.000 0.000 0.000 0.000 0.000 0.007 0.000
0.980 0.013 0.000 0.000 0.000 0.000 0.000 0.006 0.000
0.979 0.014 0.000 0.000 0.000 0.000 0.000 0.006 0.000
0.259 0.740 0.000 0.000 0.000 0.000 0.000 0.001 0.000
0.217 0.783 0.000 0.000 0.000 0.000 0.000 0.000 0.000
0.192 0.808 0.000 0.000 0.000 0.000 0.000 0.000 0.000
0.386 0.021 0.001 0.000 0.000 0.000 0.000 0.592 0.000
0.440 0.020 0.001 0.000 0.000 0.000 0.000 0.539 0.000
0.440 0.017 0.001 0.000 0.000 0.000 0.000 0.541 0.000
0.777 0.003 0.004 0.000 0.000 0.000 0.000 0.216 0.000
0.756 0.002 0.004 0.000 0.000 0.000 0.000 0.238 0.000
0.743 0.002 0.004 0.000 0.000 0.000 0.000 0.251 0.000
0.760 0.002 0.005 0.000 0.000 0.000 0.000 0.233 0.000
0.927 0.001 0.005 0.000 0.000 0.000 0.000 0.067 0.000
0.921 0.001 0.005 0.000 0.000 0.000 0.000 0.074 0.000
0.925 0.001 0.005 0.000 0.000 0.000 0.000 0.069 0.000
0.926 0.001 0.006 0.000 0.000 0.000 0.000 0.067 0.000
0.922 0.001 0.006 0.000 0.000 0.000 0.000 0.070 0.000
0.984 0.011 0.000 0.000 0.000 0.000 0.000 0.005 0.000
0.983 0.011 0.000 0.000 0.000 0.000 0.000 0.006 0.000
0.979 0.011 0.000 0.000 0.000 0.000 0.000 0.009 0.000
0.977 0.012 0.000 0.000 0.000 0.000 0.000 0.010 0.000
0.975 0.015 0.000 0.000 0.000 0.000 0.000 0.009 0.000
0.976 0.016 0.000 0.000 0.000 0.000 0.000 0.008 0.000
0.974 0.018 0.000 0.000 0.000 0.000 0.000 0.008 0.000
0.184 0.815 0.000 0.000 0.000 0.000 0.000 0.001 0.000
0.211 0.789 0.000 0.000 0.000 0.000 0.000 0.000 0.000
0.178 0.821 0.000 0.000 0.000 0.000 0.000 0.000 0.000
0.263 0.021 0.001 0.000 0.000 0.000 0.000 0.715 0.000
0.329 0.022 0.001 0.000 0.000 0.000 0.000 0.648 0.000
0.349 0.020 0.001 0.000 0.000 0.000 0.000 0.630 0.000
0.715 0.002 0.004 0.000 0.000 0.000 0.000 0.279 0.000
0.685 0.002 0.005 0.000 0.000 0.000 0.000 0.308 0.000
0.699 0.002 0.005 0.000 0.000 0.000 0.000 0.294 0.000
0.746 0.002 0.005 0.000 0.000 0.000 0.000 0.247 0.000
0.919 0.001 0.005 0.000 0.000 0.000 0.000 0.075 0.000
0.922 0.001 0.005 0.000 0.000 0.000 0.000 0.072 0.000
0.896 0.001 0.007 0.000 0.000 0.000 0.000 0.097 0.000
0.860 0.001 0.008 0.000 0.000 0.000 0.000 0.131 0.000
0.981 0.012 0.000 0.000 0.000 0.000 0.000 0.007 0.000
0.979 0.011 0.000 0.000 0.000 0.000 0.000 0.009 0.000
0.978 0.012 0.000 0.000 0.000 0.000 0.000 0.010 0.000
0.973 0.014 0.000 0.000 0.000 0.000 0.000 0.013 0.000
0.969 0.017 0.000 0.000 0.000 0.000 0.000 0.013 0.000
0.970 0.018 0.000 0.000 0.000 0.000 0.000 0.012 0.000
0.969 0.022 0.000 0.000 0.000 0.000 0.000 0.009 0.000
0.195 0.805 0.000 0.000 0.000 0.000 0.000 0.000 0.000
0.155 0.844 0.000 0.000 0.000 0.000 0.000 0.000 0.000
0.112 0.888 0.000 0.000 0.000 0.000 0.000 0.000 0.000
0.226 0.021 0.001 0.000 0.000 0.000 0.000 0.752 0.000
0.261 0.022 0.001 0.000 0.000 0.000 0.000 0.717 0.000
0.707 0.002 0.004 0.000 0.000 0.000 0.000 0.287 0.000
0.653 0.002 0.005 0.000 0.000 0.000 0.000 0.340 0.000
0.669 0.002 0.005 0.000 0.000 0.000 0.000 0.325 0.000
0.717 0.002 0.005 0.000 0.000 0.000 0.000 0.275 0.000
0.759 0.002 0.005 0.000 0.000 0.000 0.000 0.234 0.000
0.871 0.000 0.006 0.000 0.000 0.000 0.000 0.122 0.000
0.894 0.001 0.006 0.000 0.000 0.000 0.000 0.099 0.000
0.978 0.012 0.000 0.000 0.000 0.000 0.000 0.009 0.000
0.975 0.014 0.000 0.000 0.000 0.000 0.000 0.010 0.000
0.972 0.014 0.000 0.000 0.000 0.000 0.000 0.014 0.000
0.966 0.016 0.000 0.000 0.000 0.000 0.000 0.018 0.000
0.962 0.019 0.000 0.000 0.000 0.000 0.000 0.018 0.000
0.957 0.026 0.000 0.000 0.000 0.000 0.000 0.017 0.000
0.953 0.031 0.000 0.000 0.000 0.000 0.000 0.015 0.000
0.958 0.032 0.000 0.000 0.000 0.000 0.000 0.010 0.000
0.137 0.861 0.000 0.000 0.000 0.000 0.000 0.001 0.000
0.134 0.866 0.000 0.000 0.000 0.000 0.000 0.000 0.000
0.123 0.877 0.000 0.000 0.000 0.000 0.000 0.000 0.000
0.159 0.023 0.001 0.000 0.000 0.000 0.000 0.817 0.000
0.192 0.023 0.001 0.000 0.000 0.000 0.000 0.784 0.000
0.203 0.022 0.001 0.000 0.000 0.000 0.000 0.774 0.000
0.644 0.002 0.004 0.000 0.000 0.000 0.000 0.350 0.000
0.639 0.002 0.005 0.000 0.000 0.000 0.000 0.354 0.000
0.667 0.002 0.005 0.000 0.000 0.000 0.000 0.326 0.000
0.694 0.002 0.005 0.000 0.000 0.000 0.000 0.299 0.000
0.871 0.001 0.007 0.000 0.000 0.000 0.000 0.122 0.000
0.865 0.001 0.007 0.000 0.000 0.000 0.000 0.128 0.000
0.858 0.001 0.007 0.000 0.000 0.000 0.000 0.134 0.000
0.975 0.013 0.000 0.000 0.000 0.000 0.000 0.011 0.000
0.971 0.014 0.000 0.000 0.000 0.000 0.000 0.014 0.000
0.967 0.015 0.000 0.000 0.000 0.000 0.000 0.017 0.000
0.960 0.017 0.000 0.000 0.000 0.000 0.000 0.023 0.000
0.926 0.030 0.000 0.000 0.000 0.000 0.000 0.043 0.000
0.948 0.027 0.000 0.000 0.000 0.000 0.000 0.025 0.000
0.956 0.031 0.000 0.000 0.000 0.000 0.000 0.013 0.000
0.950 0.038 0.000 0.000 0.000 0.000 0.000 0.012 0.000
0.143 0.857 0.000 0.000 0.000 0.000 0.000 0.000 0.000
0.108 0.892 0.000 0.000 0.000 0.000 0.000 0.000 0.000
0.074 0.926 0.000 0.000 0.000 0.000 0.000 0.000 0.000
0.146 0.025 0.001 0.000 0.000 0.000 0.000 0.829 0.000
0.154 0.023 0.001 0.000 0.000 0.000 0.000 0.823 0.000
0.615 0.002 0.004 0.000 0.000 0.000 0.000 0.379 0.000
0.645 0.002 0.004 0.000 0.000 0.000 0.000 0.349 0.000
0.628 0.002 0.005 0.000 0.000 0.000 0.000 0.366 0.000
0.636 0.002 0.005 0.000 0.000 0.000 0.000 0.357 0.000
0.500 0.001 0.005 0.000 0.000 0.000 0.000 0.493 0.000
0.823 0.001 0.007 0.000 0.000 0.000 0.000 0.169 0.000
0.840 0.001 0.007 0.000 0.000 0.000 0.000 0.152 0.000
0.826 0.001 0.008 0.000 0.000 0.000 0.000 0.166 0.000
0.791 0.001 0.008 0.000 0.000 0.000 0.000 0.201 0.000
0.965 0.016 0.000 0.000 0.000 0.000 0.000 0.018 0.000
0.960 0.016 0.000 0.000 0.000 0.000 0.000 0.023 0.000
0.933 0.017 0.000 0.000 0.000 0.000 0.000 0.050 0.000
0.944 0.025 0.000 0.000 0.000 0.000 0.000 0.031 0.000
0.947 0.034 0.000 0.000 0.000 0.000 0.000 0.019 0.000
0.945 0.039 0.000 0.000 0.000 0.000 0.000 0.016 0.000
0.121 0.879 0.000 0.000 0.000 0.000 0.000 0.001 0.000
0.087 0.912 0.000 0.000 0.000 0.000 0.000 0.000 0.000
0.077 0.923 0.000 0.000 0.000 0.000 0.000 0.000 0.000
0.126 0.027 0.000 0.000 0.000 0.000 0.000 0.846 0.000
0.132 0.027 0.001 0.000 0.000 0.000 0.000 0.841 0.000
0.130 0.024 0.001 0.000 0.000 0.000 0.000 0.846 0.000
0.629 0.002 0.004 0.000 0.000 0.000 0.000 0.364 0.000
0.464 0.001 0.005 0.000 0.000 0.000 0.000 0.530 0.000
0.441 0.001 0.005 0.000 0.000 0.000 0.000 0.554 0.000
0.661 0.001 0.005 0.000 0.000 0.000 0.000 0.334 0.000
0.273 0.000 0.004 0.000 0.000 0.000 0.000 0.722 0.000
0.605 0.001 0.008 0.000 0.000 0.000 0.000 0.386 0.000
0.714 0.001 0.008 0.000 0.000 0.000 0.000 0.277 0.000
0.745 0.001 0.008 0.000 0.000 0.000 0.000 0.246 0.000
0.777 0.001 0.008 0.000 0.000 0.000 0.000 0.214 0.000
0.801 0.001 0.008 0.000 0.000 0.000 0.000 0.191 0.000
0.806 0.001 0.008 0.000 0.000 0.000 0.000 0.186 0.000
0.733 0.000 0.009 0.000 0.000 0.000 0.000 0.257 0.000
0.952 0.019 0.000 0.000 0.000 0.000 0.000 0.029 0.000
0.948 0.025 0.000 0.000 0.000 0.000 0.000 0.027 0.000
0.936 0.035 0.000 0.000 0.000 0.000 0.000 0.029 0.000
0.932 0.043 0.000 0.000 0.000 0.000 0.000 0.024 0.000
0.935 0.047 0.000 0.000 0.000 0.000 0.000 0.018 0.000
0.926 0.058 0.000 0.000 0.000 0.000 0.000 0.015 0.000
0.064 0.934 0.000 0.000 0.000 0.000 0.000 0.001 0.000
0.088 0.911 0.000 0.000 0.000 0.000 0.000 0.000 0.000
0.071 0.929 0.000 0.000 0.000 0.000 0.000 0.000 0.000
0.034 0.965 0.000 0.000 0.000 0.000 0.000 0.000 0.000
0.106 0.039 0.000 0.000 0.000 0.000 0.000 0.854 0.000
0.111 0.030 0.000 0.000 0.000 0.000 0.000 0.858 0.000
0.105 0.026 0.000 0.000 0.000 0.000 0.000 0.868 0.000
0.605 0.002 0.004 0.000 0.000 0.000 0.000 0.388 0.000
0.660 0.002 0.005 0.000 0.000 0.000 0.000 0.333 0.000
0.601 0.002 0.005 0.000 0.000 0.000 0.000 0.392 0.000
0.604 0.001 0.005 0.000 0.000 0.000 0.000 0.389 0.000
0.347 0.000 0.005 0.000 0.000 0.000 0.000 0.648 0.000
0.281 0.000 0.005 0.000 0.000 0.000 0.000 0.714 0.000
0.468 0.001 0.006 0.000 0.000 0.000 0.000 0.526 0.000
0.493 0.001 0.006 0.000 0.000 0.000 0.000 0.500 0.000
0.547 0.001 0.007 0.000 0.000 0.000 0.000 0.445 0.000
0.544 0.001 0.007 0.000 0.000 0.000 0.000 0.447 0.000
0.565 0.001 0.008 0.000 0.000 0.000 0.000 0.426 0.000
0.641 0.001 0.008 0.000 0.000 0.000 0.000 0.349 0.000
0.713 0.001 0.008 0.000 0.000 0.000 0.000 0.278 0.000
0.739 0.001 0.008 0.000 0.000 0.000 0.000 0.252 0.000
0.747 0.001 0.008 0.000 0.000 0.000 0.000 0.244 0.000
0.733 0.001 0.009 0.000 0.000 0.000 0.000 0.257 0.000
0.947 0.026 0.000 0.000 0.000 0.000 0.000 0.026 0.000
0.934 0.032 0.000 0.000 0.000 0.000 0.000 0.034 0.000
0.923 0.042 0.000 0.000 0.000 0.000 0.000 0.034 0.000
0.919 0.053 0.000 0.000 0.000 0.000 0.000 0.028 0.000
0.921 0.057 0.000 0.000 0.000 0.000 0.000 0.021 0.000
0.910 0.072 0.000 0.000 0.000 0.000 0.000 0.017 0.000
0.084 0.916 0.000 0.000 0.000 0.000 0.000 0.000 0.000
0.061 0.939 0.000 0.000 0.000 0.000 0.000 0.000 0.000
0.049 0.951 0.000 0.000 0.000 0.000 0.000 0.000 0.000
0.085 0.028 0.000 0.000 0.000 0.000 0.000 0.887 0.000
0.095 0.030 0.000 0.000 0.000 0.000 0.000 0.874 0.000
0.086 0.026 0.000 0.000 0.000 0.000 0.000 0.888 0.000
0.523 0.002 0.005 0.000 0.000 0.000 0.000 0.471 0.000
0.544 0.001 0.005 0.000 0.000 0.000 0.000 0.449 0.000
0.531 0.001 0.005 0.000 0.000 0.000 0.000 0.463 0.000
0.508 0.001 0.006 0.000 0.000 0.000 0.000 0.485 0.000
0.521 0.001 0.006 0.000 0.000 0.000 0.000 0.472 0.000
0.505 0.001 0.006 0.000 0.000 0.000 0.000 0.488 0.000
0.516 0.001 0.007 0.000 0.000 0.000 0.000 0.476 0.000
0.492 0.001 0.007 0.000 0.000 0.000 0.000 0.500 0.000
0.547 0.001 0.008 0.000 0.000 0.000 0.000 0.444 0.000
0.588 0.001 0.008 0.000 0.000 0.000 0.000 0.403 0.000
0.664 0.001 0.008 0.000 0.000 0.000 0.000 0.327 0.000
0.682 0.001 0.008 0.000 0.000 0.000 0.000 0.309 0.000
0.668 0.001 0.008 0.000 0.000 0.000 0.000 0.322 0.000
0.658 0.000 0.009 0.000 0.000 0.000 0.000 0.333 0.000
0.934 0.033 0.000 0.000 0.000 0.000 0.000 0.033 0.000
0.925 0.038 0.000 0.000 0.000 0.000 0.000 0.037 0.000
0.911 0.050 0.000 0.000 0.000 0.000 0.000 0.038 0.000
0.902 0.068 0.000 0.000 0.000 0.000 0.000 0.030 0.000
0.900 0.075 0.000 0.000 0.000 0.000 0.000 0.025 0.000
0.898 0.083 0.000 0.000 0.000 0.000 0.000 0.019 0.000
0.054 0.944 0.000 0.000 0.000 0.000 0.000 0.002 0.000
0.057 0.943 0.000 0.000 0.000 0.000 0.000 0.000 0.000
0.047 0.953 0.000 0.000 0.000 0.000 0.000 0.000 0.000
0.081 0.034 0.000 0.000 0.000 0.000 0.000 0.885 0.000
0.075 0.030 0.000 0.000 0.000 0.000 0.000 0.895 0.000
0.431 0.001 0.005 0.000 0.000 0.000 0.000 0.563 0.000
0.464 0.001 0.005 0.000 0.000 0.000 0.000 0.529 0.000
0.475 0.001 0.005 0.000 0.000 0.000 0.000 0.519 0.000
0.492 0.001 0.006 0.000 0.000 0.000 0.000 0.501 0.000
0.471 0.001 0.006 0.000 0.000 0.000 0.000 0.522 0.000
0.450 0.001 0.007 0.000 0.000 0.000 0.000 0.542 0.000
0.471 0.001 0.007 0.000 0.000 0.000 0.000 0.521 0.000
0.515 0.001 0.008 0.000 0.000 0.000 0.000 0.477 0.000
0.559 0.001 0.008 0.000 0.000 0.000 0.000 0.432 0.000
0.594 0.001 0.008 0.000 0.000 0.000 0.000 0.397 0.000
0.629 0.001 0.008 0.000 0.000 0.000 0.000 0.362 0.000
0.647 0.001 0.009 0.000 0.000 0.000 0.000 0.344 0.000
0.927 0.039 0.000 0.000 0.000 0.000 0.000 0.034 0.000
0.913 0.046 0.000 0.000 0.000 0.000 0.000 0.041 0.000
0.886 0.066 0.000 0.000 0.000 0.000 0.000 0.048 0.000
0.879 0.082 0.000 0.000 0.000 0.000 0.000 0.038 0.000
0.886 0.089 0.000 0.000 0.000 0.000 0.000 0.025 0.000
0.875 0.104 0.000 0.000 0.000 0.000 0.000 0.021 0.000
0.060 0.940 0.000 0.000 0.000 0.000 0.000 0.000 0.000
0.041 0.959 0.000 0.000 0.000 0.000 0.000 0.000 0.000
0.025 0.974 0.000 0.000 0.000 0.000 0.000 0.000 0.000
0.063 0.033 0.000 0.000 0.000 0.000 0.000 0.904 0.000
0.067 0.035 0.000 0.000 0.000 0.000 0.000 0.898 0.000
0.055 0.028 0.000 0.000 0.000 0.000 0.000 0.917 0.000
0.439 0.001 0.007 0.000 0.000 0.000 0.000 0.553 0.000
0.470 0.001 0.007 0.000 0.000 0.000 0.000 0.522 0.000
0.537 0.001 0.008 0.000 0.000 0.000 0.000 0.454 0.000
0.576 0.001 0.008 0.000 0.000 0.000 0.000 0.415 0.000
0.571 0.001 0.008 0.000 0.000 0.000 0.000 0.419 0.000
0.559 0.000 0.009 0.000 0.000 0.000 0.000 0.431 0.000
0.913 0.047 0.000 0.000 0.000 0.000 0.000 0.040 0.000
0.891 0.057 0.000 0.000 0.000 0.000 0.000 0.052 0.000
0.872 0.073 0.000 0.000 0.000 0.000 0.000 0.055 0.000
0.856 0.102 0.000 0.000 0.000 0.000 0.000 0.041 0.000
0.863 0.106 0.000 0.000 0.000 0.000 0.000 0.030 0.000
0.850 0.126 0.000 0.000 0.000 0.000 0.000 0.024 0.000
0.046 0.953 0.000 0.000 0.000 0.000 0.000 0.000 0.000
0.037 0.963 0.000 0.000 0.000 0.000 0.000 0.000 0.000
0.032 0.967 0.000 0.000 0.000 0.000 0.000 0.000 0.000
0.061 0.038 0.000 0.000 0.000 0.000 0.000 0.901 0.000
0.054 0.032 0.000 0.000 0.000 0.000 0.000 0.913 0.000
0.514 0.001 0.007 0.000 0.000 0.000 0.000 0.478 0.000
0.542 0.001 0.008 0.000 0.000 0.000 0.000 0.450 0.000
0.497 0.000 0.008 0.000 0.000 0.000 0.000 0.495 0.000
0.491 0.000 0.009 0.000 0.000 0.000 0.000 0.499 0.000
0.894 0.055 0.000 0.000 0.000 0.000 0.000 0.050 0.000
0.881 0.067 0.000 0.000 0.000 0.000 0.000 0.051 0.000
0.845 0.093 0.000 0.000 0.000 0.000 0.000 0.061 0.000
0.836 0.118 0.000 0.000 0.000 0.000 0.000 0.046 0.000
0.840 0.127 0.000 0.000 0.000 0.000 0.000 0.032 0.000
0.822 0.152 0.000 0.000 0.000 0.000 0.000 0.025 0.000
0.037 0.963 0.000 0.000 0.000 0.000 0.000 0.000 0.000
0.028 0.972 0.000 0.000 0.000 0.000 0.000 0.000 0.000
0.049 0.041 0.000 0.000 0.000 0.000 0.000 0.910 0.000
0.052 0.041 0.000 0.000 0.000 0.000 0.000 0.907 0.000
0.043 0.033 0.000 0.000 0.000 0.000 0.000 0.924 0.000
0.465 0.001 0.007 0.001 0.000 0.000 0.000 0.527 0.000
0.478 0.001 0.007 0.000 0.000 0.000 0.000 0.514 0.000
0.480 0.001 0.008 0.001 0.000 0.000 0.000 0.511 0.000
0.481 0.001 0.008 0.001 0.000 0.000 0.000 0.509 0.000
0.881 0.071 0.000 0.000 0.000 0.000 0.000 0.048 0.000
0.850 0.084 0.000 0.000 0.000 0.000 0.000 0.065 0.000
0.825 0.112 0.000 0.000 0.000 0.000 0.000 0.063 0.000
0.813 0.140 0.000 0.000 0.000 0.000 0.000 0.047 0.000
0.812 0.153 0.000 0.000 0.000 0.000 0.000 0.035 0.000
0.789 0.184 0.000 0.000 0.000 0.000 0.000 0.027 0.000
0.035 0.965 0.000 0.000 0.000 0.000 0.000 0.000 0.000
0.023 0.977 0.000 0.000 0.000 0.000 0.000 0.000 0.000
0.020 0.980 0.000 0.000 0.000 0.000 0.000 0.000 0.000
0.043 0.044 0.000 0.000 0.000 0.000 0.000 0.913 0.000
0.040 0.039 0.000 0.000 0.000 0.000 0.000 0.921 0.000
0.430 0.001 0.007 0.001 0.000 0.000 0.000 0.562 0.000
0.445 0.001 0.007 0.001 0.000 0.000 0.000 0.547 0.000
0.449 0.001 0.007 0.001 0.000 0.000 0.000 0.542 0.000
0.430 0.000 0.008 0.001 0.000 0.000 0.000 0.561 0.000
0.484 0.000 0.008 0.001 0.000 0.000 0.000 0.507 0.000
0.443 0.001 0.009 0.001 0.000 0.000 0.000 0.546 0.000
0.855 0.085 0.000 0.000 0.000 0.000 0.000 0.059 0.000
0.838 0.098 0.000 0.000 0.000 0.000 0.000 0.063 0.000
0.806 0.129 0.000 0.000 0.000 0.000 0.000 0.065 0.000
0.790 0.161 0.000 0.000 0.000 0.000 0.000 0.049 0.000
0.785 0.174 0.000 0.000 0.000 0.000 0.000 0.041 0.000
0.785 0.185 0.000 0.000 0.000 0.000 0.000 0.030 0.000
0.024 0.975 0.000 0.000 0.000 0.000 0.000 0.000 0.000
0.026 0.974 0.000 0.000 0.000 0.000 0.000 0.000 0.000
0.019 0.981 0.000 0.000 0.000 0.000 0.000 0.000 0.000
0.039 0.049 0.000 0.000 0.000 0.000 0.000 0.912 0.000
0.034 0.045 0.000 0.000 0.000 0.000 0.000 0.920 0.000
0.029 0.035 0.000 0.000 0.000 0.000 0.000 0.936 0.000
0.357 0.001 0.006 0.001 0.000 0.000 0.000 0.635 0.000
0.390 0.001 0.006 0.001 0.000 0.000 0.000 0.602 0.000
0.423 0.001 0.007 0.001 0.000 0.000 0.000 0.568 0.000
0.453 0.001 0.007 0.001 0.000 0.000 0.000 0.538 0.000
0.443 0.000 0.007 0.001 0.000 0.000 0.000 0.548 0.000
0.460 0.000 0.008 0.001 0.000 0.000 0.000 0.531 0.000
0.850 0.093 0.000 0.000 0.000 0.000 0.000 0.057 0.000
0.813 0.114 0.000 0.000 0.000 0.000 0.000 0.073 0.000
0.778 0.150 0.000 0.000 0.000 0.000 0.000 0.072 0.000
0.769 0.173 0.000 0.000 0.000 0.000 0.000 0.058 0.000
0.769 0.187 0.000 0.000 0.000 0.000 0.000 0.044 0.000
0.751 0.215 0.000 0.000 0.000 0.000 0.000 0.034 0.000
0.026 0.974 0.000 0.000 0.000 0.000 0.000 0.000 0.000
0.017 0.983 0.000 0.000 0.000 0.000 0.000 0.000 0.000
0.011 0.988 0.000 0.000 0.000 0.000 0.000 0.000 0.000
0.032 0.052 0.000 0.000 0.000 0.000 0.000 0.916 0.000
0.025 0.040 0.000 0.000 0.000 0.000 0.000 0.934 0.000
0.308 0.001 0.006 0.001 0.000 0.000 0.000 0.684 0.000
0.345 0.001 0.007 0.002 0.000 0.000 0.000 0.646 0.000
0.396 0.001 0.007 0.002 0.000 0.000 0.000 0.595 0.000
0.431 0.001 0.007 0.002 0.000 0.000 0.000 0.559 0.000
0.430 0.001 0.008 0.002 0.000 0.000 0.000 0.560 0.000
0.403 0.000 0.008 0.001 0.000 0.000 0.000 0.588 0.000
0.830 0.105 0.000 0.000 0.000 0.000 0.000 0.064 0.000
0.800 0.123 0.000 0.000 0.000 0.000 0.000 0.077 0.000
0.770 0.149 0.000 0.000 0.000 0.000 0.000 0.081 0.000
0.765 0.175 0.000 0.000 0.000 0.000 0.000 0.060 0.000
0.759 0.191 0.000 0.000 0.000 0.000 0.000 0.050 0.000
0.739 0.223 0.000 0.000 0.000 0.000 0.000 0.038 0.000
0.017 0.982 0.000 0.000 0.000 0.000 0.000 0.000 0.000
0.015 0.985 0.000 0.000 0.000 0.000 0.000 0.000 0.000
0.014 0.986 0.000 0.000 0.000 0.000 0.000 0.000 0.000
0.031 0.063 0.000 0.000 0.000 0.000 0.000 0.906 0.000
0.025 0.050 0.000 0.000 0.000 0.000 0.000 0.925 0.000
0.018 0.034 0.000 0.000 0.000 0.000 0.000 0.948 0.000
0.283 0.001 0.006 0.002 0.000 0.000 0.000 0.708 0.000
0.341 0.001 0.007 0.002 0.000 0.000 0.000 0.649 0.000
0.390 0.001 0.007 0.003 0.000 0.000 0.000 0.599 0.000
0.404 0.001 0.007 0.002 0.000 0.000 0.000 0.586 0.000
0.367 0.000 0.007 0.001 0.000 0.000 0.000 0.624 0.000
0.361 0.000 0.008 0.001 0.000 0.000 0.000 0.630 0.000
0.814 0.112 0.000 0.000 0.000 0.000 0.000 0.074 0.000
0.789 0.128 0.000 0.000 0.000 0.000 0.000 0.083 0.000
0.753 0.164 0.000 0.000 0.000 0.000 0.000 0.083 0.000
0.748 0.183 0.000 0.000 0.000 0.000 0.000 0.069 0.000
0.745 0.203 0.000 0.000 0.000 0.000 0.000 0.052 0.000
0.009 0.991 0.000 0.000 0.000 0.000 0.000 0.000 0.000
0.017 0.983 0.000 0.000 0.000 0.000 0.000 0.000 0.000
0.012 0.988 0.000 0.000 0.000 0.000 0.000 0.000 0.000
0.008 0.992 0.000 0.000 0.000 0.000 0.000 0.000 0.000
0.024 0.063 0.000 0.000 0.000 0.000 0.000 0.912 0.000
0.026 0.067 0.000 0.000 0.000 0.000 0.000 0.906 0.000
0.018 0.042 0.000 0.000 0.000 0.000 0.000 0.940 0.000
0.276 0.001 0.006 0.002 0.000 0.000 0.000 0.715 0.000
0.311 0.001 0.006 0.003 0.000 0.000 0.000 0.679 0.000
0.375 0.001 0.007 0.003 0.000 0.000 0.000 0.615 0.000
0.394 0.001 0.007 0.003 0.000 0.000 0.000 0.595 0.000
0.354 0.000 0.007 0.002 0.000 0.000 0.000 0.636 0.000
0.359 0.000 0.007 0.002 0.000 0.000 0.000 0.632 0.000
0.808 0.119 0.000 0.000 0.000 0.000 0.000 0.073 0.000
0.758 0.151 0.000 0.000 0.000 0.000 0.000 0.091 0.000
0.737 0.171 0.000 0.000 0.000 0.000 0.000 0.092 0.000
0.730 0.204 0.000 0.000 0.000 0.000 0.000 0.065 0.000
0.728 0.220 0.000 0.000 0.000 0.000 0.000 0.052 0.000
0.016 0.984 0.000 0.000 0.000 0.000 0.000 0.000 0.000
0.011 0.989 0.000 0.000 0.000 0.000 0.000 0.000 0.000
0.009 0.991 0.000 0.000 0.000 0.000 0.000 0.000 0.000
0.024 0.076 0.000 0.000 0.000 0.000 0.000 0.900 0.000
0.022 0.063 0.000 0.000 0.000 0.000 0.000 0.915 0.000
0.014 0.041 0.000 0.000 0.000 0.000 0.000 0.944 0.000
0.291 0.001 0.006 0.003 0.000 0.000 0.000 0.698 0.000
0.354 0.001 0.007 0.004 0.000 0.000 0.000 0.635 0.000
0.405 0.001 0.007 0.005 0.000 0.000 0.000 0.582 0.000
0.423 0.001 0.008 0.005 0.000 0.000 0.000 0.564 0.000
0.367 0.000 0.007 0.003 0.000 0.000 0.000 0.623 0.000
0.776 0.130 0.000 0.000 0.000 0.000 0.000 0.094 0.000
0.751 0.151 0.000 0.000 0.000 0.000 0.000 0.098 0.000
0.723 0.187 0.000 0.000 0.000 0.000 0.000 0.090 0.000
0.719 0.213 0.000 0.000 0.000 0.000 0.000 0.068 0.000
0.705 0.240 0.000 0.000 0.000 0.000 0.000 0.054 0.000
0.009 0.991 0.000 0.000 0.000 0.000 0.000 0.000 0.000
0.011 0.989 0.000 0.000 0.000 0.000 0.000 0.000 0.000
0.008 0.991 0.000 0.000 0.000 0.000 0.000 0.000 0.000
0.019 0.074 0.000 0.000 0.000 0.000 0.000 0.907 0.000
0.020 0.078 0.000 0.000 0.000 0.000 0.000 0.901 0.000
0.017 0.066 0.000 0.000 0.000 0.000 0.000 0.917 0.000
0.235 0.001 0.005 0.004 0.000 0.000 0.000 0.755 0.000
0.285 0.001 0.006 0.006 0.000 0.000 0.000 0.703 0.000
0.317 0.001 0.007 0.006 0.000 0.000 0.000 0.670 0.000
0.359 0.001 0.007 0.006 0.000 0.000 0.000 0.627 0.000
0.369 0.001 0.007 0.005 0.000 0.000 0.000 0.619 0.000
0.343 0.000 0.007 0.004 0.000 0.000 0.000 0.646 0.000
0.794 0.125 0.000 0.000 0.000 0.000 0.000 0.081 0.000
0.778 0.136 0.000 0.000 0.000 0.000 0.000 0.086 0.000
0.726 0.172 0.000 0.000 0.000 0.000 0.000 0.102 0.000
0.702 0.205 0.000 0.000 0.000 0.000 0.000 0.093 0.000
0.714 0.221 0.000 0.000 0.000 0.000 0.000 0.065 0.000
0.705 0.249 0.000 0.000 0.000 0.000 0.000 0.046 0.000
0.010 0.989 0.000 0.000 0.000 0.000 0.000 0.000 0.000
0.007 0.993 0.000 0.000 0.000 0.000 0.000 0.000 0.000
0.005 0.994 0.000 0.000 0.000 0.000 0.000 0.000 0.000
0.018 0.088 0.000 0.000 0.000 0.000 0.000 0.894 0.000
0.016 0.077 0.000 0.000 0.000 0.000 0.000 0.907 0.000
0.012 0.057 0.000 0.000 0.000 0.000 0.000 0.931 0.000
0.251 0.001 0.006 0.006 0.000 0.000 0.000 0.737 0.000
0.280 0.001 0.006 0.006 0.000 0.000 0.000 0.706 0.000
0.342 0.001 0.007 0.007 0.000 0.000 0.000 0.643 0.000
0.365 0.001 0.007 0.007 0.000 0.000 0.000 0.621 0.000
0.790 0.136 0.000 0.000 0.000 0.000 0.000 0.073 0.000
0.756 0.151 0.000 0.000 0.000 0.000 0.000 0.093 0.000
0.721 0.180 0.000 0.000 0.000 0.000 0.000 0.099 0.000
0.696 0.230 0.000 0.000 0.000 0.000 0.000 0.074 0.000
0.685 0.266 0.000 0.000 0.000 0.000 0.000 0.049 0.000
0.007 0.993 0.000 0.000 0.000 0.000 0.000 0.000 0.000
0.007 0.993 0.000 0.000 0.000 0.000 0.000 0.000 0.000
0.006 0.993 0.000 0.000 0.000 0.000 0.000 0.000 0.000
0.013 0.083 0.000 0.000 0.000 0.000 0.000 0.904 0.000
0.014 0.089 0.000 0.000 0.000 0.000 0.000 0.897 0.000
0.012 0.071 0.000 0.000 0.000 0.000 0.000 0.917 0.000
0.249 0.001 0.006 0.008 0.000 0.000 0.000 0.736 0.000
0.310 0.001 0.006 0.010 0.000 0.000 0.000 0.672 0.000
0.321 0.001 0.006 0.008 0.000 0.000 0.000 0.664 0.000
0.320 0.001 0.007 0.008 0.000 0.000 0.000 0.664 0.000
0.328 0.000 0.007 0.007 0.000 0.000 0.000 0.657 0.000
0.779 0.147 0.000 0.000 0.000 0.000 0.000 0.075 0.000
0.741 0.165 0.000 0.000 0.000 0.000 0.000 0.094 0.000
0.710 0.203 0.000 0.000 0.000 0.000 0.000 0.087 0.000
0.702 0.233 0.000 0.000 0.000 0.000 0.000 0.065 0.000
0.690 0.259 0.000 0.000 0.000 0.000 0.000 0.051 0.000
0.008 0.992 0.000 0.000 0.000 0.000 0.000 0.000 0.000
0.005 0.994 0.000 0.001 0.000 0.000 0.000 0.000 0.000
0.004 0.996 0.000 0.000 0.000 0.000 0.000 0.000 0.000
0.012 0.093 0.000 0.000 0.000 0.000 0.000 0.895 0.000
0.011 0.081 0.000 0.000 0.000 0.000 0.000 0.908 0.000
0.008 0.062 0.000 0.000 0.000 0.000 0.000 0.930 0.000
0.228 0.001 0.005 0.010 0.000 0.000 0.000 0.756 0.000
0.273 0.001 0.006 0.010 0.000 0.000 0.000 0.711 0.000
0.278 0.001 0.006 0.009 0.000 0.000 0.000 0.706 0.000
0.267 0.000 0.006 0.007 0.000 0.000 0.000 0.719 0.000
0.275 0.000 0.006 0.007 0.000 0.000 0.000 0.711 0.000
0.785 0.142 0.000 0.000 0.000 0.000 0.000 0.072 0.000
0.744 0.177 0.000 0.000 0.000 0.000 0.000 0.079 0.000
0.703 0.221 0.000 0.000 0.000 0.000 0.000 0.075 0.000
0.703 0.239 0.000 0.000 0.000 0.000 0.000 0.058 0.000
0.692 0.267 0.000 0.000 0.000 0.000 0.000 0.040 0.000
0.007 0.993 0.000 0.000 0.000 0.000 0.000 0.000 0.000
0.005 0.994 0.000 0.001 0.000 0.000 0.000 0.000 0.000
0.004 0.995 0.000 0.001 0.000 0.000 0.000 0.000 0.000
0.009 0.093 0.000 0.000 0.000 0.000 0.000 0.897 0.000
0.010 0.097 0.000 0.000 0.000 0.000 0.000 0.893 0.000
0.008 0.077 0.000 0.000 0.000 0.000 0.000 0.915 0.000
0.181 0.001 0.005 0.009 0.000 0.000 0.000 0.805 0.000
0.233 0.001 0.005 0.011 0.000 0.000 0.000 0.750 0.000
0.264 0.001 0.006 0.010 0.000 0.000 0.000 0.720 0.000
0.243 0.000 0.006 0.008 0.000 0.000 0.000 0.744 0.000
0.217 0.000 0.006 0.006 0.000 0.000 0.000 0.771 0.000
0.205 0.000 0.006 0.006 0.000 0.000 0.000 0.782 0.000
0.803 0.142 0.000 0.000 0.000 0.000 0.000 0.055 0.000
0.784 0.154 0.000 0.000 0.000 0.000 0.000 0.061 0.000
0.743 0.186 0.000 0.000 0.000 0.000 0.000 0.072 0.000
0.710 0.227 0.000 0.000 0.000 0.000 0.000 0.064 0.000
0.698 0.256 0.000 0.000 0.000 0.000 0.000 0.045 0.000
0.689 0.276 0.000 0.000 0.000 0.000 0.000 0.034 0.000
0.006 0.994 0.000 0.001 0.000 0.000 0.000 0.000 0.000
0.004 0.995 0.000 0.001 0.000 0.000 0.000 0.000 0.000
0.008 0.103 0.000 0.000 0.000 0.000 0.000 0.889 0.000
0.007 0.088 0.000 0.000 0.000 0.000 0.000 0.904 0.000
0.171 0.001 0.005 0.012 0.000 0.000 0.000 0.812 0.000
0.196 0.001 0.005 0.012 0.000 0.000 0.000 0.787 0.000
0.219 0.000 0.005 0.008 0.000 0.000 0.000 0.767 0.000
0.229 0.000 0.005 0.007 0.000 0.000 0.000 0.758 0.000
0.193 0.000 0.005 0.006 0.000 0.000 0.000 0.796 0.000
0.805 0.148 0.000 0.000 0.000 0.000 0.000 0.048 0.000
0.770 0.168 0.000 0.000 0.000 0.000 0.000 0.061 0.000
0.743 0.194 0.000 0.000 0.000 0.000 0.000 0.063 0.000
0.717 0.233 0.000 0.000 0.000 0.000 0.000 0.050 0.000
0.702 0.261 0.000 0.000 0.000 0.000 0.000 0.037 0.000
0.670 0.303 0.000 0.000 0.000 0.000 0.000 0.027 0.000
0.006 0.994 0.000 0.000 0.000 0.000 0.000 0.000 0.000
0.004 0.995 0.000 0.001 0.000 0.000 0.000 0.000 0.000
0.003 0.996 0.000 0.001 0.000 0.000 0.000 0.000 0.000
0.007 0.112 0.000 0.000 0.000 0.000 0.000 0.881 0.000
0.006 0.097 0.000 0.000 0.000 0.000 0.000 0.896 0.000
0.178 0.000 0.005 0.013 0.000 0.000 0.000 0.803 0.000
0.176 0.000 0.005 0.009 0.000 0.000 0.000 0.809 0.000
0.174 0.000 0.005 0.008 0.000 0.000 0.000 0.812 0.000
0.156 0.000 0.005 0.006 0.000 0.000 0.000 0.833 0.000
0.156 0.000 0.005 0.008 0.000 0.000 0.000 0.831 0.000
0.807 0.145 0.000 0.000 0.000 0.000 0.000 0.048 0.000
0.782 0.167 0.000 0.000 0.000 0.000 0.000 0.051 0.000
0.751 0.196 0.000 0.000 0.000 0.000 0.000 0.053 0.000
0.735 0.223 0.000 0.000 0.000 0.000 0.000 0.042 0.000
0.723 0.246 0.000 0.000 0.000 0.000 0.000 0.030 0.000
0.004 0.995 0.000 0.000 0.000 0.000 0.000 0.000 0.000
0.004 0.995 0.000 0.001 0.000 0.000 0.000 0.000 0.000
0.003 0.996 0.000 0.001 0.000 0.000 0.000 0.000 0.000
0.005 0.106 0.000 0.000 0.000 0.000 0.000 0.888 0.000
0.006 0.112 0.000 0.000 0.000 0.000 0.000 0.883 0.000
