0.019 0.977 0.000 0.000 0.000 0.000 0.000 0.003 0.000
0.025 0.975 0.000 0.000 0.000 0.000 0.000 0.000 0.000
0.021 0.978 0.000 0.000 0.000 0.000 0.000 0.000 0.000
0.983 0.009 0.000 0.000 0.000 0.000 0.000 0.007 0.000
0.987 0.007 0.000 0.000 0.000 0.000 0.000 0.005 0.000
0.989 0.006 0.000 0.000 0.000 0.000 0.000 0.004 0.000
0.991 0.006 0.000 0.000 0.000 0.000 0.000 0.003 0.000
0.991 0.005 0.000 0.000 0.000 0.000 0.000 0.003 0.000
0.991 0.005 0.000 0.000 0.000 0.000 0.000 0.004 0.000
0.992 0.004 0.000 0.000 0.000 0.000 0.000 0.004 0.000
0.993 0.003 0.000 0.000 0.000 0.000 0.000 0.003 0.000
0.993 0.003 0.001 0.000 0.000 0.000 0.000 0.004 0.000
0.995 0.002 0.000 0.000 0.000 0.000 0.000 0.003 0.000
0.996 0.002 0.000 0.000 0.000 0.000 0.000 0.002 0.000
0.907 0.002 0.045 0.000 0.000 0.000 0.000 0.042 0.003
0.890 0.003 0.048 0.000 0.000 0.000 0.000 0.057 0.003
0.882 0.003 0.045 0.000 0.000 0.000 0.000 0.068 0.002
0.899 0.004 0.037 0.000 0.000 0.000 0.000 0.058 0.002
0.918 0.003 0.028 0.000 0.000 0.000 0.000 0.049 0.002
0.945 0.003 0.018 0.000 0.000 0.000 0.000 0.031 0.002
0.968 0.003 0.011 0.000 0.000 0.000 0.000 0.015 0.003
0.976 0.004 0.007 0.000 0.000 0.000 0.000 0.008 0.005
0.974 0.006 0.007 0.000 0.000 0.000 0.000 0.008 0.005
0.020 0.979 0.000 0.000 0.000 0.000 0.000 0.001 0.000
0.016 0.983 0.000 0.000 0.000 0.000 0.000 0.000 0.000
0.012 0.987 0.000 0.000 0.000 0.000 0.000 0.000 0.000
0.979 0.010 0.000 0.000 0.000 0.000 0.000 0.011 0.000
0.983 0.009 0.000 0.000 0.000 0.000 0.000 0.007 0.000
0.986 0.008 0.000 0.000 0.000 0.000 0.000 0.006 0.000
0.988 0.007 0.000 0.000 0.000 0.000 0.000 0.005 0.000
0.987 0.007 0.000 0.000 0.000 0.000 0.000 0.006 0.000
0.986 0.006 0.000 0.000 0.000 0.000 0.000 0.007 0.000
0.989 0.005 0.000 0.000 0.000 0.000 0.000 0.006 0.000
0.991 0.003 0.001 0.000 0.000 0.000 0.000 0.005 0.000
0.990 0.003 0.001 0.000 0.000 0.000 0.000 0.006 0.000
0.992 0.003 0.001 0.000 0.000 0.000 0.000 0.005 0.000
0.993 0.003 0.001 0.000 0.000 0.000 0.000 0.004 0.000
0.994 0.003 0.001 0.000 0.000 0.000 0.000 0.003 0.000
0.896 0.003 0.041 0.000 0.000 0.000 0.000 0.058 0.002
0.878 0.003 0.040 0.000 0.000 0.000 0.000 0.076 0.002
0.905 0.003 0.030 0.000 0.000 0.000 0.000 0.060 0.002
0.943 0.003 0.019 0.000 0.000 0.000 0.000 0.032 0.002
0.970 0.003 0.010 0.000 0.000 0.000 0.000 0.013 0.004
0.974 0.004 0.008 0.000 0.000 0.000 0.000 0.009 0.005
0.975 0.006 0.007 0.000 0.000 0.000 0.000 0.007 0.006
0.975 0.006 0.006 0.000 0.000 0.000 0.000 0.008 0.005
0.973 0.008 0.006 0.000 0.000 0.000 0.000 0.008 0.005
0.014 0.983 0.000 0.000 0.000 0.000 0.000 0.003 0.000
0.016 0.984 0.000 0.000 0.000 0.000 0.000 0.000 0.000
0.014 0.986 0.000 0.000 0.000 0.000 0.000 0.000 0.000
0.975 0.011 0.000 0.000 0.000 0.000 0.000 0.013 0.000
0.980 0.010 0.000 0.000 0.000 0.000 0.000 0.010 0.000
0.984 0.009 0.000 0.000 0.000 0.000 0.000 0.007 0.000
0.984 0.009 0.000 0.000 0.000 0.000 0.000 0.007 0.000
0.982 0.008 0.000 0.000 0.000 0.000 0.000 0.010 0.000
0.982 0.007 0.000 0.000 0.000 0.000 0.000 0.011 0.000
0.985 0.006 0.000 0.000 0.000 0.000 0.000 0.009 0.000
0.990 0.004 0.000 0.000 0.000 0.000 0.000 0.006 0.000
0.988 0.004 0.001 0.000 0.000 0.000 0.000 0.008 0.000
0.987 0.004 0.001 0.000 0.000 0.000 0.000 0.009 0.000
0.988 0.004 0.001 0.000 0.000 0.000 0.000 0.008 0.000
0.992 0.003 0.001 0.000 0.000 0.000 0.000 0.004 0.000
0.993 0.003 0.001 0.000 0.000 0.000 0.000 0.004 0.000
0.993 0.002 0.001 0.000 0.000 0.000 0.000 0.004 0.000
0.907 0.003 0.030 0.000 0.000 0.000 0.000 0.058 0.002
0.945 0.004 0.019 0.000 0.000 0.000 0.000 0.031 0.003
0.970 0.003 0.010 0.000 0.000 0.000 0.000 0.013 0.004
0.973 0.005 0.008 0.000 0.000 0.000 0.000 0.009 0.005
0.972 0.006 0.007 0.000 0.000 0.000 0.000 0.009 0.005
0.973 0.007 0.006 0.000 0.000 0.000 0.000 0.009 0.005
0.975 0.007 0.006 0.000 0.000 0.000 0.000 0.009 0.004
0.976 0.007 0.005 0.000 0.000 0.000 0.000 0.009 0.004
0.976 0.008 0.004 0.000 0.000 0.000 0.000 0.008 0.004
0.009 0.987 0.000 0.000 0.000 0.000 0.000 0.004 0.000
0.015 0.985 0.000 0.000 0.000 0.000 0.000 0.001 0.000
0.012 0.988 0.000 0.000 0.000 0.000 0.000 0.000 0.000
0.007 0.993 0.000 0.000 0.000 0.000 0.000 0.000 0.000
0.965 0.016 0.000 0.000 0.000 0.000 0.000 0.019 0.000
0.971 0.014 0.000 0.000 0.000 0.000 0.000 0.015 0.000
0.975 0.013 0.000 0.000 0.000 0.000 0.000 0.011 0.000
0.978 0.012 0.000 0.000 0.000 0.000 0.000 0.010 0.000
0.975 0.012 0.000 0.000 0.000 0.000 0.000 0.013 0.000
0.973 0.010 0.000 0.000 0.000 0.000 0.000 0.016 0.000
0.978 0.008 0.000 0.000 0.000 0.000 0.000 0.014 0.000
0.980 0.007 0.000 0.000 0.000 0.000 0.000 0.012 0.000
0.986 0.005 0.001 0.000 0.000 0.000 0.000 0.008 0.000
0.985 0.004 0.001 0.000 0.000 0.000 0.000 0.010 0.000
0.982 0.004 0.001 0.000 0.000 0.000 0.000 0.013 0.000
0.981 0.004 0.001 0.000 0.000 0.000 0.000 0.014 0.000
0.989 0.004 0.001 0.000 0.000 0.000 0.000 0.006 0.000
0.991 0.003 0.001 0.000 0.000 0.000 0.000 0.005 0.000
0.991 0.003 0.001 0.000 0.000 0.000 0.000 0.006 0.000
0.991 0.003 0.001 0.000 0.000 0.000 0.000 0.006 0.000
0.990 0.006 0.001 0.000 0.000 0.000 0.000 0.003 0.000
0.991 0.006 0.001 0.000 0.000 0.000 0.000 0.002 0.000
0.951 0.005 0.016 0.000 0.000 0.000 0.000 0.024 0.004
0.967 0.007 0.009 0.000 0.000 0.000 0.000 0.010 0.006
0.972 0.006 0.007 0.000 0.000 0.000 0.000 0.009 0.006
0.972 0.007 0.007 0.000 0.000 0.000 0.000 0.010 0.005
0.970 0.008 0.007 0.000 0.000 0.000 0.000 0.012 0.004
0.971 0.008 0.005 0.000 0.000 0.000 0.000 0.011 0.004
0.975 0.009 0.004 0.000 0.000 0.000 0.000 0.009 0.004
0.975 0.009 0.004 0.000 0.000 0.000 0.000 0.008 0.004
0.975 0.009 0.003 0.000 0.000 0.000 0.000 0.010 0.003
0.011 0.987 0.000 0.000 0.000 0.000 0.000 0.001 0.000
0.010 0.990 0.000 0.000 0.000 0.000 0.000 0.000 0.000
0.008 0.992 0.000 0.000 0.000 0.000 0.000 0.000 0.000
0.953 0.021 0.000 0.000 0.000 0.000 0.000 0.026 0.000
0.961 0.017 0.000 0.000 0.000 0.000 0.000 0.021 0.000
0.959 0.011 0.001 0.000 0.000 0.000 0.000 0.029 0.000
0.964 0.010 0.001 0.000 0.000 0.000 0.000 0.025 0.000
0.964 0.010 0.001 0.000 0.000 0.000 0.000 0.025 0.000
0.978 0.006 0.001 0.000 0.000 0.000 0.000 0.015 0.000
0.976 0.006 0.001 0.000 0.000 0.000 0.000 0.017 0.000
0.987 0.003 0.001 0.000 0.000 0.000 0.000 0.009 0.000
0.985 0.003 0.001 0.000 0.000 0.000 0.000 0.010 0.000
0.987 0.003 0.001 0.000 0.000 0.000 0.000 0.009 0.000
0.988 0.007 0.001 0.000 0.000 0.000 0.000 0.004 0.000
0.985 0.007 0.002 0.000 0.000 0.000 0.000 0.006 0.000
0.960 0.009 0.009 0.000 0.000 0.000 0.000 0.017 0.004
0.969 0.008 0.007 0.000 0.000 0.000 0.000 0.013 0.004
0.971 0.007 0.006 0.000 0.000 0.000 0.000 0.013 0.003
0.967 0.009 0.005 0.000 0.000 0.000 0.000 0.016 0.003
0.967 0.012 0.005 0.000 0.000 0.000 0.000 0.013 0.003
0.971 0.012 0.004 0.000 0.000 0.000 0.000 0.010 0.003
0.973 0.012 0.003 0.000 0.000 0.000 0.000 0.009 0.003
0.973 0.011 0.003 0.000 0.000 0.000 0.000 0.011 0.002
0.970 0.011 0.003 0.000 0.000 0.000 0.000 0.015 0.002
0.006 0.992 0.000 0.000 0.000 0.000 0.000 0.002 0.000
0.009 0.991 0.000 0.000 0.000 0.000 0.000 0.000 0.000
0.007 0.993 0.000 0.000 0.000 0.000 0.000 0.000 0.000
0.919 0.026 0.000 0.000 0.000 0.000 0.000 0.055 0.000
0.935 0.024 0.000 0.000 0.000 0.000 0.000 0.041 0.000
0.950 0.022 0.000 0.000 0.000 0.000 0.000 0.028 0.000
0.949 0.010 0.001 0.000 0.000 0.000 0.000 0.040 0.000
0.952 0.009 0.001 0.000 0.000 0.000 0.000 0.038 0.000
0.965 0.008 0.001 0.000 0.000 0.000 0.000 0.026 0.000
0.968 0.007 0.001 0.000 0.000 0.000 0.000 0.024 0.000
0.968 0.007 0.001 0.000 0.000 0.000 0.000 0.024 0.000
0.981 0.003 0.002 0.000 0.000 0.000 0.000 0.015 0.000
0.979 0.003 0.002 0.000 0.000 0.000 0.000 0.016 0.000
0.977 0.003 0.002 0.000 0.000 0.000 0.000 0.018 0.000
0.975 0.003 0.003 0.000 0.000 0.000 0.000 0.020 0.000
0.974 0.006 0.003 0.000 0.000 0.000 0.000 0.017 0.000
0.953 0.012 0.008 0.000 0.000 0.000 0.000 0.023 0.003
0.958 0.013 0.007 0.000 0.000 0.000 0.000 0.019 0.003
0.968 0.010 0.005 0.000 0.000 0.000 0.000 0.015 0.003
0.964 0.010 0.004 0.000 0.000 0.000 0.000 0.019 0.002
0.963 0.013 0.004 0.000 0.000 0.000 0.000 0.018 0.002
0.968 0.014 0.002 0.000 0.000 0.000 0.000 0.015 0.001
0.007 0.992 0.000 0.000 0.000 0.000 0.000 0.001 0.000
0.006 0.994 0.000 0.000 0.000 0.000 0.000 0.000 0.000
0.005 0.995 0.000 0.000 0.000 0.000 0.000 0.000 0.000
0.869 0.032 0.000 0.000 0.000 0.000 0.000 0.098 0.000
0.893 0.030 0.000 0.000 0.000 0.000 0.000 0.076 0.000
0.906 0.028 0.000 0.000 0.000 0.000 0.000 0.065 0.000
0.922 0.010 0.001 0.000 0.000 0.000 0.000 0.067 0.000
0.939 0.009 0.001 0.000 0.000 0.000 0.000 0.050 0.000
0.945 0.009 0.001 0.000 0.000 0.000 0.000 0.044 0.000
0.953 0.008 0.001 0.000 0.000 0.000 0.000 0.038 0.000
0.955 0.007 0.001 0.000 0.000 0.000 0.000 0.037 0.000
0.950 0.006 0.001 0.000 0.000 0.000 0.000 0.042 0.000
0.974 0.003 0.002 0.000 0.000 0.000 0.000 0.021 0.000
0.975 0.003 0.002 0.000 0.000 0.000 0.000 0.020 0.000
0.969 0.003 0.003 0.000 0.000 0.000 0.000 0.026 0.000
0.972 0.002 0.003 0.000 0.000 0.000 0.000 0.023 0.000
0.977 0.005 0.003 0.000 0.000 0.000 0.000 0.015 0.000
0.981 0.007 0.003 0.000 0.000 0.000 0.000 0.009 0.000
0.969 0.011 0.004 0.000 0.000 0.000 0.000 0.014 0.003
0.970 0.010 0.003 0.000 0.000 0.000 0.000 0.014 0.002
0.967 0.010 0.003 0.000 0.000 0.000 0.000 0.018 0.002
0.966 0.019 0.002 0.000 0.000 0.000 0.000 0.011 0.002
0.964 0.019 0.001 0.000 0.000 0.000 0.000 0.014 0.001
0.005 0.993 0.000 0.000 0.000 0.000 0.000 0.002 0.000
0.005 0.994 0.000 0.000 0.000 0.000 0.000 0.000 0.000
0.005 0.995 0.000 0.000 0.000 0.000 0.000 0.000 0.000
0.834 0.039 0.000 0.000 0.000 0.000 0.000 0.126 0.000
0.857 0.036 0.000 0.000 0.000 0.000 0.000 0.106 0.000
0.909 0.010 0.001 0.000 0.000 0.000 0.000 0.080 0.000
0.921 0.009 0.001 0.000 0.000 0.000 0.000 0.068 0.000
0.931 0.009 0.001 0.000 0.000 0.000 0.000 0.059 0.000
0.934 0.008 0.001 0.000 0.000 0.000 0.000 0.057 0.000
0.922 0.007 0.002 0.000 0.000 0.000 0.000 0.070 0.000
0.921 0.007 0.002 0.000 0.000 0.000 0.000 0.071 0.000
0.889 0.008 0.003 0.000 0.000 0.000 0.000 0.101 0.000
0.972 0.003 0.003 0.000 0.000 0.000 0.000 0.023 0.000
0.970 0.003 0.003 0.000 0.000 0.000 0.000 0.025 0.000
0.969 0.003 0.003 0.000 0.000 0.000 0.000 0.025 0.000
0.971 0.004 0.004 0.000 0.000 0.000 0.000 0.022 0.000
0.975 0.006 0.004 0.000 0.000 0.000 0.000 0.014 0.000
0.979 0.006 0.004 0.000 0.000 0.000 0.000 0.010 0.000
0.969 0.014 0.003 0.000 0.000 0.000 0.000 0.011 0.003
0.970 0.014 0.002 0.000 0.000 0.000 0.000 0.012 0.002
0.961 0.023 0.001 0.000 0.000 0.000 0.000 0.013 0.002
0.959 0.026 0.001 0.000 0.000 0.000 0.000 0.012 0.002
0.964 0.020 0.001 0.000 0.000 0.000 0.000 0.014 0.001
0.002 0.996 0.000 0.000 0.000 0.000 0.000 0.002 0.000
0.005 0.995 0.000 0.000 0.000 0.000 0.000 0.001 0.000
0.004 0.996 0.000 0.000 0.000 0.000 0.000 0.000 0.000
0.759 0.048 0.000 0.000 0.000 0.000 0.000 0.193 0.000
0.788 0.043 0.000 0.000 0.000 0.000 0.000 0.169 0.000
0.809 0.039 0.001 0.000 0.000 0.000 0.000 0.152 0.000
0.901 0.009 0.001 0.000 0.000 0.000 0.000 0.088 0.000
0.900 0.008 0.002 0.000 0.000 0.000 0.000 0.090 0.000
0.895 0.007 0.002 0.000 0.000 0.000 0.000 0.096 0.000
0.845 0.006 0.002 0.000 0.000 0.000 0.000 0.147 0.000
0.951 0.007 0.001 0.000 0.000 0.000 0.000 0.041 0.000
0.983 0.008 0.001 0.000 0.000 0.000 0.000 0.007 0.000
0.964 0.003 0.003 0.000 0.000 0.000 0.000 0.030 0.000
0.961 0.003 0.004 0.000 0.000 0.000 0.000 0.032 0.000
0.962 0.003 0.004 0.000 0.000 0.000 0.000 0.031 0.000
0.961 0.003 0.005 0.000 0.000 0.000 0.000 0.032 0.000
0.967 0.005 0.005 0.000 0.000 0.000 0.000 0.023 0.000
0.966 0.005 0.006 0.000 0.000 0.000 0.000 0.023 0.000
0.966 0.018 0.002 0.000 0.000 0.000 0.000 0.011 0.002
0.951 0.027 0.002 0.000 0.000 0.000 0.000 0.020 0.001
0.951 0.030 0.001 0.000 0.000 0.000 0.000 0.017 0.001
0.953 0.032 0.001 0.000 0.000 0.000 0.000 0.012 0.001
0.953 0.032 0.001 0.000 0.000 0.000 0.000 0.013 0.001
0.004 0.995 0.000 0.000 0.000 0.000 0.000 0.002 0.000
0.003 0.997 0.000 0.000 0.000 0.000 0.000 0.000 0.000
0.003 0.997 0.000 0.000 0.000 0.000 0.000 0.000 0.000
0.650 0.060 0.000 0.000 0.000 0.000 0.000 0.289 0.000
0.694 0.053 0.000 0.000 0.000 0.000 0.000 0.253 0.000
0.731 0.048 0.000 0.000 0.000 0.000 0.000 0.221 0.000
0.855 0.009 0.002 0.000 0.000 0.000 0.000 0.134 0.000
0.826 0.007 0.002 0.000 0.000 0.000 0.000 0.165 0.000
0.894 0.009 0.002 0.000 0.000 0.000 0.000 0.095 0.000
0.926 0.013 0.002 0.000 0.000 0.000 0.000 0.058 0.000
0.925 0.012 0.002 0.000 0.000 0.000 0.000 0.060 0.000
0.829 0.006 0.003 0.000 0.000 0.000 0.000 0.162 0.000
0.957 0.003 0.004 0.000 0.000 0.000 0.000 0.036 0.000
0.950 0.003 0.005 0.000 0.000 0.000 0.000 0.042 0.000
0.949 0.003 0.006 0.000 0.000 0.000 0.000 0.043 0.000
0.949 0.003 0.007 0.000 0.000 0.000 0.000 0.040 0.000
0.954 0.005 0.008 0.000 0.000 0.000 0.000 0.033 0.000
0.945 0.029 0.001 0.000 0.000 0.000 0.000 0.024 0.001
0.942 0.031 0.001 0.000 0.000 0.000 0.000 0.024 0.001
0.945 0.035 0.001 0.000 0.000 0.000 0.000 0.017 0.001
0.943 0.039 0.001 0.000 0.000 0.000 0.000 0.016 0.001
0.942 0.042 0.001 0.000 0.000 0.000 0.000 0.015 0.001
0.002 0.994 0.000 0.000 0.000 0.000 0.000 0.004 0.000
0.003 0.996 0.000 0.000 0.000 0.000 0.000 0.000 0.000
0.003 0.997 0.000 0.000 0.000 0.000 0.000 0.000 0.000
0.623 0.056 0.000 0.000 0.000 0.000 0.000 0.321 0.000
0.626 0.050 0.000 0.000 0.000 0.000 0.000 0.324 0.000
0.640 0.051 0.000 0.000 0.000 0.000 0.000 0.309 0.000
0.843 0.009 0.002 0.000 0.000 0.000 0.000 0.146 0.000
0.847 0.008 0.002 0.000 0.000 0.000 0.000 0.143 0.000
0.820 0.007 0.003 0.000 0.000 0.000 0.000 0.170 0.000
0.802 0.006 0.003 0.000 0.000 0.000 0.000 0.189 0.000
0.801 0.006 0.004 0.000 0.000 0.000 0.000 0.190 0.000
0.818 0.006 0.004 0.000 0.000 0.000 0.000 0.173 0.000
0.938 0.003 0.006 0.000 0.000 0.000 0.000 0.053 0.000
0.937 0.002 0.007 0.000 0.000 0.000 0.000 0.053 0.000
0.935 0.002 0.008 0.000 0.000 0.000 0.000 0.054 0.000
0.938 0.004 0.009 0.000 0.000 0.000 0.000 0.049 0.000
0.955 0.029 0.001 0.000 0.000 0.000 0.000 0.013 0.002
0.955 0.028 0.001 0.000 0.000 0.000 0.000 0.015 0.001
0.951 0.027 0.001 0.000 0.000 0.000 0.000 0.020 0.001
0.945 0.030 0.001 0.000 0.000 0.000 0.000 0.023 0.001
0.931 0.040 0.001 0.000 0.000 0.000 0.000 0.027 0.001
0.931 0.045 0.001 0.000 0.000 0.000 0.000 0.023 0.001
0.934 0.045 0.001 0.000 0.000 0.000 0.000 0.019 0.001
0.931 0.052 0.001 0.000 0.000 0.000 0.000 0.016 0.001
0.003 0.996 0.000 0.000 0.000 0.000 0.000 0.002 0.000
0.002 0.998 0.000 0.000 0.000 0.000 0.000 0.000 0.000
0.002 0.998 0.000 0.000 0.000 0.000 0.000 0.000 0.000
0.510 0.070 0.000 0.000 0.000 0.000 0.000 0.420 0.000
0.564 0.066 0.000 0.000 0.000 0.000 0.000 0.369 0.000
0.561 0.058 0.000 0.000 0.000 0.000 0.000 0.381 0.000
0.813 0.008 0.003 0.000 0.000 0.000 0.000 0.176 0.000
0.788 0.006 0.003 0.000 0.000 0.000 0.000 0.202 0.000
0.770 0.006 0.004 0.000 0.000 0.000 0.000 0.220 0.000
0.783 0.006 0.004 0.000 0.000 0.000 0.000 0.207 0.000
0.928 0.003 0.008 0.000 0.000 0.000 0.000 0.061 0.000
0.920 0.003 0.009 0.000 0.000 0.000 0.000 0.069 0.000
0.924 0.002 0.009 0.000 0.000 0.000 0.000 0.064 0.000
0.923 0.003 0.011 0.000 0.000 0.000 0.000 0.063 0.000
0.917 0.003 0.012 0.000 0.000 0.000 0.000 0.068 0.000
0.944 0.037 0.001 0.000 0.000 0.000 0.000 0.017 0.001
0.941 0.039 0.001 0.000 0.000 0.000 0.000 0.018 0.001
0.931 0.040 0.001 0.000 0.000 0.000 0.000 0.028 0.001
0.925 0.045 0.001 0.000 0.000 0.000 0.000 0.029 0.001
0.917 0.057 0.001 0.000 0.000 0.000 0.000 0.025 0.001
0.917 0.060 0.001 0.000 0.000 0.000 0.000 0.021 0.001
0.910 0.069 0.000 0.000 0.000 0.000 0.000 0.019 0.001
0.002 0.994 0.000 0.000 0.000 0.000 0.000 0.004 0.000
0.002 0.997 0.000 0.000 0.000 0.000 0.000 0.000 0.000
0.002 0.998 0.000 0.000 0.000 0.000 0.000 0.000 0.000
0.384 0.070 0.000 0.000 0.000 0.000 0.000 0.546 0.000
0.461 0.071 0.000 0.000 0.000 0.000 0.000 0.468 0.000
0.477 0.067 0.000 0.000 0.000 0.000 0.000 0.455 0.000
0.743 0.006 0.004 0.000 0.000 0.000 0.000 0.247 0.000
0.703 0.006 0.004 0.000 0.000 0.000 0.000 0.287 0.000
0.712 0.006 0.005 0.000 0.000 0.000 0.000 0.277 0.000
0.759 0.007 0.005 0.000 0.000 0.000 0.000 0.229 0.000
0.915 0.002 0.010 0.000 0.000 0.000 0.000 0.073 0.000
0.918 0.002 0.010 0.000 0.000 0.000 0.000 0.070 0.000
0.884 0.002 0.014 0.000 0.000 0.000 0.000 0.100 0.000
0.833 0.002 0.019 0.000 0.000 0.000 0.000 0.145 0.000
0.935 0.046 0.001 0.000 0.000 0.000 0.000 0.018 0.001
0.931 0.045 0.001 0.000 0.000 0.000 0.000 0.022 0.001
0.927 0.047 0.001 0.000 0.000 0.000 0.000 0.025 0.001
0.911 0.057 0.001 0.000 0.000 0.000 0.000 0.031 0.000
0.898 0.071 0.001 0.000 0.000 0.000 0.000 0.030 0.001
0.900 0.072 0.000 0.000 0.000 0.000 0.000 0.027 0.000
0.896 0.082 0.000 0.000 0.000 0.000 0.000 0.022 0.001
0.002 0.997 0.000 0.000 0.000 0.000 0.000 0.001 0.000
0.002 0.998 0.000 0.000 0.000 0.000 0.000 0.000 0.000
0.001 0.999 0.000 0.000 0.000 0.000 0.000 0.000 0.000
0.351 0.067 0.000 0.000 0.000 0.000 0.000 0.582 0.000
0.392 0.069 0.000 0.000 0.000 0.000 0.000 0.538 0.000
0.731 0.005 0.004 0.000 0.000 0.000 0.000 0.260 0.000
0.664 0.005 0.005 0.000 0.000 0.000 0.000 0.326 0.000
0.676 0.005 0.006 0.000 0.000 0.000 0.000 0.313 0.000
0.724 0.006 0.006 0.000 0.000 0.000 0.000 0.264 0.000
0.767 0.006 0.006 0.000 0.000 0.000 0.000 0.220 0.000
0.848 0.002 0.015 0.000 0.000 0.000 0.000 0.135 0.000
0.875 0.002 0.016 0.000 0.000 0.000 0.000 0.107 0.000
0.926 0.054 0.001 0.000 0.000 0.000 0.000 0.018 0.001
0.915 0.062 0.001 0.000 0.000 0.000 0.000 0.021 0.001
0.908 0.062 0.001 0.000 0.000 0.000 0.000 0.029 0.000
0.892 0.071 0.001 0.000 0.000 0.000 0.000 0.036 0.000
0.877 0.085 0.000 0.000 0.000 0.000 0.000 0.037 0.000
0.860 0.103 0.000 0.000 0.000 0.000 0.000 0.036 0.000
0.852 0.110 0.000 0.000 0.000 0.000 0.000 0.037 0.000
0.868 0.107 0.000 0.000 0.000 0.000 0.000 0.025 0.000
0.001 0.995 0.000 0.000 0.000 0.000 0.000 0.004 0.000
0.001 0.998 0.000 0.000 0.000 0.000 0.000 0.000 0.000
0.001 0.999 0.000 0.000 0.000 0.000 0.000 0.000 0.000
0.266 0.072 0.000 0.000 0.000 0.000 0.000 0.662 0.000
0.314 0.074 0.000 0.000 0.000 0.000 0.000 0.612 0.000
0.325 0.069 0.000 0.000 0.000 0.000 0.000 0.606 0.000
0.656 0.005 0.005 0.000 0.000 0.000 0.000 0.333 0.000
0.643 0.005 0.006 0.000 0.000 0.000 0.000 0.346 0.000
0.670 0.005 0.006 0.000 0.000 0.000 0.000 0.319 0.000
0.696 0.005 0.007 0.000 0.000 0.000 0.000 0.292 0.000
0.845 0.003 0.017 0.000 0.000 0.000 0.000 0.134 0.000
0.831 0.003 0.018 0.000 0.000 0.000 0.000 0.147 0.000
0.822 0.002 0.020 0.000 0.000 0.000 0.000 0.156 0.000
0.913 0.066 0.000 0.000 0.000 0.000 0.000 0.020 0.001
0.905 0.070 0.000 0.000 0.000 0.000 0.000 0.024 0.001
0.893 0.077 0.000 0.000 0.000 0.000 0.000 0.029 0.000
0.877 0.083 0.000 0.000 0.000 0.000 0.000 0.039 0.000
0.791 0.121 0.001 0.000 0.000 0.000 0.000 0.088 0.000
0.841 0.103 0.000 0.000 0.000 0.000 0.000 0.055 0.000
0.858 0.113 0.000 0.000 0.000 0.000 0.000 0.028 0.000
0.845 0.126 0.000 0.000 0.000 0.000 0.000 0.029 0.000
0.002 0.998 0.000 0.000 0.000 0.000 0.000 0.001 0.000
0.001 0.999 0.000 0.000 0.000 0.000 0.000 0.000 0.000
0.001 0.999 0.000 0.000 0.000 0.000 0.000 0.000 0.000
0.234 0.072 0.000 0.000 0.000 0.000 0.000 0.694 0.000
0.263 0.070 0.000 0.000 0.000 0.000 0.000 0.667 0.000
0.616 0.006 0.006 0.000 0.000 0.000 0.000 0.373 0.000
0.647 0.005 0.006 0.000 0.000 0.000 0.000 0.342 0.000
0.621 0.005 0.007 0.000 0.000 0.000 0.000 0.368 0.000
0.625 0.004 0.007 0.000 0.000 0.000 0.000 0.363 0.000
0.456 0.003 0.009 0.000 0.000 0.000 0.000 0.533 0.000
0.784 0.003 0.019 0.001 0.000 0.000 0.000 0.193 0.000
0.798 0.003 0.021 0.001 0.000 0.000 0.000 0.177 0.000
0.773 0.002 0.023 0.000 0.000 0.000 0.000 0.200 0.000
0.722 0.002 0.026 0.000 0.000 0.000 0.000 0.249 0.000
0.886 0.089 0.000 0.000 0.000 0.000 0.000 0.025 0.000
0.877 0.091 0.000 0.000 0.000 0.000 0.000 0.032 0.000
0.838 0.075 0.000 0.000 0.000 0.000 0.000 0.087 0.000
0.834 0.109 0.000 0.000 0.000 0.000 0.000 0.057 0.000
0.830 0.134 0.000 0.000 0.000 0.000 0.000 0.036 0.000
0.827 0.140 0.000 0.000 0.000 0.000 0.000 0.033 0.000
0.001 0.997 0.000 0.000 0.000 0.000 0.000 0.002 0.000
0.001 0.999 0.000 0.000 0.000 0.000 0.000 0.000 0.000
0.001 0.999 0.000 0.000 0.000 0.000 0.000 0.000 0.000
0.180 0.071 0.000 0.000 0.000 0.000 0.000 0.749 0.000
0.203 0.071 0.000 0.000 0.000 0.000 0.000 0.725 0.000
0.213 0.066 0.000 0.000 0.000 0.000 0.000 0.721 0.000
0.622 0.005 0.007 0.000 0.000 0.000 0.000 0.366 0.000
0.422 0.003 0.008 0.000 0.000 0.000 0.000 0.567 0.000
0.388 0.002 0.008 0.000 0.000 0.000 0.000 0.603 0.000
0.645 0.003 0.008 0.000 0.000 0.000 0.000 0.344 0.000
0.204 0.001 0.007 0.000 0.000 0.000 0.000 0.788 0.000
0.524 0.003 0.020 0.000 0.000 0.000 0.000 0.453 0.000
0.651 0.004 0.021 0.001 0.000 0.000 0.000 0.324 0.000
0.684 0.004 0.023 0.001 0.000 0.000 0.000 0.289 0.000
0.719 0.003 0.024 0.001 0.000 0.000 0.000 0.254 0.000
0.741 0.003 0.025 0.001 0.000 0.000 0.000 0.231 0.000
0.739 0.003 0.027 0.001 0.000 0.000 0.000 0.230 0.000
0.634 0.002 0.032 0.000 0.000 0.000 0.000 0.332 0.000
0.858 0.103 0.000 0.000 0.000 0.000 0.000 0.039 0.000
0.838 0.121 0.000 0.000 0.000 0.000 0.000 0.040 0.000
0.802 0.150 0.000 0.000 0.000 0.000 0.000 0.047 0.000
0.791 0.166 0.000 0.000 0.000 0.000 0.000 0.042 0.000
0.798 0.167 0.000 0.000 0.000 0.000 0.000 0.035 0.000
0.781 0.187 0.000 0.000 0.000 0.000 0.000 0.032 0.000
0.001 0.995 0.000 0.000 0.000 0.000 0.000 0.005 0.000
0.001 0.999 0.000 0.000 0.000 0.000 0.000 0.000 0.000
0.001 0.999 0.000 0.000 0.000 0.000 0.000 0.000 0.000
0.000 0.999 0.000 0.000 0.000 0.000 0.000 0.000 0.000
0.131 0.090 0.000 0.000 0.000 0.000 0.000 0.779 0.000
0.151 0.070 0.000 0.000 0.000 0.000 0.000 0.779 0.000
0.152 0.065 0.000 0.000 0.000 0.000 0.000 0.783 0.000
0.594 0.004 0.007 0.000 0.000 0.000 0.000 0.394 0.000
0.645 0.007 0.009 0.001 0.000 0.000 0.000 0.338 0.000
0.569 0.004 0.009 0.000 0.000 0.000 0.000 0.417 0.000
0.567 0.004 0.010 0.000 0.000 0.000 0.000 0.419 0.000
0.270 0.001 0.009 0.000 0.000 0.000 0.000 0.720 0.000
0.203 0.001 0.009 0.000 0.000 0.000 0.000 0.788 0.000
0.386 0.002 0.013 0.000 0.000 0.000 0.000 0.599 0.000
0.410 0.002 0.015 0.000 0.000 0.000 0.000 0.573 0.000
0.464 0.002 0.017 0.000 0.000 0.000 0.000 0.517 0.000
0.451 0.003 0.020 0.001 0.000 0.000 0.000 0.526 0.000
0.467 0.003 0.022 0.001 0.000 0.000 0.000 0.508 0.000
0.551 0.003 0.025 0.001 0.000 0.000 0.000 0.420 0.000
0.636 0.003 0.026 0.001 0.000 0.000 0.000 0.334 0.000
0.662 0.003 0.027 0.001 0.000 0.000 0.000 0.306 0.000
0.662 0.002 0.029 0.001 0.000 0.000 0.000 0.305 0.000
0.634 0.002 0.033 0.001 0.000 0.000 0.000 0.331 0.000
0.825 0.143 0.000 0.000 0.000 0.000 0.000 0.031 0.000
0.799 0.154 0.000 0.000 0.000 0.000 0.000 0.047 0.000
0.770 0.177 0.000 0.000 0.000 0.000 0.000 0.052 0.000
0.754 0.201 0.000 0.000 0.000 0.000 0.000 0.045 0.000
0.763 0.199 0.000 0.000 0.000 0.000 0.000 0.039 0.000
0.739 0.228 0.000 0.000 0.000 0.000 0.000 0.033 0.000
0.001 0.998 0.000 0.000 0.000 0.000 0.000 0.001 0.000
0.001 0.999 0.000 0.000 0.000 0.000 0.000 0.000 0.000
0.001 0.999 0.000 0.000 0.000 0.000 0.000 0.000 0.000
0.099 0.056 0.000 0.000 0.000 0.000 0.000 0.844 0.000
0.121 0.067 0.000 0.000 0.000 0.000 0.000 0.812 0.000
0.117 0.059 0.000 0.000 0.000 0.000 0.000 0.825 0.000
0.470 0.004 0.011 0.001 0.000 0.000 0.000 0.515 0.000
0.489 0.003 0.011 0.001 0.000 0.000 0.000 0.496 0.000
0.468 0.003 0.012 0.000 0.000 0.000 0.000 0.516 0.000
0.435 0.003 0.013 0.000 0.000 0.000 0.000 0.549 0.000
0.441 0.003 0.015 0.001 0.000 0.000 0.000 0.541 0.000
0.414 0.002 0.017 0.001 0.000 0.000 0.000 0.566 0.000
0.420 0.002 0.019 0.001 0.000 0.000 0.000 0.558 0.000
0.385 0.002 0.021 0.001 0.000 0.000 0.000 0.591 0.000
0.439 0.003 0.025 0.001 0.000 0.000 0.000 0.533 0.000
0.482 0.003 0.027 0.001 0.000 0.000 0.000 0.487 0.000
0.567 0.003 0.029 0.001 0.000 0.000 0.000 0.401 0.000
0.583 0.002 0.031 0.001 0.000 0.000 0.000 0.383 0.000
0.556 0.002 0.033 0.001 0.000 0.000 0.000 0.407 0.000
0.533 0.002 0.036 0.001 0.000 0.000 0.000 0.428 0.000
0.790 0.173 0.000 0.000 0.000 0.000 0.000 0.037 0.000
0.774 0.178 0.000 0.000 0.000 0.000 0.000 0.048 0.000
0.737 0.208 0.000 0.000 0.000 0.000 0.000 0.054 0.000
0.706 0.248 0.000 0.000 0.000 0.000 0.000 0.045 0.000
0.707 0.253 0.000 0.000 0.000 0.000 0.000 0.041 0.000
0.707 0.259 0.000 0.000 0.000 0.000 0.000 0.034 0.000
0.001 0.994 0.000 0.000 0.000 0.000 0.000 0.006 0.000
0.001 0.999 0.000 0.000 0.000 0.000 0.000 0.000 0.000
0.001 0.999 0.000 0.000 0.000 0.000 0.000 0.000 0.000
0.089 0.064 0.000 0.000 0.000 0.000 0.000 0.847 0.000
0.087 0.058 0.000 0.000 0.000 0.000 0.000 0.855 0.000
0.360 0.003 0.012 0.001 0.000 0.000 0.000 0.624 0.000
0.391 0.003 0.013 0.001 0.000 0.000 0.000 0.592 0.000
0.395 0.003 0.014 0.001 0.000 0.000 0.000 0.588 0.000
0.410 0.003 0.015 0.001 0.000 0.000 0.000 0.572 0.000
0.372 0.002 0.018 0.001 0.000 0.000 0.000 0.607 0.000
0.346 0.002 0.020 0.001 0.000 0.000 0.000 0.632 0.000
0.361 0.002 0.022 0.001 0.000 0.000 0.000 0.614 0.000
0.400 0.002 0.026 0.001 0.000 0.000 0.000 0.570 0.000
0.444 0.002 0.029 0.001 0.000 0.000 0.000 0.523 0.000
0.479 0.002 0.032 0.002 0.000 0.000 0.000 0.486 0.000
0.514 0.002 0.034 0.002 0.000 0.000 0.000 0.448 0.000
0.527 0.002 0.037 0.002 0.000 0.000 0.000 0.433 0.000
0.763 0.202 0.000 0.000 0.000 0.000 0.000 0.035 0.000
0.739 0.212 0.000 0.000 0.000 0.000 0.000 0.049 0.000
0.679 0.255 0.000 0.000 0.000 0.000 0.000 0.065 0.000
0.657 0.288 0.000 0.000 0.000 0.000 0.000 0.055 0.000
0.671 0.291 0.000 0.000 0.000 0.000 0.000 0.038 0.000
0.655 0.310 0.000 0.000 0.000 0.000 0.000 0.035 0.000
0.001 0.998 0.000 0.000 0.000 0.000 0.000 0.001 0.000
0.001 0.999 0.000 0.000 0.000 0.000 0.000 0.000 0.000
0.000 0.999 0.000 0.000 0.000 0.000 0.000 0.000 0.000
0.059 0.054 0.000 0.000 0.000 0.000 0.000 0.888 0.000
0.068 0.061 0.000 0.000 0.000 0.000 0.000 0.871 0.000
0.059 0.049 0.000 0.000 0.000 0.000 0.000 0.892 0.000
0.327 0.002 0.024 0.001 0.000 0.000 0.000 0.646 0.000
0.351 0.002 0.027 0.002 0.000 0.000 0.000 0.618 0.000
0.420 0.002 0.031 0.002 0.000 0.000 0.000 0.545 0.000
0.458 0.002 0.034 0.002 0.000 0.000 0.000 0.505 0.000
0.446 0.002 0.037 0.002 0.000 0.000 0.000 0.513 0.000
0.424 0.001 0.040 0.002 0.000 0.000 0.000 0.533 0.000
0.724 0.238 0.000 0.000 0.000 0.000 0.000 0.038 0.000
0.691 0.249 0.000 0.000 0.000 0.000 0.000 0.060 0.000
0.651 0.279 0.000 0.000 0.000 0.000 0.000 0.070 0.000
0.605 0.342 0.000 0.000 0.000 0.000 0.000 0.053 0.000
0.623 0.335 0.000 0.000 0.000 0.000 0.000 0.043 0.000
0.604 0.360 0.000 0.000 0.000 0.000 0.000 0.036 0.000
0.001 0.997 0.000 0.000 0.000 0.000 0.000 0.002 0.000
0.000 0.999 0.000 0.000 0.000 0.000 0.000 0.000 0.000
0.000 0.999 0.000 0.000 0.000 0.000 0.000 0.000 0.000
0.055 0.058 0.000 0.000 0.000 0.000 0.000 0.887 0.000
0.052 0.051 0.000 0.000 0.000 0.000 0.000 0.897 0.000
0.393 0.002 0.033 0.002 0.000 0.000 0.000 0.570 0.000
0.418 0.002 0.036 0.003 0.000 0.000 0.000 0.542 0.000
0.364 0.001 0.038 0.002 0.000 0.000 0.000 0.594 0.000
0.348 0.001 0.043 0.002 0.000 0.000 0.000 0.606 0.000
0.682 0.271 0.000 0.000 0.000 0.000 0.000 0.047 0.000
0.659 0.287 0.000 0.000 0.000 0.000 0.000 0.054 0.000
0.591 0.337 0.000 0.000 0.000 0.000 0.000 0.072 0.000
0.565 0.380 0.000 0.000 0.000 0.000 0.000 0.055 0.000
0.576 0.382 0.000 0.000 0.000 0.000 0.000 0.042 0.000
0.551 0.415 0.000 0.000 0.000 0.000 0.000 0.034 0.000
0.001 0.999 0.000 0.000 0.000 0.000 0.000 0.000 0.000
0.000 0.999 0.000 0.000 0.000 0.000 0.000 0.000 0.000
0.039 0.056 0.000 0.000 0.000 0.000 0.000 0.905 0.000
0.046 0.059 0.000 0.000 0.000 0.000 0.000 0.896 0.000
0.038 0.049 0.000 0.000 0.000 0.000 0.000 0.913 0.000
0.345 0.002 0.032 0.004 0.000 0.000 0.000 0.618 0.000
0.355 0.001 0.035 0.003 0.000 0.000 0.000 0.606 0.000
0.351 0.001 0.039 0.004 0.000 0.000 0.000 0.606 0.000
0.346 0.002 0.044 0.005 0.000 0.000 0.000 0.604 0.000
0.632 0.328 0.000 0.000 0.000 0.000 0.000 0.039 0.000
0.595 0.340 0.000 0.000 0.000 0.000 0.000 0.064 0.000
0.546 0.387 0.000 0.000 0.000 0.000 0.000 0.066 0.000
0.519 0.430 0.000 0.000 0.000 0.000 0.000 0.051 0.000
0.523 0.436 0.000 0.000 0.000 0.000 0.000 0.041 0.000
0.492 0.475 0.000 0.000 0.000 0.000 0.000 0.033 0.000
0.000 0.998 0.000 0.000 0.000 0.000 0.000 0.002 0.000
0.000 1.000 0.000 0.000 0.000 0.000 0.000 0.000 0.000
0.000 1.000 0.000 0.000 0.000 0.000 0.000 0.000 0.000
0.034 0.056 0.000 0.000 0.000 0.000 0.000 0.911 0.000
0.033 0.051 0.000 0.000 0.000 0.000 0.000 0.916 0.000
0.313 0.002 0.031 0.005 0.000 0.000 0.000 0.649 0.000
0.325 0.002 0.034 0.005 0.000 0.000 0.000 0.635 0.000
0.324 0.001 0.038 0.005 0.000 0.000 0.000 0.632 0.000
0.301 0.001 0.040 0.005 0.000 0.000 0.000 0.653 0.000
0.349 0.001 0.046 0.006 0.000 0.000 0.000 0.598 0.000
0.298 0.002 0.055 0.009 0.000 0.000 0.000 0.637 0.000
0.579 0.376 0.000 0.000 0.000 0.000 0.000 0.045 0.000
0.562 0.382 0.000 0.000 0.000 0.000 0.000 0.056 0.000
0.501 0.438 0.000 0.000 0.000 0.000 0.000 0.062 0.000
0.462 0.490 0.000 0.000 0.000 0.000 0.000 0.048 0.000
0.460 0.495 0.000 0.000 0.000 0.000 0.000 0.045 0.000
0.461 0.506 0.000 0.000 0.000 0.000 0.000 0.034 0.000
0.000 0.995 0.000 0.000 0.000 0.000 0.000 0.004 0.000
0.000 0.999 0.000 0.000 0.000 0.000 0.000 0.000 0.000
0.000 1.000 0.000 0.000 0.000 0.000 0.000 0.000 0.000
0.028 0.056 0.000 0.000 0.000 0.000 0.000 0.916 0.000
0.026 0.053 0.000 0.000 0.000 0.000 0.000 0.921 0.000
0.023 0.042 0.000 0.000 0.000 0.000 0.000 0.935 0.000
0.247 0.002 0.030 0.007 0.000 0.000 0.000 0.715 0.000
0.273 0.002 0.034 0.007 0.000 0.000 0.000 0.684 0.000
0.302 0.001 0.037 0.007 0.000 0.000 0.000 0.652 0.000
0.326 0.002 0.042 0.009 0.000 0.000 0.000 0.621 0.000
0.314 0.001 0.044 0.007 0.000 0.000 0.000 0.633 0.000
0.335 0.001 0.048 0.008 0.000 0.000 0.000 0.607 0.000
0.540 0.419 0.000 0.000 0.000 0.000 0.000 0.040 0.000
0.487 0.452 0.000 0.000 0.000 0.000 0.000 0.061 0.000
0.430 0.507 0.000 0.000 0.000 0.000 0.000 0.063 0.000
0.410 0.538 0.000 0.000 0.000 0.000 0.000 0.052 0.000
0.411 0.549 0.000 0.000 0.000 0.000 0.000 0.041 0.000
0.386 0.583 0.000 0.000 0.000 0.000 0.000 0.031 0.000
0.000 0.999 0.000 0.000 0.000 0.000 0.000 0.001 0.000
0.000 1.000 0.000 0.000 0.000 0.000 0.000 0.000 0.000
0.000 1.000 0.000 0.000 0.000 0.000 0.000 0.000 0.000
0.023 0.054 0.000 0.000 0.000 0.000 0.000 0.923 0.000
0.018 0.042 0.000 0.000 0.000 0.000 0.000 0.940 0.000
0.216 0.002 0.032 0.009 0.000 0.000 0.000 0.742 0.000
0.253 0.002 0.038 0.012 0.000 0.000 0.000 0.695 0.000
0.307 0.002 0.041 0.011 0.000 0.000 0.000 0.639 0.000
0.349 0.002 0.047 0.014 0.000 0.000 0.000 0.588 0.000
0.355 0.002 0.050 0.012 0.000 0.000 0.000 0.581 0.000
0.332 0.001 0.052 0.009 0.000 0.000 0.000 0.605 0.000
0.475 0.483 0.000 0.000 0.000 0.000 0.000 0.042 0.000
0.443 0.500 0.000 0.000 0.000 0.000 0.000 0.057 0.000
0.402 0.536 0.000 0.000 0.000 0.000 0.000 0.062 0.000
0.379 0.575 0.000 0.000 0.000 0.000 0.000 0.045 0.000
0.370 0.591 0.000 0.000 0.000 0.000 0.000 0.039 0.000
0.342 0.629 0.000 0.000 0.000 0.000 0.000 0.029 0.000
0.000 0.997 0.000 0.000 0.000 0.000 0.000 0.003 0.000
0.000 1.000 0.000 0.000 0.000 0.000 0.000 0.000 0.000
0.000 1.000 0.000 0.000 0.000 0.000 0.000 0.000 0.000
0.020 0.060 0.000 0.000 0.000 0.000 0.000 0.919 0.000
0.017 0.048 0.000 0.000 0.000 0.000 0.000 0.935 0.000
0.012 0.031 0.000 0.000 0.000 0.000 0.000 0.957 0.000
0.240 0.002 0.039 0.012 0.000 0.000 0.000 0.707 0.000
0.302 0.002 0.045 0.015 0.000 0.000 0.000 0.636 0.000
0.359 0.002 0.049 0.016 0.000 0.000 0.000 0.573 0.000
0.376 0.002 0.052 0.013 0.000 0.000 0.000 0.557 0.000
0.340 0.001 0.054 0.009 0.000 0.000 0.000 0.596 0.000
0.333 0.001 0.057 0.008 0.000 0.000 0.000 0.600 0.000
0.428 0.531 0.000 0.000 0.000 0.000 0.000 0.041 0.000
0.398 0.552 0.000 0.000 0.000 0.000 0.000 0.050 0.000
0.346 0.604 0.000 0.000 0.000 0.000 0.000 0.050 0.000
0.333 0.624 0.000 0.000 0.000 0.000 0.000 0.043 0.000
0.323 0.645 0.000 0.000 0.000 0.000 0.000 0.032 0.000
0.000 0.995 0.000 0.000 0.000 0.000 0.000 0.004 0.000
0.000 0.999 0.000 0.000 0.000 0.000 0.000 0.000 0.000
0.000 1.000 0.000 0.000 0.000 0.000 0.000 0.000 0.000
0.000 1.000 0.000 0.000 0.000 0.000 0.000 0.000 0.000
0.015 0.057 0.000 0.000 0.000 0.000 0.000 0.928 0.000
0.018 0.064 0.000 0.000 0.000 0.000 0.000 0.918 0.000
0.012 0.037 0.000 0.000 0.000 0.000 0.000 0.951 0.000
0.281 0.002 0.041 0.014 0.000 0.000 0.000 0.662 0.000
0.323 0.002 0.047 0.017 0.000 0.000 0.000 0.611 0.000
0.399 0.002 0.050 0.018 0.000 0.000 0.000 0.530 0.000
0.424 0.002 0.054 0.017 0.000 0.000 0.000 0.502 0.000
0.381 0.002 0.056 0.011 0.000 0.000 0.000 0.551 0.000
0.388 0.001 0.059 0.009 0.000 0.000 0.000 0.543 0.000
0.381 0.587 0.000 0.000 0.000 0.000 0.000 0.032 0.000
0.325 0.633 0.000 0.000 0.000 0.000 0.000 0.042 0.000
0.302 0.654 0.000 0.000 0.000 0.000 0.000 0.045 0.000
0.278 0.692 0.000 0.000 0.000 0.000 0.000 0.030 0.000
0.275 0.701 0.000 0.000 0.000 0.000 0.000 0.025 0.000
0.000 0.998 0.000 0.000 0.000 0.000 0.000 0.002 0.000
0.000 1.000 0.000 0.000 0.000 0.000 0.000 0.000 0.000
0.000 1.000 0.000 0.000 0.000 0.000 0.000 0.000 0.000
0.016 0.070 0.000 0.000 0.000 0.000 0.000 0.914 0.000
0.015 0.058 0.000 0.000 0.000 0.000 0.000 0.927 0.000
0.009 0.035 0.000 0.000 0.000 0.000 0.000 0.956 0.000
0.356 0.002 0.048 0.018 0.000 0.000 0.000 0.575 0.000
0.433 0.003 0.052 0.021 0.000 0.000 0.000 0.491 0.000
0.494 0.003 0.056 0.024 0.000 0.000 0.000 0.423 0.000
0.508 0.003 0.061 0.025 0.000 0.000 0.000 0.403 0.000
0.447 0.002 0.063 0.014 0.000 0.000 0.000 0.474 0.000
0.322 0.646 0.000 0.000 0.000 0.000 0.000 0.032 0.000
0.297 0.668 0.000 0.000 0.000 0.000 0.000 0.036 0.000
0.260 0.709 0.000 0.000 0.000 0.000 0.000 0.032 0.000
0.246 0.731 0.000 0.000 0.000 0.000 0.000 0.023 0.000
0.231 0.750 0.000 0.000 0.000 0.000 0.000 0.019 0.000
0.000 0.997 0.000 0.000 0.000 0.000 0.000 0.003 0.000
0.000 1.000 0.000 0.000 0.000 0.000 0.000 0.000 0.000
0.000 1.000 0.000 0.000 0.000 0.000 0.000 0.000 0.000
0.012 0.064 0.000 0.000 0.000 0.000 0.000 0.924 0.000
0.014 0.071 0.000 0.000 0.000 0.000 0.000 0.915 0.000
0.012 0.058 0.000 0.000 0.000 0.000 0.000 0.929 0.000
0.338 0.003 0.045 0.019 0.000 0.000 0.000 0.596 0.000
0.406 0.003 0.051 0.026 0.000 0.000 0.000 0.514 0.000
0.449 0.003 0.055 0.026 0.000 0.000 0.000 0.467 0.000
0.499 0.003 0.058 0.026 0.000 0.000 0.000 0.414 0.000
0.506 0.003 0.062 0.023 0.000 0.000 0.000 0.406 0.000
0.476 0.002 0.066 0.018 0.000 0.000 0.000 0.438 0.000
0.296 0.683 0.000 0.000 0.000 0.000 0.000 0.020 0.000
0.289 0.687 0.000 0.000 0.000 0.000 0.000 0.023 0.000
0.251 0.719 0.000 0.000 0.000 0.000 0.000 0.029 0.000
0.233 0.739 0.000 0.000 0.000 0.000 0.000 0.027 0.000
0.243 0.737 0.000 0.000 0.000 0.000 0.000 0.020 0.000
0.236 0.750 0.000 0.000 0.000 0.000 0.000 0.014 0.000
0.000 0.999 0.000 0.000 0.000 0.000 0.000 0.001 0.000
0.000 1.000 0.000 0.000 0.000 0.000 0.000 0.000 0.000
0.000 1.000 0.000 0.000 0.000 0.000 0.000 0.000 0.000
0.012 0.077 0.000 0.000 0.000 0.000 0.000 0.911 0.000
0.011 0.066 0.000 0.000 0.000 0.000 0.000 0.922 0.000
0.008 0.047 0.000 0.000 0.000 0.000 0.000 0.944 0.000
0.419 0.003 0.051 0.025 0.000 0.000 0.000 0.501 0.000
0.460 0.003 0.056 0.027 0.000 0.000 0.000 0.453 0.000
0.535 0.003 0.058 0.029 0.000 0.000 0.000 0.374 0.000
0.559 0.003 0.061 0.026 0.000 0.000 0.000 0.350 0.000
0.286 0.695 0.000 0.000 0.000 0.000 0.000 0.019 0.000
0.278 0.693 0.000 0.000 0.000 0.000 0.000 0.028 0.000
0.259 0.709 0.000 0.000 0.000 0.000 0.000 0.032 0.000
0.227 0.750 0.000 0.000 0.000 0.000 0.000 0.022 0.000
0.217 0.769 0.000 0.000 0.000 0.000 0.000 0.014 0.000
0.000 0.997 0.000 0.000 0.000 0.000 0.000 0.002 0.000
0.000 1.000 0.000 0.000 0.000 0.000 0.000 0.000 0.000
0.000 1.000 0.000 0.000 0.000 0.000 0.000 0.000 0.000
0.008 0.065 0.000 0.000 0.000 0.000 0.000 0.927 0.000
0.010 0.074 0.000 0.000 0.000 0.000 0.000 0.916 0.000
0.008 0.057 0.000 0.000 0.000 0.000 0.000 0.934 0.000
0.474 0.004 0.053 0.032 0.000 0.000 0.000 0.437 0.000
0.557 0.004 0.055 0.035 0.000 0.000 0.000 0.350 0.000
0.570 0.003 0.057 0.027 0.000 0.000 0.000 0.343 0.000
0.561 0.003 0.063 0.029 0.000 0.000 0.000 0.344 0.000
0.568 0.003 0.068 0.026 0.000 0.000 0.000 0.335 0.000
0.288 0.690 0.000 0.000 0.000 0.000 0.000 0.022 0.000
0.276 0.692 0.000 0.000 0.000 0.000 0.000 0.032 0.000
0.251 0.719 0.000 0.000 0.000 0.000 0.000 0.030 0.000
0.245 0.733 0.000 0.000 0.000 0.000 0.000 0.023 0.000
0.241 0.741 0.000 0.000 0.000 0.000 0.000 0.018 0.000
0.000 0.999 0.000 0.000 0.000 0.000 0.000 0.000 0.000
0.000 1.000 0.000 0.000 0.000 0.000 0.000 0.000 0.000
0.000 1.000 0.000 0.000 0.000 0.000 0.000 0.000 0.000
0.008 0.072 0.000 0.000 0.000 0.000 0.000 0.920 0.000
0.008 0.062 0.000 0.000 0.000 0.000 0.000 0.930 0.000
0.006 0.045 0.000 0.000 0.000 0.000 0.000 0.948 0.000
0.500 0.004 0.053 0.034 0.000 0.000 0.000 0.409 0.000
0.567 0.004 0.054 0.032 0.000 0.000 0.000 0.343 0.000
0.570 0.003 0.058 0.029 0.000 0.000 0.000 0.340 0.000
0.553 0.003 0.063 0.023 0.000 0.000 0.000 0.358 0.000
0.558 0.003 0.069 0.024 0.000 0.000 0.000 0.347 0.000
0.317 0.658 0.000 0.000 0.000 0.000 0.000 0.025 0.000
0.284 0.687 0.000 0.000 0.000 0.000 0.000 0.029 0.000
0.251 0.721 0.000 0.000 0.000 0.000 0.000 0.028 0.000
0.257 0.721 0.000 0.000 0.000 0.000 0.000 0.022 0.000
0.254 0.730 0.000 0.000 0.000 0.000 0.000 0.016 0.000
0.000 0.998 0.000 0.000 0.000 0.000 0.000 0.002 0.000
0.000 1.000 0.000 0.000 0.000 0.000 0.000 0.000 0.000
0.000 0.999 0.000 0.000 0.000 0.000 0.000 0.000 0.000
0.006 0.066 0.000 0.000 0.000 0.000 0.000 0.927 0.000
0.007 0.072 0.000 0.000 0.000 0.000 0.000 0.920 0.000
0.006 0.055 0.000 0.000 0.000 0.000 0.000 0.939 0.000
0.481 0.004 0.054 0.031 0.000 0.000 0.000 0.430 0.000
0.566 0.004 0.055 0.032 0.000 0.000 0.000 0.343 0.000
0.606 0.003 0.057 0.029 0.000 0.000 0.000 0.304 0.000
0.575 0.003 0.063 0.024 0.000 0.000 0.000 0.336 0.000
0.533 0.002 0.070 0.020 0.000 0.000 0.000 0.375 0.000
0.508 0.002 0.079 0.021 0.000 0.000 0.000 0.390 0.000
0.317 0.665 0.000 0.000 0.000 0.000 0.000 0.018 0.000
0.319 0.657 0.000 0.000 0.000 0.000 0.000 0.023 0.000
0.293 0.677 0.000 0.000 0.000 0.000 0.000 0.029 0.000
0.265 0.709 0.000 0.000 0.000 0.000 0.000 0.026 0.000
0.261 0.720 0.000 0.000 0.000 0.000 0.000 0.019 0.000
0.263 0.722 0.000 0.000 0.000 0.000 0.000 0.015 0.000
0.000 0.999 0.000 0.000 0.000 0.000 0.000 0.000 0.000
0.000 0.999 0.000 0.000 0.000 0.000 0.000 0.000 0.000
0.006 0.072 0.000 0.000 0.000 0.000 0.000 0.921 0.000
0.005 0.062 0.000 0.000 0.000 0.000 0.000 0.933 0.000
0.522 0.004 0.055 0.035 0.000 0.000 0.000 0.384 0.000
0.565 0.004 0.057 0.033 0.000 0.000 0.000 0.342 0.000
0.601 0.003 0.057 0.024 0.000 0.000 0.000 0.315 0.000
0.614 0.003 0.060 0.021 0.000 0.000 0.000 0.303 0.000
0.554 0.002 0.068 0.018 0.000 0.000 0.000 0.357 0.000
0.332 0.651 0.000 0.000 0.000 0.000 0.000 0.017 0.000
0.318 0.657 0.000 0.000 0.000 0.000 0.000 0.025 0.000
0.305 0.667 0.000 0.000 0.000 0.000 0.000 0.029 0.000
0.283 0.695 0.000 0.000 0.000 0.000 0.000 0.022 0.000
0.276 0.707 0.000 0.000 0.000 0.000 0.000 0.017 0.000
0.259 0.729 0.000 0.000 0.000 0.000 0.000 0.013 0.000
0.000 0.998 0.000 0.000 0.000 0.000 0.000 0.001 0.000
0.000 0.999 0.000 0.000 0.000 0.000 0.000 0.000 0.000
0.000 0.999 0.000 0.000 0.000 0.000 0.000 0.000 0.000
0.005 0.073 0.000 0.001 0.000 0.000 0.000 0.922 0.000
0.005 0.064 0.000 0.001 0.000 0.000 0.000 0.931 0.000
0.588 0.004 0.057 0.035 0.000 0.000 0.000 0.316 0.000
0.585 0.003 0.060 0.026 0.000 0.000 0.000 0.326 0.000
0.576 0.003 0.065 0.024 0.000 0.000 0.000 0.332 0.000
0.540 0.002 0.072 0.020 0.000 0.000 0.000 0.366 0.000
0.533 0.003 0.082 0.024 0.000 0.000 0.000 0.358 0.000
0.355 0.625 0.000 0.000 0.000 0.000 0.000 0.020 0.000
0.336 0.641 0.000 0.000 0.000 0.000 0.000 0.023 0.000
0.313 0.662 0.000 0.000 0.000 0.000 0.000 0.025 0.000
0.299 0.680 0.000 0.000 0.000 0.000 0.000 0.021 0.000
0.294 0.691 0.000 0.000 0.000 0.000 0.000 0.015 0.000
0.000 0.995 0.000 0.000 0.001 0.000 0.000 0.004 0.000
0.000 0.999 0.000 0.000 0.000 0.000 0.000 0.000 0.000
0.000 0.999 0.000 0.000 0.000 0.000 0.000 0.000 0.000
0.003 0.062 0.000 0.000 0.000 0.000 0.000 0.934 0.000
0.004 0.069 0.000 0.001 0.000 0.000 0.000 0.927 0.000
