0.742 0.239 0.000 0.000 0.000 0.000 0.000 0.019 0.000
0.786 0.212 0.000 0.000 0.000 0.000 0.000 0.002 0.000
0.759 0.240 0.000 0.000 0.000 0.000 0.000 0.001 0.000
0.994 0.000 0.002 0.000 0.000 0.000 0.000 0.004 0.000
0.996 0.000 0.001 0.000 0.000 0.000 0.000 0.003 0.000
0.996 0.000 0.001 0.000 0.000 0.000 0.000 0.002 0.000
0.997 0.000 0.001 0.000 0.000 0.000 0.000 0.002 0.000
0.997 0.000 0.001 0.000 0.000 0.000 0.000 0.002 0.000
0.996 0.000 0.002 0.000 0.000 0.000 0.000 0.002 0.000
0.996 0.000 0.002 0.000 0.000 0.000 0.000 0.002 0.000
0.995 0.000 0.003 0.000 0.000 0.000 0.000 0.002 0.000
0.995 0.000 0.003 0.000 0.000 0.000 0.000 0.002 0.000
0.996 0.000 0.003 0.000 0.000 0.000 0.000 0.001 0.000
0.996 0.000 0.002 0.000 0.000 0.000 0.000 0.001 0.000
0.982 0.002 0.013 0.000 0.000 0.000 0.000 0.003 0.000
0.981 0.002 0.013 0.000 0.000 0.000 0.000 0.004 0.000
0.981 0.003 0.012 0.000 0.000 0.000 0.000 0.004 0.000
0.984 0.003 0.010 0.000 0.000 0.000 0.000 0.003 0.000
0.987 0.003 0.008 0.000 0.000 0.000 0.000 0.003 0.000
0.991 0.003 0.005 0.000 0.000 0.000 0.000 0.002 0.000
0.994 0.003 0.003 0.000 0.000 0.000 0.000 0.001 0.000
0.994 0.003 0.002 0.000 0.000 0.000 0.000 0.000 0.000
0.993 0.005 0.002 0.000 0.000 0.000 0.000 0.000 0.000
0.711 0.284 0.000 0.000 0.000 0.000 0.000 0.005 0.000
0.651 0.347 0.000 0.000 0.000 0.000 0.000 0.001 0.000
0.588 0.410 0.000 0.000 0.000 0.000 0.000 0.002 0.000
0.991 0.000 0.002 0.000 0.000 0.000 0.000 0.007 0.000
0.994 0.000 0.001 0.000 0.000 0.000 0.000 0.005 0.000
0.995 0.000 0.001 0.000 0.000 0.000 0.000 0.003 0.000
0.996 0.000 0.001 0.000 0.000 0.000 0.000 0.003 0.000
0.995 0.000 0.002 0.000 0.000 0.000 0.000 0.003 0.000
0.994 0.000 0.002 0.000 0.000 0.000 0.000 0.004 0.000
0.995 0.000 0.002 0.000 0.000 0.000 0.000 0.003 0.000
0.995 0.000 0.003 0.000 0.000 0.000 0.000 0.003 0.000
0.994 0.000 0.003 0.000 0.000 0.000 0.000 0.003 0.000
0.994 0.000 0.003 0.000 0.000 0.000 0.000 0.003 0.000
0.995 0.000 0.003 0.000 0.000 0.000 0.000 0.002 0.000
0.996 0.000 0.003 0.000 0.000 0.000 0.000 0.002 0.000
0.980 0.003 0.013 0.000 0.000 0.000 0.000 0.005 0.000
0.978 0.003 0.012 0.000 0.000 0.000 0.000 0.006 0.000
0.983 0.003 0.009 0.000 0.000 0.000 0.000 0.004 0.000
0.989 0.003 0.006 0.000 0.000 0.000 0.000 0.002 0.000
0.993 0.003 0.003 0.000 0.000 0.000 0.000 0.001 0.000
0.993 0.004 0.002 0.000 0.000 0.000 0.000 0.000 0.000
0.992 0.005 0.002 0.000 0.000 0.000 0.000 0.000 0.000
0.992 0.005 0.002 0.000 0.000 0.000 0.000 0.000 0.000
0.991 0.007 0.002 0.000 0.000 0.000 0.000 0.000 0.000
0.571 0.405 0.000 0.000 0.000 0.000 0.000 0.023 0.000
0.580 0.418 0.000 0.000 0.000 0.000 0.000 0.002 0.000
0.554 0.444 0.000 0.000 0.000 0.000 0.000 0.001 0.000
0.989 0.000 0.002 0.000 0.000 0.000 0.000 0.009 0.000
0.992 0.000 0.001 0.000 0.000 0.000 0.000 0.006 0.000
0.994 0.000 0.001 0.000 0.000 0.000 0.000 0.004 0.000
0.994 0.000 0.001 0.000 0.000 0.000 0.000 0.004 0.000
0.992 0.000 0.002 0.000 0.000 0.000 0.000 0.006 0.000
0.991 0.000 0.002 0.000 0.000 0.000 0.000 0.007 0.000
0.993 0.000 0.002 0.000 0.000 0.000 0.000 0.005 0.000
0.994 0.000 0.002 0.000 0.000 0.000 0.000 0.003 0.000
0.992 0.000 0.003 0.000 0.000 0.000 0.000 0.005 0.000
0.991 0.000 0.003 0.000 0.000 0.000 0.000 0.005 0.000
0.992 0.000 0.004 0.000 0.000 0.000 0.000 0.004 0.000
0.995 0.000 0.003 0.000 0.000 0.000 0.000 0.002 0.000
0.995 0.000 0.003 0.000 0.000 0.000 0.000 0.002 0.000
0.994 0.000 0.003 0.000 0.000 0.000 0.000 0.002 0.000
0.980 0.003 0.011 0.000 0.000 0.000 0.000 0.005 0.000
0.987 0.003 0.007 0.000 0.000 0.000 0.000 0.003 0.000
0.992 0.003 0.004 0.000 0.000 0.000 0.000 0.001 0.000
0.992 0.005 0.003 0.000 0.000 0.000 0.000 0.001 0.000
0.991 0.006 0.003 0.000 0.000 0.000 0.000 0.001 0.000
0.990 0.006 0.002 0.000 0.000 0.000 0.000 0.001 0.000
0.991 0.006 0.002 0.000 0.000 0.000 0.000 0.001 0.000
0.991 0.007 0.002 0.000 0.000 0.000 0.000 0.000 0.000
0.991 0.007 0.001 0.000 0.000 0.000 0.000 0.000 0.000
0.381 0.591 0.000 0.000 0.000 0.000 0.000 0.028 0.000
0.517 0.478 0.000 0.000 0.000 0.000 0.000 0.005 0.000
0.448 0.551 0.000 0.000 0.000 0.000 0.000 0.001 0.000
0.331 0.667 0.000 0.000 0.000 0.000 0.000 0.002 0.000
0.984 0.001 0.002 0.000 0.000 0.000 0.000 0.014 0.000
0.987 0.001 0.001 0.000 0.000 0.000 0.000 0.011 0.000
0.990 0.001 0.001 0.000 0.000 0.000 0.000 0.008 0.000
0.991 0.001 0.001 0.000 0.000 0.000 0.000 0.007 0.000
0.990 0.001 0.002 0.000 0.000 0.000 0.000 0.008 0.000
0.987 0.001 0.002 0.000 0.000 0.000 0.000 0.011 0.000
0.989 0.000 0.002 0.000 0.000 0.000 0.000 0.009 0.000
0.990 0.000 0.002 0.000 0.000 0.000 0.000 0.008 0.000
0.993 0.000 0.002 0.000 0.000 0.000 0.000 0.005 0.000
0.991 0.000 0.003 0.000 0.000 0.000 0.000 0.006 0.000
0.989 0.000 0.003 0.000 0.000 0.000 0.000 0.008 0.000
0.988 0.000 0.004 0.000 0.000 0.000 0.000 0.008 0.000
0.993 0.000 0.003 0.000 0.000 0.000 0.000 0.003 0.000
0.994 0.000 0.003 0.000 0.000 0.000 0.000 0.003 0.000
0.993 0.000 0.004 0.000 0.000 0.000 0.000 0.003 0.000
0.993 0.000 0.004 0.000 0.000 0.000 0.000 0.003 0.000
0.994 0.000 0.004 0.000 0.000 0.000 0.000 0.002 0.000
0.995 0.000 0.003 0.000 0.000 0.000 0.000 0.001 0.000
0.986 0.005 0.006 0.000 0.000 0.000 0.000 0.002 0.000
0.988 0.007 0.004 0.000 0.000 0.000 0.000 0.001 0.000
0.989 0.007 0.003 0.000 0.000 0.000 0.000 0.001 0.000
0.989 0.007 0.003 0.000 0.000 0.000 0.000 0.001 0.000
0.988 0.008 0.003 0.000 0.000 0.000 0.000 0.001 0.000
0.988 0.009 0.002 0.000 0.000 0.000 0.000 0.001 0.000
0.989 0.009 0.002 0.000 0.000 0.000 0.000 0.001 0.000
0.988 0.009 0.001 0.000 0.000 0.000 0.000 0.001 0.000
0.989 0.009 0.001 0.000 0.000 0.000 0.000 0.001 0.000
0.397 0.592 0.000 0.000 0.000 0.000 0.000 0.011 0.000
0.342 0.656 0.000 0.000 0.000 0.000 0.000 0.002 0.000
0.297 0.701 0.000 0.000 0.000 0.000 0.000 0.002 0.000
0.977 0.001 0.002 0.000 0.000 0.000 0.000 0.020 0.000
0.981 0.001 0.002 0.000 0.000 0.000 0.000 0.017 0.000
0.975 0.001 0.002 0.000 0.000 0.000 0.000 0.021 0.000
0.979 0.001 0.002 0.000 0.000 0.000 0.000 0.018 0.000
0.980 0.001 0.003 0.000 0.000 0.000 0.000 0.017 0.000
0.988 0.000 0.003 0.000 0.000 0.000 0.000 0.009 0.000
0.986 0.000 0.003 0.000 0.000 0.000 0.000 0.010 0.000
0.991 0.000 0.004 0.000 0.000 0.000 0.000 0.005 0.000
0.989 0.000 0.005 0.000 0.000 0.000 0.000 0.006 0.000
0.990 0.000 0.005 0.000 0.000 0.000 0.000 0.005 0.000
0.993 0.001 0.005 0.000 0.000 0.000 0.000 0.002 0.000
0.990 0.001 0.006 0.000 0.000 0.000 0.000 0.003 0.000
0.984 0.010 0.004 0.000 0.000 0.000 0.000 0.002 0.000
0.987 0.009 0.003 0.000 0.000 0.000 0.000 0.001 0.000
0.988 0.008 0.002 0.000 0.000 0.000 0.000 0.001 0.000
0.986 0.010 0.002 0.000 0.000 0.000 0.000 0.001 0.000
0.983 0.014 0.002 0.000 0.000 0.000 0.000 0.001 0.000
0.984 0.013 0.002 0.000 0.000 0.000 0.000 0.001 0.000
0.985 0.013 0.001 0.000 0.000 0.000 0.000 0.001 0.000
0.986 0.012 0.001 0.000 0.000 0.000 0.000 0.001 0.000
0.986 0.012 0.001 0.000 0.000 0.000 0.000 0.001 0.000
0.191 0.792 0.000 0.000 0.000 0.000 0.000 0.017 0.000
0.259 0.739 0.000 0.000 0.000 0.000 0.000 0.002 0.000
0.230 0.768 0.000 0.000 0.000 0.000 0.000 0.001 0.000
0.946 0.002 0.002 0.000 0.000 0.000 0.000 0.050 0.000
0.961 0.002 0.002 0.000 0.000 0.000 0.000 0.035 0.000
0.973 0.002 0.002 0.000 0.000 0.000 0.000 0.024 0.000
0.967 0.001 0.003 0.000 0.000 0.000 0.000 0.029 0.000
0.969 0.001 0.003 0.000 0.000 0.000 0.000 0.027 0.000
0.978 0.001 0.003 0.000 0.000 0.000 0.000 0.018 0.000
0.980 0.001 0.003 0.000 0.000 0.000 0.000 0.016 0.000
0.980 0.001 0.003 0.000 0.000 0.000 0.000 0.016 0.000
0.986 0.000 0.005 0.000 0.000 0.000 0.000 0.008 0.000
0.985 0.000 0.006 0.000 0.000 0.000 0.000 0.009 0.000
0.983 0.000 0.007 0.000 0.000 0.000 0.000 0.010 0.000
0.981 0.000 0.008 0.000 0.000 0.000 0.000 0.011 0.000
0.981 0.001 0.009 0.000 0.000 0.000 0.000 0.009 0.000
0.978 0.014 0.004 0.000 0.000 0.000 0.000 0.003 0.000
0.979 0.015 0.003 0.000 0.000 0.000 0.000 0.002 0.000
0.984 0.011 0.002 0.000 0.000 0.000 0.000 0.002 0.000
0.983 0.013 0.002 0.000 0.000 0.000 0.000 0.002 0.000
0.980 0.016 0.002 0.000 0.000 0.000 0.000 0.002 0.000
0.982 0.016 0.001 0.000 0.000 0.000 0.000 0.001 0.000
0.199 0.794 0.000 0.000 0.000 0.000 0.000 0.007 0.000
0.161 0.837 0.000 0.000 0.000 0.000 0.000 0.001 0.000
0.138 0.860 0.000 0.000 0.000 0.000 0.000 0.001 0.000
0.896 0.003 0.002 0.000 0.000 0.000 0.000 0.099 0.000
0.920 0.003 0.002 0.000 0.000 0.000 0.000 0.075 0.000
0.933 0.003 0.002 0.000 0.000 0.000 0.000 0.062 0.000
0.942 0.001 0.004 0.000 0.000 0.000 0.000 0.053 0.000
0.957 0.001 0.003 0.000 0.000 0.000 0.000 0.039 0.000
0.963 0.001 0.004 0.000 0.000 0.000 0.000 0.032 0.000
0.968 0.001 0.003 0.000 0.000 0.000 0.000 0.027 0.000
0.969 0.001 0.004 0.000 0.000 0.000 0.000 0.026 0.000
0.966 0.001 0.004 0.000 0.000 0.000 0.000 0.029 0.000
0.981 0.000 0.006 0.000 0.000 0.000 0.000 0.012 0.000
0.982 0.000 0.007 0.000 0.000 0.000 0.000 0.012 0.000
0.977 0.000 0.008 0.000 0.000 0.000 0.000 0.015 0.000
0.979 0.000 0.008 0.000 0.000 0.000 0.000 0.013 0.000
0.983 0.001 0.008 0.000 0.000 0.000 0.000 0.008 0.000
0.986 0.001 0.008 0.000 0.000 0.000 0.000 0.005 0.000
0.982 0.013 0.002 0.000 0.000 0.000 0.000 0.002 0.000
0.983 0.013 0.002 0.000 0.000 0.000 0.000 0.002 0.000
0.982 0.014 0.002 0.000 0.000 0.000 0.000 0.002 0.000
0.974 0.023 0.001 0.000 0.000 0.000 0.000 0.001 0.000
0.975 0.023 0.001 0.000 0.000 0.000 0.000 0.001 0.000
0.109 0.875 0.000 0.000 0.000 0.000 0.000 0.016 0.000
0.118 0.880 0.000 0.000 0.000 0.000 0.000 0.002 0.000
0.107 0.892 0.000 0.000 0.000 0.000 0.000 0.001 0.000
0.858 0.005 0.002 0.000 0.000 0.000 0.000 0.134 0.000
0.881 0.005 0.002 0.000 0.000 0.000 0.000 0.112 0.000
0.929 0.002 0.004 0.000 0.000 0.000 0.000 0.066 0.000
0.941 0.002 0.004 0.000 0.000 0.000 0.000 0.053 0.000
0.950 0.001 0.004 0.000 0.000 0.000 0.000 0.045 0.000
0.952 0.001 0.004 0.000 0.000 0.000 0.000 0.042 0.000
0.943 0.001 0.005 0.000 0.000 0.000 0.000 0.050 0.000
0.944 0.001 0.005 0.000 0.000 0.000 0.000 0.049 0.000
0.925 0.001 0.007 0.000 0.000 0.000 0.000 0.067 0.000
0.979 0.000 0.007 0.000 0.000 0.000 0.000 0.013 0.000
0.977 0.000 0.008 0.000 0.000 0.000 0.000 0.014 0.000
0.977 0.000 0.009 0.000 0.000 0.000 0.000 0.014 0.000
0.979 0.001 0.009 0.000 0.000 0.000 0.000 0.011 0.000
0.982 0.001 0.010 0.000 0.000 0.000 0.000 0.008 0.000
0.984 0.001 0.010 0.000 0.000 0.000 0.000 0.005 0.000
0.978 0.018 0.002 0.000 0.000 0.000 0.000 0.002 0.000
0.978 0.018 0.001 0.000 0.000 0.000 0.000 0.002 0.000
0.965 0.032 0.001 0.000 0.000 0.000 0.000 0.002 0.000
0.964 0.034 0.001 0.000 0.000 0.000 0.000 0.001 0.000
0.972 0.025 0.001 0.000 0.000 0.000 0.000 0.002 0.000
0.041 0.949 0.000 0.000 0.000 0.000 0.000 0.010 0.000
0.090 0.907 0.000 0.000 0.000 0.000 0.000 0.004 0.000
0.071 0.928 0.000 0.000 0.000 0.000 0.000 0.001 0.000
0.774 0.009 0.002 0.000 0.000 0.000 0.000 0.216 0.000
0.799 0.008 0.002 0.000 0.000 0.000 0.000 0.192 0.000
0.820 0.007 0.002 0.000 0.000 0.000 0.000 0.171 0.000
0.922 0.002 0.005 0.000 0.000 0.000 0.000 0.071 0.000
0.923 0.002 0.005 0.000 0.000 0.000 0.000 0.071 0.000
0.919 0.002 0.005 0.000 0.000 0.000 0.000 0.074 0.000
0.878 0.001 0.007 0.000 0.000 0.000 0.000 0.113 0.000
0.966 0.001 0.004 0.000 0.000 0.000 0.000 0.028 0.000
0.991 0.002 0.002 0.000 0.000 0.000 0.000 0.005 0.000
0.974 0.001 0.008 0.000 0.000 0.000 0.000 0.017 0.000
0.972 0.001 0.009 0.000 0.000 0.000 0.000 0.019 0.000
0.972 0.001 0.010 0.000 0.000 0.000 0.000 0.018 0.000
0.971 0.001 0.011 0.000 0.000 0.000 0.000 0.018 0.000
0.975 0.001 0.011 0.000 0.000 0.000 0.000 0.012 0.000
0.974 0.001 0.013 0.000 0.000 0.000 0.000 0.012 0.000
0.970 0.026 0.001 0.000 0.000 0.000 0.000 0.002 0.000
0.958 0.038 0.001 0.000 0.000 0.000 0.000 0.003 0.000
0.955 0.042 0.001 0.000 0.000 0.000 0.000 0.002 0.000
0.953 0.044 0.001 0.000 0.000 0.000 0.000 0.002 0.000
0.954 0.044 0.001 0.000 0.000 0.000 0.000 0.002 0.000
0.054 0.936 0.000 0.000 0.000 0.000 0.000 0.010 0.000
0.046 0.953 0.000 0.000 0.000 0.000 0.000 0.001 0.000
0.044 0.955 0.000 0.000 0.000 0.000 0.000 0.001 0.000
0.664 0.013 0.002 0.000 0.000 0.000 0.000 0.321 0.000
0.701 0.012 0.002 0.000 0.000 0.000 0.000 0.285 0.000
0.727 0.011 0.002 0.000 0.000 0.000 0.000 0.259 0.000
0.879 0.002 0.006 0.000 0.000 0.000 0.000 0.113 0.000
0.854 0.002 0.006 0.000 0.000 0.000 0.000 0.138 0.000
0.920 0.002 0.006 0.000 0.000 0.000 0.000 0.072 0.000
0.948 0.004 0.005 0.000 0.000 0.000 0.000 0.042 0.000
0.948 0.003 0.006 0.000 0.000 0.000 0.000 0.043 0.000
0.870 0.002 0.009 0.000 0.000 0.000 0.000 0.120 0.000
0.968 0.001 0.010 0.000 0.000 0.000 0.000 0.021 0.000
0.963 0.001 0.011 0.000 0.000 0.000 0.000 0.025 0.000
0.963 0.001 0.012 0.000 0.000 0.000 0.000 0.024 0.000
0.964 0.001 0.014 0.000 0.000 0.000 0.000 0.022 0.000
0.966 0.001 0.015 0.000 0.000 0.000 0.000 0.017 0.000
0.952 0.042 0.001 0.000 0.000 0.000 0.000 0.005 0.000
0.949 0.045 0.001 0.000 0.000 0.000 0.000 0.004 0.000
0.945 0.051 0.001 0.000 0.000 0.000 0.000 0.003 0.000
0.941 0.056 0.001 0.000 0.000 0.000 0.000 0.003 0.000
0.937 0.060 0.000 0.000 0.000 0.000 0.000 0.002 0.000
0.022 0.963 0.000 0.000 0.000 0.000 0.000 0.015 0.000
0.037 0.961 0.000 0.000 0.000 0.000 0.000 0.002 0.000
0.031 0.968 0.000 0.000 0.000 0.000 0.000 0.001 0.000
0.607 0.016 0.001 0.000 0.000 0.000 0.000 0.376 0.000
0.602 0.015 0.001 0.000 0.000 0.000 0.000 0.382 0.000
0.618 0.015 0.002 0.000 0.000 0.000 0.000 0.365 0.000
0.865 0.003 0.006 0.000 0.000 0.000 0.000 0.126 0.000
0.871 0.003 0.006 0.000 0.000 0.000 0.000 0.120 0.000
0.849 0.003 0.007 0.000 0.000 0.000 0.000 0.141 0.000
0.835 0.002 0.008 0.000 0.000 0.000 0.000 0.155 0.000
0.837 0.002 0.009 0.000 0.000 0.000 0.000 0.152 0.000
0.856 0.002 0.009 0.000 0.000 0.000 0.000 0.133 0.000
0.954 0.001 0.013 0.000 0.000 0.000 0.000 0.033 0.000
0.954 0.001 0.014 0.000 0.000 0.000 0.000 0.032 0.000
0.953 0.001 0.015 0.000 0.000 0.000 0.000 0.031 0.000
0.956 0.001 0.017 0.000 0.000 0.000 0.000 0.026 0.000
0.951 0.044 0.001 0.000 0.000 0.000 0.000 0.003 0.000
0.952 0.044 0.001 0.000 0.000 0.000 0.000 0.004 0.000
0.953 0.041 0.001 0.000 0.000 0.000 0.000 0.005 0.000
0.949 0.045 0.001 0.000 0.000 0.000 0.000 0.005 0.000
0.932 0.061 0.001 0.000 0.000 0.000 0.000 0.005 0.000
0.927 0.067 0.001 0.000 0.000 0.000 0.000 0.004 0.000
0.929 0.067 0.001 0.000 0.000 0.000 0.000 0.003 0.000
0.920 0.077 0.000 0.000 0.000 0.000 0.000 0.003 0.000
0.032 0.960 0.000 0.000 0.000 0.000 0.000 0.007 0.000
0.022 0.977 0.000 0.000 0.000 0.000 0.000 0.001 0.000
0.019 0.980 0.000 0.000 0.000 0.000 0.000 0.001 0.000
0.473 0.024 0.001 0.000 0.000 0.000 0.000 0.502 0.000
0.529 0.024 0.001 0.000 0.000 0.000 0.000 0.446 0.000
0.519 0.021 0.001 0.000 0.000 0.000 0.000 0.458 0.000
0.836 0.003 0.007 0.000 0.000 0.000 0.000 0.153 0.000
0.814 0.003 0.008 0.000 0.000 0.000 0.000 0.175 0.000
0.804 0.003 0.009 0.000 0.000 0.000 0.000 0.185 0.000
0.820 0.003 0.009 0.000 0.000 0.000 0.000 0.168 0.000
0.947 0.001 0.014 0.000 0.000 0.000 0.000 0.037 0.000
0.941 0.001 0.016 0.000 0.000 0.000 0.000 0.042 0.000
0.944 0.001 0.017 0.000 0.000 0.000 0.000 0.038 0.000
0.945 0.001 0.018 0.000 0.000 0.000 0.000 0.036 0.000
0.941 0.001 0.020 0.000 0.000 0.000 0.000 0.038 0.000
0.935 0.059 0.001 0.000 0.000 0.000 0.000 0.005 0.000
0.933 0.061 0.001 0.000 0.000 0.000 0.000 0.005 0.000
0.930 0.062 0.001 0.000 0.000 0.000 0.000 0.007 0.000
0.922 0.071 0.001 0.000 0.000 0.000 0.000 0.007 0.000
0.906 0.088 0.001 0.000 0.000 0.000 0.000 0.006 0.000
0.902 0.093 0.000 0.000 0.000 0.000 0.000 0.004 0.000
0.890 0.106 0.000 0.000 0.000 0.000 0.000 0.004 0.000
0.020 0.967 0.000 0.000 0.000 0.000 0.000 0.013 0.000
0.021 0.977 0.000 0.000 0.000 0.000 0.000 0.001 0.000
0.016 0.983 0.000 0.000 0.000 0.000 0.000 0.001 0.000
0.319 0.029 0.001 0.000 0.000 0.000 0.000 0.651 0.000
0.395 0.030 0.001 0.000 0.000 0.000 0.000 0.574 0.000
0.411 0.029 0.001 0.000 0.000 0.000 0.000 0.558 0.000
0.767 0.003 0.008 0.000 0.000 0.000 0.000 0.221 0.000
0.736 0.003 0.010 0.000 0.000 0.000 0.000 0.251 0.000
0.752 0.003 0.010 0.000 0.000 0.000 0.000 0.234 0.000
0.803 0.004 0.011 0.000 0.000 0.000 0.000 0.182 0.000
0.937 0.001 0.016 0.000 0.000 0.000 0.000 0.045 0.000
0.938 0.001 0.017 0.000 0.000 0.000 0.000 0.043 0.000
0.916 0.001 0.022 0.000 0.000 0.000 0.000 0.061 0.000
0.884 0.001 0.029 0.000 0.000 0.000 0.000 0.086 0.000
0.917 0.076 0.001 0.000 0.000 0.000 0.000 0.006 0.000
0.919 0.073 0.001 0.000 0.000 0.000 0.000 0.007 0.000
0.916 0.076 0.001 0.000 0.000 0.000 0.000 0.007 0.000
0.899 0.092 0.001 0.000 0.000 0.000 0.000 0.008 0.000
0.878 0.113 0.001 0.000 0.000 0.000 0.000 0.008 0.000
0.879 0.114 0.000 0.000 0.000 0.000 0.000 0.006 0.000
0.866 0.129 0.000 0.000 0.000 0.000 0.000 0.005 0.000
0.020 0.978 0.000 0.000 0.000 0.000 0.000 0.002 0.000
0.013 0.986 0.000 0.000 0.000 0.000 0.000 0.000 0.000
0.009 0.990 0.000 0.000 0.000 0.000 0.000 0.001 0.000
0.264 0.033 0.001 0.000 0.000 0.000 0.000 0.702 0.000
0.303 0.035 0.001 0.000 0.000 0.000 0.000 0.660 0.000
0.749 0.004 0.009 0.000 0.000 0.000 0.000 0.238 0.000
0.692 0.004 0.010 0.000 0.000 0.000 0.000 0.293 0.000
0.711 0.004 0.011 0.000 0.000 0.000 0.000 0.274 0.000
0.766 0.004 0.011 0.000 0.000 0.000 0.000 0.218 0.000
0.809 0.004 0.011 0.000 0.000 0.000 0.000 0.175 0.000
0.889 0.001 0.023 0.000 0.000 0.000 0.000 0.087 0.000
0.910 0.001 0.023 0.000 0.000 0.000 0.000 0.065 0.000
0.899 0.094 0.001 0.000 0.000 0.000 0.000 0.007 0.000
0.887 0.105 0.001 0.000 0.000 0.000 0.000 0.007 0.000
0.887 0.103 0.001 0.000 0.000 0.000 0.000 0.009 0.000
0.872 0.116 0.001 0.000 0.000 0.000 0.000 0.011 0.000
0.849 0.140 0.000 0.000 0.000 0.000 0.000 0.011 0.000
0.823 0.167 0.000 0.000 0.000 0.000 0.000 0.010 0.000
0.812 0.178 0.000 0.000 0.000 0.000 0.000 0.009 0.000
0.826 0.167 0.000 0.000 0.000 0.000 0.000 0.006 0.000
0.013 0.975 0.000 0.000 0.000 0.000 0.000 0.011 0.000
0.011 0.988 0.000 0.000 0.000 0.000 0.000 0.000 0.000
0.010 0.990 0.000 0.000 0.000 0.000 0.000 0.000 0.000
0.179 0.041 0.000 0.000 0.000 0.000 0.000 0.779 0.000
0.217 0.043 0.000 0.000 0.000 0.000 0.000 0.739 0.000
0.225 0.041 0.000 0.000 0.000 0.000 0.000 0.733 0.000
0.671 0.005 0.009 0.000 0.000 0.000 0.000 0.314 0.000
0.667 0.005 0.010 0.000 0.000 0.000 0.000 0.317 0.000
0.701 0.005 0.011 0.000 0.000 0.000 0.000 0.283 0.000
0.733 0.005 0.012 0.000 0.000 0.000 0.000 0.250 0.000
0.888 0.002 0.023 0.001 0.000 0.000 0.000 0.086 0.000
0.879 0.002 0.025 0.001 0.000 0.000 0.000 0.093 0.000
0.871 0.002 0.028 0.000 0.000 0.000 0.000 0.099 0.000
0.875 0.116 0.001 0.000 0.000 0.000 0.000 0.008 0.000
0.868 0.122 0.000 0.000 0.000 0.000 0.000 0.010 0.000
0.858 0.131 0.000 0.000 0.000 0.000 0.000 0.011 0.000
0.845 0.141 0.000 0.000 0.000 0.000 0.000 0.014 0.000
0.765 0.205 0.001 0.000 0.000 0.000 0.000 0.029 0.000
0.811 0.171 0.000 0.000 0.000 0.000 0.000 0.017 0.000
0.807 0.184 0.000 0.000 0.000 0.000 0.000 0.008 0.000
0.789 0.203 0.000 0.000 0.000 0.000 0.000 0.008 0.000
0.014 0.985 0.000 0.000 0.000 0.000 0.000 0.002 0.000
0.009 0.991 0.000 0.000 0.000 0.000 0.000 0.000 0.000
0.006 0.994 0.000 0.000 0.000 0.000 0.000 0.001 0.000
0.141 0.048 0.000 0.000 0.000 0.000 0.000 0.810 0.000
0.162 0.049 0.000 0.000 0.000 0.000 0.000 0.789 0.000
0.629 0.007 0.010 0.001 0.000 0.000 0.000 0.354 0.000
0.666 0.006 0.010 0.001 0.000 0.000 0.000 0.316 0.000
0.646 0.006 0.011 0.001 0.000 0.000 0.000 0.336 0.000
0.656 0.005 0.012 0.001 0.000 0.000 0.000 0.326 0.000
0.495 0.004 0.014 0.000 0.000 0.000 0.000 0.487 0.000
0.841 0.003 0.025 0.001 0.000 0.000 0.000 0.130 0.000
0.854 0.003 0.026 0.001 0.000 0.000 0.000 0.116 0.000
0.836 0.002 0.029 0.001 0.000 0.000 0.000 0.132 0.000
0.794 0.002 0.035 0.001 0.000 0.000 0.000 0.169 0.000
0.831 0.158 0.000 0.000 0.000 0.000 0.000 0.011 0.000
0.829 0.157 0.000 0.000 0.000 0.000 0.000 0.013 0.000
0.825 0.138 0.001 0.000 0.000 0.000 0.000 0.037 0.000
0.793 0.186 0.000 0.000 0.000 0.000 0.000 0.021 0.000
0.764 0.224 0.000 0.000 0.000 0.000 0.000 0.013 0.000
0.757 0.232 0.000 0.000 0.000 0.000 0.000 0.011 0.000
0.012 0.982 0.000 0.000 0.000 0.000 0.000 0.005 0.000
0.007 0.993 0.000 0.000 0.000 0.000 0.000 0.000 0.000
0.006 0.994 0.000 0.000 0.000 0.000 0.000 0.000 0.000
0.096 0.055 0.000 0.000 0.000 0.000 0.000 0.849 0.000
0.109 0.057 0.000 0.000 0.000 0.000 0.000 0.833 0.000
0.115 0.054 0.000 0.000 0.000 0.000 0.000 0.831 0.000
0.639 0.008 0.011 0.001 0.000 0.000 0.000 0.342 0.000
0.442 0.005 0.012 0.001 0.000 0.000 0.000 0.540 0.000
0.415 0.003 0.012 0.000 0.000 0.000 0.000 0.570 0.000
0.676 0.004 0.013 0.001 0.000 0.000 0.000 0.306 0.000
0.239 0.001 0.011 0.000 0.000 0.000 0.000 0.749 0.000
0.605 0.004 0.026 0.001 0.000 0.000 0.000 0.364 0.000
0.730 0.005 0.027 0.001 0.000 0.000 0.000 0.238 0.000
0.759 0.005 0.028 0.001 0.000 0.000 0.000 0.207 0.000
0.788 0.004 0.029 0.001 0.000 0.000 0.000 0.178 0.000
0.808 0.004 0.030 0.001 0.000 0.000 0.000 0.157 0.000
0.809 0.003 0.032 0.001 0.000 0.000 0.000 0.155 0.000
0.720 0.002 0.039 0.001 0.000 0.000 0.000 0.238 0.000
0.801 0.180 0.000 0.000 0.000 0.000 0.000 0.019 0.000
0.771 0.211 0.000 0.000 0.000 0.000 0.000 0.018 0.000
0.724 0.256 0.000 0.000 0.000 0.000 0.000 0.020 0.000
0.703 0.281 0.000 0.000 0.000 0.000 0.000 0.016 0.000
0.710 0.277 0.000 0.000 0.000 0.000 0.000 0.013 0.000
0.682 0.307 0.000 0.000 0.000 0.000 0.000 0.011 0.000
0.006 0.986 0.000 0.000 0.000 0.000 0.000 0.008 0.000
0.007 0.992 0.000 0.000 0.000 0.000 0.000 0.000 0.000
0.005 0.995 0.000 0.000 0.000 0.000 0.000 0.000 0.000
0.002 0.997 0.000 0.000 0.000 0.000 0.000 0.001 0.000
0.063 0.081 0.000 0.000 0.000 0.000 0.000 0.856 0.000
0.072 0.065 0.000 0.000 0.000 0.000 0.000 0.863 0.000
0.072 0.060 0.000 0.000 0.000 0.000 0.000 0.868 0.000
0.600 0.008 0.011 0.001 0.000 0.000 0.000 0.380 0.000
0.668 0.013 0.012 0.002 0.000 0.000 0.000 0.305 0.000
0.599 0.008 0.013 0.001 0.000 0.000 0.000 0.379 0.000
0.604 0.007 0.014 0.001 0.000 0.000 0.000 0.374 0.000
0.302 0.002 0.013 0.000 0.000 0.000 0.000 0.684 0.000
0.240 0.001 0.012 0.000 0.000 0.000 0.000 0.747 0.000
0.437 0.003 0.018 0.001 0.000 0.000 0.000 0.541 0.000
0.468 0.004 0.020 0.001 0.000 0.000 0.000 0.507 0.000
0.529 0.004 0.022 0.001 0.000 0.000 0.000 0.444 0.000
0.531 0.005 0.025 0.001 0.000 0.000 0.000 0.438 0.000
0.552 0.005 0.027 0.001 0.000 0.000 0.000 0.415 0.000
0.639 0.006 0.029 0.002 0.000 0.000 0.000 0.324 0.000
0.718 0.005 0.030 0.002 0.000 0.000 0.000 0.245 0.000
0.741 0.005 0.031 0.002 0.000 0.000 0.000 0.222 0.000
0.744 0.004 0.033 0.001 0.000 0.000 0.000 0.218 0.000
0.723 0.003 0.037 0.001 0.000 0.000 0.000 0.236 0.000
0.728 0.255 0.000 0.000 0.000 0.000 0.000 0.016 0.000
0.707 0.270 0.000 0.000 0.000 0.000 0.000 0.023 0.000
0.671 0.304 0.000 0.000 0.000 0.000 0.000 0.024 0.000
0.642 0.338 0.000 0.000 0.000 0.000 0.000 0.019 0.000
0.652 0.332 0.000 0.000 0.000 0.000 0.000 0.016 0.000
0.615 0.372 0.000 0.000 0.000 0.000 0.000 0.012 0.000
0.008 0.990 0.000 0.000 0.000 0.000 0.000 0.002 0.000
0.004 0.995 0.000 0.000 0.000 0.000 0.000 0.000 0.000
0.003 0.996 0.000 0.000 0.000 0.000 0.000 0.000 0.000
0.040 0.058 0.000 0.000 0.000 0.000 0.000 0.901 0.000
0.051 0.071 0.000 0.000 0.000 0.000 0.000 0.878 0.000
0.049 0.063 0.000 0.000 0.000 0.000 0.000 0.888 0.000
0.499 0.009 0.014 0.002 0.000 0.000 0.000 0.477 0.000
0.524 0.008 0.015 0.002 0.000 0.000 0.000 0.451 0.000
0.508 0.007 0.016 0.001 0.000 0.000 0.000 0.468 0.000
0.481 0.006 0.017 0.001 0.000 0.000 0.000 0.495 0.000
0.495 0.006 0.019 0.001 0.000 0.000 0.000 0.479 0.000
0.474 0.005 0.020 0.001 0.000 0.000 0.000 0.499 0.000
0.486 0.005 0.022 0.001 0.000 0.000 0.000 0.485 0.000
0.457 0.005 0.025 0.001 0.000 0.000 0.000 0.513 0.000
0.523 0.006 0.028 0.002 0.000 0.000 0.000 0.441 0.000
0.571 0.006 0.030 0.002 0.000 0.000 0.000 0.391 0.000
0.655 0.006 0.031 0.002 0.000 0.000 0.000 0.306 0.000
0.671 0.005 0.033 0.002 0.000 0.000 0.000 0.289 0.000
0.648 0.004 0.036 0.002 0.000 0.000 0.000 0.310 0.000
0.629 0.004 0.040 0.001 0.000 0.000 0.000 0.326 0.000
0.672 0.307 0.000 0.000 0.000 0.000 0.000 0.021 0.000
0.662 0.311 0.000 0.000 0.000 0.000 0.000 0.026 0.000
0.614 0.358 0.000 0.000 0.000 0.000 0.000 0.027 0.000
0.566 0.413 0.000 0.000 0.000 0.000 0.000 0.021 0.000
0.565 0.417 0.000 0.000 0.000 0.000 0.000 0.018 0.000
0.564 0.422 0.000 0.000 0.000 0.000 0.000 0.014 0.000
0.005 0.985 0.000 0.000 0.000 0.000 0.000 0.009 0.000
0.004 0.995 0.000 0.000 0.000 0.000 0.000 0.000 0.000
0.003 0.997 0.000 0.000 0.000 0.000 0.000 0.000 0.000
0.033 0.077 0.000 0.000 0.000 0.000 0.000 0.890 0.000
0.032 0.071 0.000 0.000 0.000 0.000 0.000 0.897 0.000
0.385 0.010 0.013 0.002 0.000 0.000 0.000 0.590 0.000
0.425 0.009 0.015 0.002 0.000 0.000 0.000 0.549 0.000
0.436 0.008 0.016 0.002 0.000 0.000 0.000 0.538 0.000
0.457 0.008 0.017 0.002 0.000 0.000 0.000 0.516 0.000
0.431 0.006 0.021 0.002 0.000 0.000 0.000 0.540 0.000
0.405 0.006 0.022 0.001 0.000 0.000 0.000 0.566 0.000
0.428 0.006 0.025 0.002 0.000 0.000 0.000 0.540 0.000
0.482 0.007 0.028 0.002 0.000 0.000 0.000 0.481 0.000
0.530 0.006 0.030 0.003 0.000 0.000 0.000 0.431 0.000
0.569 0.006 0.032 0.002 0.000 0.000 0.000 0.390 0.000
0.606 0.006 0.035 0.002 0.000 0.000 0.000 0.352 0.000
0.620 0.005 0.037 0.002 0.000 0.000 0.000 0.336 0.000
0.618 0.359 0.000 0.000 0.000 0.000 0.000 0.022 0.000
0.600 0.371 0.000 0.000 0.000 0.000 0.000 0.029 0.000
0.530 0.435 0.000 0.000 0.000 0.000 0.000 0.035 0.000
0.497 0.475 0.000 0.000 0.000 0.000 0.000 0.027 0.000
0.506 0.476 0.000 0.000 0.000 0.000 0.000 0.018 0.000
0.486 0.498 0.000 0.000 0.000 0.000 0.000 0.015 0.000
0.005 0.993 0.000 0.000 0.000 0.000 0.000 0.001 0.000
0.003 0.997 0.000 0.000 0.000 0.000 0.000 0.000 0.000
0.002 0.998 0.000 0.000 0.000 0.000 0.000 0.000 0.000
0.019 0.072 0.000 0.000 0.000 0.000 0.000 0.909 0.000
0.022 0.084 0.000 0.000 0.000 0.000 0.000 0.893 0.000
0.019 0.069 0.000 0.000 0.000 0.000 0.000 0.911 0.000
0.391 0.006 0.024 0.002 0.000 0.000 0.000 0.576 0.000
0.425 0.007 0.027 0.003 0.000 0.000 0.000 0.538 0.000
0.503 0.007 0.030 0.003 0.000 0.000 0.000 0.457 0.000
0.545 0.007 0.033 0.003 0.000 0.000 0.000 0.413 0.000
0.536 0.006 0.035 0.003 0.000 0.000 0.000 0.420 0.000
0.517 0.005 0.038 0.003 0.000 0.000 0.000 0.438 0.000
0.554 0.420 0.000 0.000 0.000 0.000 0.000 0.026 0.000
0.530 0.431 0.000 0.000 0.000 0.000 0.000 0.038 0.000
0.487 0.471 0.000 0.000 0.000 0.000 0.000 0.041 0.000
0.426 0.546 0.000 0.000 0.000 0.000 0.000 0.028 0.000
0.441 0.537 0.000 0.000 0.000 0.000 0.000 0.021 0.000
0.421 0.562 0.000 0.000 0.000 0.000 0.000 0.017 0.000
0.004 0.993 0.000 0.000 0.000 0.000 0.000 0.003 0.000
0.003 0.997 0.000 0.000 0.000 0.000 0.000 0.000 0.000
0.002 0.998 0.000 0.000 0.000 0.000 0.000 0.000 0.000
0.015 0.091 0.000 0.000 0.000 0.000 0.000 0.894 0.000
0.015 0.081 0.000 0.000 0.000 0.000 0.000 0.904 0.000
0.470 0.008 0.030 0.004 0.000 0.000 0.000 0.488 0.000
0.501 0.007 0.033 0.004 0.000 0.000 0.000 0.455 0.000
0.446 0.006 0.035 0.003 0.000 0.000 0.000 0.511 0.000
0.442 0.006 0.039 0.003 0.000 0.000 0.000 0.510 0.000
0.497 0.468 0.000 0.000 0.000 0.000 0.000 0.034 0.000
0.473 0.490 0.000 0.000 0.000 0.000 0.000 0.037 0.000
0.406 0.550 0.000 0.000 0.000 0.000 0.000 0.044 0.000
0.372 0.597 0.000 0.000 0.000 0.000 0.000 0.031 0.000
0.379 0.599 0.000 0.000 0.000 0.000 0.000 0.022 0.000
0.353 0.630 0.000 0.000 0.000 0.000 0.000 0.017 0.000
0.003 0.997 0.000 0.000 0.000 0.000 0.000 0.000 0.000
0.002 0.998 0.000 0.000 0.000 0.000 0.000 0.000 0.000
0.009 0.095 0.000 0.000 0.000 0.000 0.000 0.895 0.000
0.011 0.104 0.000 0.000 0.000 0.000 0.000 0.885 0.000
0.009 0.088 0.000 0.000 0.000 0.000 0.000 0.903 0.000
0.416 0.010 0.028 0.006 0.000 0.000 0.000 0.541 0.000
0.429 0.008 0.030 0.005 0.000 0.000 0.000 0.527 0.000
0.433 0.008 0.033 0.005 0.000 0.000 0.000 0.521 0.000
0.438 0.009 0.037 0.006 0.000 0.000 0.000 0.511 0.000
0.419 0.551 0.000 0.000 0.000 0.000 0.000 0.030 0.000
0.395 0.559 0.000 0.000 0.000 0.000 0.000 0.046 0.000
0.347 0.610 0.000 0.000 0.000 0.000 0.000 0.043 0.000
0.315 0.655 0.000 0.000 0.000 0.000 0.000 0.030 0.000
0.317 0.660 0.000 0.000 0.000 0.000 0.000 0.023 0.000
0.285 0.698 0.000 0.000 0.000 0.000 0.000 0.017 0.000
0.004 0.995 0.000 0.000 0.000 0.000 0.000 0.002 0.000
0.002 0.998 0.000 0.000 0.000 0.000 0.000 0.000 0.000
0.002 0.998 0.000 0.000 0.000 0.000 0.000 0.000 0.000
0.007 0.107 0.000 0.000 0.000 0.000 0.000 0.886 0.000
0.007 0.102 0.000 0.000 0.000 0.000 0.000 0.891 0.000
0.378 0.012 0.025 0.008 0.000 0.000 0.000 0.577 0.000
0.395 0.011 0.028 0.008 0.000 0.000 0.000 0.558 0.000
0.401 0.010 0.030 0.007 0.000 0.000 0.000 0.551 0.000
0.381 0.009 0.032 0.006 0.000 0.000 0.000 0.572 0.000
0.442 0.010 0.036 0.007 0.000 0.000 0.000 0.505 0.000
0.403 0.013 0.042 0.010 0.000 0.000 0.000 0.533 0.000
0.355 0.609 0.000 0.000 0.000 0.000 0.000 0.036 0.000
0.345 0.613 0.000 0.000 0.000 0.000 0.000 0.042 0.000
0.292 0.666 0.000 0.000 0.000 0.000 0.000 0.042 0.000
0.255 0.715 0.000 0.000 0.000 0.000 0.000 0.029 0.000
0.251 0.723 0.000 0.000 0.000 0.000 0.000 0.026 0.000
0.251 0.730 0.000 0.000 0.000 0.000 0.000 0.019 0.000
0.003 0.993 0.000 0.000 0.001 0.000 0.000 0.003 0.000
0.003 0.997 0.000 0.000 0.000 0.000 0.000 0.000 0.000
0.002 0.998 0.000 0.000 0.000 0.000 0.000 0.000 0.000
0.005 0.118 0.000 0.000 0.000 0.000 0.000 0.877 0.000
0.005 0.114 0.000 0.000 0.000 0.000 0.000 0.881 0.000
0.004 0.094 0.000 0.000 0.000 0.000 0.000 0.902 0.000
0.316 0.014 0.023 0.010 0.000 0.000 0.000 0.637 0.000
0.352 0.014 0.025 0.011 0.000 0.000 0.000 0.598 0.000
0.390 0.013 0.028 0.010 0.000 0.000 0.000 0.559 0.000
0.424 0.014 0.031 0.012 0.000 0.000 0.000 0.519 0.000
0.417 0.011 0.033 0.009 0.000 0.000 0.000 0.530 0.000
0.436 0.010 0.036 0.009 0.000 0.000 0.000 0.509 0.000
0.307 0.658 0.000 0.000 0.000 0.000 0.000 0.034 0.000
0.270 0.683 0.000 0.000 0.000 0.000 0.000 0.047 0.000
0.223 0.733 0.000 0.000 0.000 0.000 0.000 0.044 0.000
0.207 0.758 0.000 0.000 0.000 0.000 0.000 0.035 0.000
0.205 0.768 0.000 0.000 0.000 0.000 0.000 0.027 0.000
0.188 0.791 0.000 0.000 0.000 0.000 0.000 0.021 0.000
0.003 0.996 0.000 0.000 0.000 0.000 0.000 0.000 0.000
0.002 0.998 0.000 0.000 0.000 0.000 0.000 0.000 0.000
0.001 0.999 0.000 0.000 0.000 0.000 0.000 0.000 0.000
0.004 0.129 0.000 0.000 0.000 0.000 0.000 0.867 0.000
0.003 0.104 0.000 0.000 0.000 0.000 0.000 0.893 0.000
0.287 0.016 0.022 0.012 0.000 0.000 0.000 0.662 0.000
0.328 0.019 0.026 0.016 0.000 0.000 0.000 0.610 0.000
0.388 0.017 0.028 0.015 0.000 0.000 0.000 0.553 0.000
0.428 0.018 0.032 0.017 0.000 0.000 0.000 0.505 0.000
0.430 0.015 0.034 0.014 0.000 0.000 0.000 0.507 0.000
0.402 0.012 0.036 0.010 0.000 0.000 0.000 0.540 0.000
0.241 0.722 0.000 0.000 0.000 0.000 0.000 0.037 0.000
0.221 0.730 0.000 0.000 0.000 0.000 0.000 0.049 0.000
0.193 0.755 0.000 0.000 0.000 0.000 0.000 0.051 0.000
0.177 0.785 0.000 0.000 0.000 0.000 0.000 0.037 0.000
0.173 0.796 0.000 0.000 0.000 0.000 0.000 0.031 0.000
0.154 0.823 0.000 0.000 0.000 0.000 0.000 0.022 0.000
0.003 0.995 0.000 0.000 0.000 0.000 0.000 0.001 0.000
0.002 0.998 0.000 0.000 0.000 0.000 0.000 0.000 0.000
0.002 0.998 0.000 0.000 0.000 0.000 0.000 0.000 0.000
0.004 0.152 0.000 0.000 0.000 0.000 0.000 0.845 0.000
0.003 0.126 0.000 0.000 0.000 0.000 0.000 0.871 0.000
0.002 0.085 0.000 0.000 0.000 0.000 0.000 0.913 0.000
0.280 0.019 0.025 0.016 0.000 0.000 0.000 0.660 0.000
0.343 0.020 0.029 0.019 0.000 0.000 0.000 0.589 0.000
0.397 0.020 0.032 0.020 0.000 0.000 0.000 0.531 0.000
0.412 0.016 0.034 0.016 0.000 0.000 0.000 0.522 0.000
0.370 0.012 0.035 0.010 0.000 0.000 0.000 0.572 0.000
0.359 0.011 0.038 0.009 0.000 0.000 0.000 0.584 0.000
0.207 0.751 0.000 0.000 0.000 0.000 0.000 0.042 0.000
0.191 0.758 0.000 0.000 0.000 0.000 0.000 0.051 0.000
0.159 0.793 0.000 0.000 0.000 0.000 0.000 0.048 0.000
0.152 0.808 0.000 0.000 0.000 0.000 0.000 0.040 0.000
0.147 0.824 0.000 0.000 0.000 0.000 0.000 0.030 0.000
0.002 0.996 0.000 0.000 0.001 0.000 0.000 0.002 0.000
0.003 0.997 0.000 0.000 0.000 0.000 0.000 0.000 0.000
0.002 0.998 0.000 0.000 0.000 0.000 0.000 0.000 0.000
0.001 0.999 0.000 0.000 0.000 0.000 0.000 0.000 0.000
0.002 0.151 0.000 0.000 0.000 0.000 0.000 0.847 0.000
0.003 0.174 0.000 0.000 0.000 0.000 0.000 0.823 0.000
0.002 0.106 0.000 0.000 0.000 0.000 0.000 0.892 0.000
0.279 0.021 0.025 0.017 0.000 0.000 0.000 0.658 0.000
0.316 0.022 0.028 0.021 0.000 0.000 0.000 0.612 0.000
0.385 0.022 0.031 0.022 0.000 0.000 0.000 0.539 0.000
0.405 0.021 0.034 0.021 0.000 0.000 0.000 0.519 0.000
0.362 0.014 0.035 0.012 0.000 0.000 0.000 0.577 0.000
0.367 0.012 0.038 0.010 0.000 0.000 0.000 0.574 0.000
0.213 0.752 0.000 0.000 0.000 0.000 0.000 0.034 0.000
0.178 0.779 0.000 0.000 0.000 0.000 0.000 0.043 0.000
0.166 0.789 0.000 0.000 0.000 0.000 0.000 0.045 0.000
0.150 0.821 0.000 0.000 0.000 0.000 0.000 0.029 0.000
0.148 0.828 0.000 0.000 0.000 0.000 0.000 0.024 0.000
0.003 0.995 0.000 0.000 0.001 0.000 0.000 0.001 0.000
0.002 0.998 0.000 0.000 0.000 0.000 0.000 0.000 0.000
0.001 0.998 0.000 0.000 0.000 0.000 0.000 0.000 0.000
0.002 0.196 0.000 0.000 0.000 0.000 0.000 0.802 0.000
0.002 0.170 0.000 0.000 0.000 0.000 0.000 0.828 0.000
0.001 0.109 0.000 0.000 0.000 0.000 0.000 0.889 0.000
0.299 0.024 0.028 0.023 0.000 0.000 0.000 0.627 0.000
0.367 0.025 0.031 0.026 0.000 0.000 0.000 0.550 0.000
0.418 0.026 0.035 0.031 0.000 0.000 0.000 0.489 0.000
0.434 0.026 0.038 0.031 0.000 0.000 0.000 0.470 0.000
0.377 0.016 0.039 0.015 0.000 0.000 0.000 0.553 0.000
0.213 0.750 0.000 0.000 0.000 0.000 0.000 0.037 0.000
0.195 0.766 0.000 0.000 0.000 0.000 0.000 0.040 0.000
0.168 0.798 0.000 0.000 0.000 0.000 0.000 0.034 0.000
0.157 0.817 0.000 0.000 0.000 0.000 0.000 0.025 0.000
0.147 0.834 0.000 0.000 0.000 0.000 0.000 0.019 0.000
0.002 0.996 0.000 0.000 0.001 0.000 0.000 0.001 0.000
0.002 0.998 0.000 0.000 0.000 0.000 0.000 0.000 0.000
0.001 0.998 0.000 0.000 0.000 0.000 0.000 0.000 0.000
0.002 0.188 0.000 0.000 0.000 0.000 0.000 0.810 0.000
0.002 0.212 0.000 0.000 0.000 0.000 0.000 0.786 0.000
0.002 0.184 0.000 0.000 0.000 0.000 0.000 0.814 0.000
0.262 0.024 0.024 0.023 0.000 0.000 0.000 0.666 0.000
0.317 0.029 0.029 0.033 0.000 0.000 0.000 0.593 0.000
0.353 0.028 0.032 0.033 0.000 0.000 0.000 0.554 0.000
0.398 0.027 0.035 0.034 0.000 0.000 0.000 0.506 0.000
0.408 0.023 0.038 0.028 0.000 0.000 0.000 0.503 0.000
0.382 0.018 0.040 0.020 0.000 0.000 0.000 0.540 0.000
0.228 0.747 0.000 0.000 0.000 0.000 0.000 0.025 0.000
0.225 0.746 0.000 0.000 0.000 0.000 0.000 0.029 0.000
0.187 0.779 0.000 0.000 0.000 0.000 0.000 0.034 0.000
0.167 0.803 0.000 0.000 0.000 0.000 0.000 0.030 0.000
0.166 0.813 0.000 0.000 0.000 0.000 0.000 0.021 0.000
0.156 0.830 0.000 0.000 0.000 0.000 0.000 0.014 0.000
0.003 0.996 0.000 0.000 0.000 0.000 0.000 0.000 0.000
0.002 0.998 0.000 0.000 0.000 0.000 0.000 0.000 0.000
0.001 0.998 0.000 0.000 0.000 0.000 0.000 0.000 0.000
0.002 0.233 0.000 0.000 0.000 0.000 0.000 0.764 0.000
0.002 0.213 0.000 0.000 0.000 0.000 0.000 0.785 0.000
0.001 0.160 0.000 0.000 0.000 0.000 0.000 0.838 0.000
0.312 0.027 0.028 0.031 0.000 0.000 0.000 0.602 0.000
0.345 0.027 0.032 0.034 0.000 0.000 0.000 0.561 0.000
0.414 0.028 0.035 0.038 0.000 0.000 0.000 0.485 0.000
0.441 0.024 0.038 0.034 0.000 0.000 0.000 0.463 0.000
0.225 0.753 0.000 0.000 0.000 0.000 0.000 0.022 0.000
0.215 0.754 0.000 0.000 0.000 0.000 0.000 0.031 0.000
0.193 0.773 0.000 0.000 0.000 0.000 0.000 0.034 0.000
0.159 0.819 0.000 0.000 0.000 0.000 0.000 0.022 0.000
0.144 0.843 0.000 0.000 0.000 0.000 0.000 0.013 0.000
0.003 0.996 0.000 0.000 0.001 0.000 0.000 0.001 0.000
0.002 0.997 0.000 0.000 0.000 0.000 0.000 0.000 0.000
0.002 0.998 0.000 0.000 0.000 0.000 0.000 0.000 0.000
0.002 0.210 0.000 0.000 0.000 0.000 0.000 0.788 0.000
0.002 0.241 0.000 0.000 0.000 0.000 0.000 0.757 0.000
0.002 0.200 0.000 0.000 0.000 0.000 0.000 0.799 0.000
0.341 0.030 0.029 0.042 0.000 0.000 0.000 0.559 0.000
0.414 0.031 0.033 0.049 0.000 0.000 0.000 0.473 0.000
0.431 0.025 0.035 0.037 0.000 0.000 0.000 0.473 0.000
0.425 0.025 0.038 0.037 0.000 0.000 0.000 0.475 0.000
0.435 0.022 0.041 0.032 0.000 0.000 0.000 0.470 0.000
0.226 0.751 0.000 0.000 0.000 0.000 0.000 0.023 0.000
0.213 0.755 0.000 0.000 0.000 0.000 0.000 0.032 0.000
0.186 0.786 0.000 0.000 0.000 0.000 0.000 0.029 0.000
0.174 0.806 0.000 0.000 0.000 0.000 0.000 0.020 0.000
0.167 0.818 0.000 0.000 0.000 0.000 0.000 0.015 0.000
0.004 0.996 0.000 0.000 0.000 0.000 0.000 0.000 0.000
0.002 0.997 0.000 0.000 0.000 0.000 0.000 0.000 0.000
0.001 0.998 0.000 0.000 0.000 0.000 0.000 0.000 0.000
0.002 0.245 0.000 0.000 0.000 0.000 0.000 0.753 0.000
0.002 0.223 0.000 0.000 0.000 0.000 0.000 0.775 0.000
0.001 0.176 0.000 0.000 0.000 0.000 0.000 0.823 0.000
0.348 0.029 0.029 0.044 0.000 0.000 0.000 0.549 0.000
0.409 0.027 0.032 0.044 0.000 0.000 0.000 0.488 0.000
0.417 0.024 0.035 0.038 0.000 0.000 0.000 0.486 0.000
0.405 0.020 0.037 0.028 0.000 0.000 0.000 0.510 0.000
0.415 0.019 0.040 0.027 0.000 0.000 0.000 0.498 0.000
0.261 0.713 0.000 0.000 0.000 0.000 0.000 0.026 0.000
0.226 0.746 0.000 0.000 0.000 0.000 0.000 0.028 0.000
0.193 0.781 0.000 0.000 0.000 0.000 0.000 0.025 0.000
0.193 0.787 0.000 0.000 0.000 0.000 0.000 0.020 0.000
0.183 0.804 0.000 0.000 0.000 0.000 0.000 0.013 0.000
0.004 0.994 0.000 0.000 0.001 0.000 0.000 0.000 0.000
0.002 0.997 0.000 0.000 0.000 0.000 0.000 0.000 0.000
0.002 0.997 0.000 0.000 0.000 0.000 0.000 0.000 0.000
0.002 0.241 0.000 0.000 0.000 0.000 0.000 0.757 0.000
0.002 0.264 0.000 0.000 0.000 0.000 0.000 0.734 0.000
0.001 0.217 0.000 0.000 0.000 0.000 0.000 0.782 0.000
0.322 0.025 0.028 0.038 0.000 0.000 0.000 0.586 0.000
0.399 0.026 0.032 0.043 0.000 0.000 0.000 0.500 0.000
0.444 0.024 0.034 0.039 0.000 0.000 0.000 0.458 0.000
0.419 0.019 0.037 0.029 0.000 0.000 0.000 0.497 0.000
0.381 0.016 0.039 0.022 0.000 0.000 0.000 0.542 0.000
0.362 0.015 0.043 0.021 0.000 0.000 0.000 0.558 0.000
0.275 0.707 0.000 0.000 0.000 0.000 0.000 0.018 0.000
0.273 0.704 0.000 0.000 0.000 0.000 0.000 0.022 0.000
0.246 0.727 0.000 0.000 0.000 0.000 0.000 0.027 0.000
0.214 0.763 0.000 0.000 0.000 0.000 0.000 0.023 0.000
0.204 0.781 0.000 0.000 0.000 0.000 0.000 0.015 0.000
0.201 0.787 0.000 0.000 0.000 0.000 0.000 0.012 0.000
0.004 0.995 0.000 0.000 0.000 0.000 0.000 0.000 0.000
0.003 0.996 0.000 0.001 0.000 0.000 0.000 0.000 0.000
0.002 0.273 0.000 0.000 0.000 0.000 0.000 0.725 0.000
0.001 0.244 0.000 0.000 0.000 0.000 0.000 0.754 0.000
0.345 0.027 0.029 0.046 0.000 0.000 0.000 0.553 0.000
0.389 0.025 0.032 0.043 0.000 0.000 0.000 0.512 0.000
0.429 0.020 0.033 0.031 0.000 0.000 0.000 0.488 0.000
0.445 0.017 0.036 0.025 0.000 0.000 0.000 0.476 0.000
0.389 0.014 0.039 0.019 0.000 0.000 0.000 0.540 0.000
0.298 0.685 0.000 0.000 0.000 0.000 0.000 0.017 0.000
0.283 0.693 0.000 0.000 0.000 0.000 0.000 0.023 0.000
0.264 0.711 0.000 0.000 0.000 0.000 0.000 0.025 0.000
0.237 0.745 0.000 0.000 0.000 0.000 0.000 0.018 0.000
0.225 0.762 0.000 0.000 0.000 0.000 0.000 0.014 0.000
0.202 0.788 0.000 0.000 0.000 0.000 0.000 0.009 0.000
0.005 0.993 0.000 0.000 0.001 0.000 0.000 0.000 0.000
0.003 0.996 0.000 0.001 0.000 0.000 0.000 0.000 0.000
0.002 0.996 0.000 0.001 0.000 0.000 0.000 0.000 0.000
0.001 0.285 0.000 0.000 0.000 0.000 0.000 0.713 0.000
0.001 0.263 0.000 0.000 0.000 0.000 0.000 0.735 0.000
0.401 0.025 0.032 0.047 0.000 0.000 0.000 0.496 0.000
0.404 0.019 0.033 0.032 0.000 0.000 0.000 0.511 0.000
0.398 0.017 0.036 0.028 0.000 0.000 0.000 0.521 0.000
0.366 0.014 0.038 0.021 0.000 0.000 0.000 0.561 0.000
0.366 0.015 0.043 0.024 0.000 0.000 0.000 0.551 0.000
0.334 0.647 0.000 0.000 0.000 0.000 0.000 0.018 0.000
0.311 0.669 0.000 0.000 0.000 0.000 0.000 0.020 0.000
0.283 0.696 0.000 0.000 0.000 0.000 0.000 0.021 0.000
0.263 0.721 0.000 0.000 0.000 0.000 0.000 0.016 0.000
0.250 0.739 0.000 0.000 0.000 0.000 0.000 0.011 0.000
0.005 0.992 0.000 0.000 0.002 0.000 0.000 0.000 0.000
0.004 0.994 0.000 0.001 0.000 0.000 0.000 0.000 0.000
0.003 0.996 0.000 0.001 0.000 0.000 0.000 0.000 0.000
0.001 0.258 0.000 0.000 0.000 0.000 0.000 0.741 0.000
0.001 0.288 0.000 0.000 0.000 0.000 0.000 0.710 0.000
