0.104 0.895 0.000 0.000 0.000 0.000 0.000 0.000 0.000
0.115 0.885 0.000 0.000 0.000 0.000 0.000 0.000 0.000
0.101 0.899 0.000 0.000 0.000 0.000 0.000 0.000 0.000
0.992 0.005 0.000 0.000 0.000 0.000 0.000 0.004 0.000
0.993 0.004 0.000 0.000 0.000 0.000 0.000 0.003 0.000
0.994 0.004 0.000 0.000 0.000 0.000 0.000 0.003 0.000
0.994 0.004 0.000 0.000 0.000 0.000 0.000 0.002 0.000
0.994 0.003 0.000 0.000 0.000 0.000 0.000 0.002 0.000
0.994 0.003 0.000 0.000 0.000 0.000 0.000 0.003 0.000
0.994 0.003 0.000 0.000 0.000 0.000 0.000 0.003 0.000
0.995 0.002 0.000 0.000 0.000 0.000 0.000 0.003 0.000
0.994 0.002 0.000 0.000 0.000 0.000 0.000 0.004 0.000
0.995 0.002 0.000 0.000 0.000 0.000 0.000 0.003 0.000
0.996 0.002 0.000 0.000 0.000 0.000 0.000 0.002 0.000
0.880 0.000 0.044 0.000 0.000 0.000 0.000 0.076 0.001
0.860 0.000 0.043 0.000 0.000 0.000 0.000 0.097 0.000
0.849 0.000 0.039 0.000 0.000 0.000 0.000 0.111 0.000
0.875 0.000 0.031 0.000 0.000 0.000 0.000 0.093 0.000
0.897 0.000 0.024 0.000 0.000 0.000 0.000 0.078 0.000
0.930 0.000 0.017 0.000 0.000 0.000 0.000 0.053 0.000
0.964 0.000 0.010 0.000 0.000 0.000 0.000 0.025 0.001
0.979 0.000 0.007 0.000 0.000 0.000 0.000 0.013 0.001
0.978 0.000 0.007 0.000 0.000 0.000 0.000 0.014 0.001
0.098 0.902 0.000 0.000 0.000 0.000 0.000 0.000 0.000
0.080 0.920 0.000 0.000 0.000 0.000 0.000 0.000 0.000
0.066 0.934 0.000 0.000 0.000 0.000 0.000 0.000 0.000
0.989 0.006 0.000 0.000 0.000 0.000 0.000 0.005 0.000
0.991 0.005 0.000 0.000 0.000 0.000 0.000 0.004 0.000
0.992 0.005 0.000 0.000 0.000 0.000 0.000 0.003 0.000
0.992 0.005 0.000 0.000 0.000 0.000 0.000 0.003 0.000
0.992 0.004 0.000 0.000 0.000 0.000 0.000 0.004 0.000
0.991 0.004 0.000 0.000 0.000 0.000 0.000 0.005 0.000
0.992 0.004 0.000 0.000 0.000 0.000 0.000 0.004 0.000
0.993 0.003 0.000 0.000 0.000 0.000 0.000 0.004 0.000
0.992 0.002 0.000 0.000 0.000 0.000 0.000 0.006 0.000
0.993 0.002 0.000 0.000 0.000 0.000 0.000 0.005 0.000
0.994 0.002 0.000 0.000 0.000 0.000 0.000 0.004 0.000
0.995 0.002 0.000 0.000 0.000 0.000 0.000 0.003 0.000
0.865 0.000 0.037 0.000 0.000 0.000 0.000 0.098 0.000
0.842 0.000 0.035 0.000 0.000 0.000 0.000 0.123 0.000
0.875 0.000 0.026 0.000 0.000 0.000 0.000 0.098 0.000
0.927 0.000 0.017 0.000 0.000 0.000 0.000 0.055 0.000
0.967 0.000 0.009 0.000 0.000 0.000 0.000 0.023 0.001
0.976 0.000 0.007 0.000 0.000 0.000 0.000 0.016 0.001
0.980 0.000 0.006 0.000 0.000 0.000 0.000 0.012 0.001
0.979 0.000 0.006 0.000 0.000 0.000 0.000 0.014 0.001
0.979 0.001 0.005 0.000 0.000 0.000 0.000 0.014 0.001
0.074 0.926 0.000 0.000 0.000 0.000 0.000 0.000 0.000
0.073 0.927 0.000 0.000 0.000 0.000 0.000 0.000 0.000
0.067 0.933 0.000 0.000 0.000 0.000 0.000 0.000 0.000
0.986 0.007 0.000 0.000 0.000 0.000 0.000 0.007 0.000
0.988 0.006 0.000 0.000 0.000 0.000 0.000 0.006 0.000
0.990 0.006 0.000 0.000 0.000 0.000 0.000 0.004 0.000
0.990 0.006 0.000 0.000 0.000 0.000 0.000 0.005 0.000
0.988 0.005 0.000 0.000 0.000 0.000 0.000 0.007 0.000
0.987 0.005 0.000 0.000 0.000 0.000 0.000 0.008 0.000
0.989 0.004 0.000 0.000 0.000 0.000 0.000 0.007 0.000
0.991 0.003 0.000 0.000 0.000 0.000 0.000 0.006 0.000
0.989 0.003 0.000 0.000 0.000 0.000 0.000 0.008 0.000
0.988 0.003 0.000 0.000 0.000 0.000 0.000 0.009 0.000
0.989 0.003 0.000 0.000 0.000 0.000 0.000 0.009 0.000
0.992 0.002 0.000 0.000 0.000 0.000 0.000 0.005 0.000
0.993 0.002 0.000 0.000 0.000 0.000 0.000 0.005 0.000
0.992 0.002 0.000 0.000 0.000 0.000 0.000 0.006 0.000
0.876 0.000 0.026 0.000 0.000 0.000 0.000 0.097 0.000
0.928 0.000 0.017 0.000 0.000 0.000 0.000 0.054 0.001
0.967 0.000 0.009 0.000 0.000 0.000 0.000 0.023 0.001
0.975 0.000 0.007 0.000 0.000 0.000 0.000 0.016 0.001
0.976 0.000 0.007 0.000 0.000 0.000 0.000 0.016 0.001
0.978 0.000 0.006 0.000 0.000 0.000 0.000 0.014 0.001
0.979 0.000 0.005 0.000 0.000 0.000 0.000 0.015 0.001
0.981 0.000 0.004 0.000 0.000 0.000 0.000 0.014 0.001
0.981 0.001 0.004 0.000 0.000 0.000 0.000 0.014 0.001
0.055 0.945 0.000 0.000 0.000 0.000 0.000 0.000 0.000
0.069 0.931 0.000 0.000 0.000 0.000 0.000 0.000 0.000
0.056 0.944 0.000 0.000 0.000 0.000 0.000 0.000 0.000
0.040 0.960 0.000 0.000 0.000 0.000 0.000 0.000 0.000
0.978 0.010 0.000 0.000 0.000 0.000 0.000 0.012 0.000
0.981 0.009 0.000 0.000 0.000 0.000 0.000 0.010 0.000
0.983 0.009 0.000 0.000 0.000 0.000 0.000 0.008 0.000
0.984 0.009 0.000 0.000 0.000 0.000 0.000 0.007 0.000
0.983 0.008 0.000 0.000 0.000 0.000 0.000 0.009 0.000
0.981 0.007 0.000 0.000 0.000 0.000 0.000 0.012 0.000
0.983 0.006 0.000 0.000 0.000 0.000 0.000 0.011 0.000
0.984 0.006 0.000 0.000 0.000 0.000 0.000 0.010 0.000
0.987 0.004 0.000 0.000 0.000 0.000 0.000 0.008 0.000
0.985 0.004 0.000 0.000 0.000 0.000 0.000 0.011 0.000
0.982 0.003 0.000 0.000 0.000 0.000 0.000 0.015 0.000
0.980 0.003 0.000 0.000 0.000 0.000 0.000 0.017 0.000
0.989 0.003 0.000 0.000 0.000 0.000 0.000 0.008 0.000
0.989 0.003 0.000 0.000 0.000 0.000 0.000 0.008 0.000
0.989 0.002 0.000 0.000 0.000 0.000 0.000 0.009 0.000
0.989 0.002 0.000 0.000 0.000 0.000 0.000 0.009 0.000
0.990 0.004 0.000 0.000 0.000 0.000 0.000 0.005 0.000
0.992 0.005 0.000 0.000 0.000 0.000 0.000 0.003 0.000
0.944 0.000 0.013 0.000 0.000 0.000 0.000 0.041 0.001
0.971 0.001 0.009 0.000 0.000 0.000 0.000 0.019 0.002
0.976 0.001 0.007 0.000 0.000 0.000 0.000 0.016 0.001
0.976 0.001 0.006 0.000 0.000 0.000 0.000 0.017 0.001
0.974 0.001 0.005 0.000 0.000 0.000 0.000 0.019 0.001
0.978 0.001 0.004 0.000 0.000 0.000 0.000 0.016 0.001
0.982 0.001 0.003 0.000 0.000 0.000 0.000 0.013 0.001
0.982 0.001 0.003 0.000 0.000 0.000 0.000 0.013 0.001
0.980 0.001 0.003 0.000 0.000 0.000 0.000 0.016 0.001
0.054 0.946 0.000 0.000 0.000 0.000 0.000 0.000 0.000
0.047 0.953 0.000 0.000 0.000 0.000 0.000 0.000 0.000
0.040 0.960 0.000 0.000 0.000 0.000 0.000 0.000 0.000
0.967 0.015 0.000 0.000 0.000 0.000 0.000 0.019 0.000
0.971 0.013 0.000 0.000 0.000 0.000 0.000 0.016 0.000
0.966 0.009 0.000 0.000 0.000 0.000 0.000 0.025 0.000
0.970 0.008 0.000 0.000 0.000 0.000 0.000 0.022 0.000
0.970 0.008 0.000 0.000 0.000 0.000 0.000 0.022 0.000
0.979 0.006 0.000 0.000 0.000 0.000 0.000 0.016 0.000
0.975 0.005 0.000 0.000 0.000 0.000 0.000 0.019 0.000
0.982 0.003 0.000 0.000 0.000 0.000 0.000 0.015 0.000
0.980 0.003 0.000 0.000 0.000 0.000 0.000 0.017 0.000
0.982 0.003 0.000 0.000 0.000 0.000 0.000 0.015 0.000
0.986 0.006 0.000 0.000 0.000 0.000 0.000 0.007 0.000
0.983 0.005 0.000 0.000 0.000 0.000 0.000 0.011 0.000
0.963 0.001 0.008 0.000 0.000 0.000 0.000 0.027 0.001
0.972 0.001 0.006 0.000 0.000 0.000 0.000 0.020 0.001
0.974 0.001 0.005 0.000 0.000 0.000 0.000 0.020 0.001
0.972 0.001 0.004 0.000 0.000 0.000 0.000 0.023 0.001
0.976 0.001 0.004 0.000 0.000 0.000 0.000 0.018 0.001
0.980 0.001 0.003 0.000 0.000 0.000 0.000 0.015 0.001
0.982 0.001 0.003 0.000 0.000 0.000 0.000 0.014 0.001
0.980 0.001 0.002 0.000 0.000 0.000 0.000 0.016 0.001
0.974 0.001 0.002 0.000 0.000 0.000 0.000 0.022 0.000
0.037 0.962 0.000 0.000 0.000 0.000 0.000 0.000 0.000
0.041 0.959 0.000 0.000 0.000 0.000 0.000 0.000 0.000
0.035 0.965 0.000 0.000 0.000 0.000 0.000 0.000 0.000
0.937 0.019 0.000 0.000 0.000 0.000 0.000 0.044 0.000
0.948 0.018 0.000 0.000 0.000 0.000 0.000 0.033 0.000
0.958 0.017 0.000 0.000 0.000 0.000 0.000 0.024 0.000
0.949 0.009 0.000 0.000 0.000 0.000 0.000 0.041 0.000
0.951 0.009 0.000 0.000 0.000 0.000 0.000 0.040 0.000
0.962 0.008 0.000 0.000 0.000 0.000 0.000 0.030 0.000
0.964 0.007 0.000 0.000 0.000 0.000 0.000 0.028 0.000
0.964 0.006 0.000 0.000 0.000 0.000 0.000 0.029 0.000
0.969 0.003 0.000 0.000 0.000 0.000 0.000 0.028 0.000
0.965 0.003 0.000 0.000 0.000 0.000 0.000 0.032 0.000
0.959 0.003 0.000 0.000 0.000 0.000 0.000 0.037 0.000
0.956 0.003 0.000 0.000 0.000 0.000 0.000 0.040 0.000
0.962 0.004 0.001 0.000 0.000 0.000 0.000 0.033 0.000
0.958 0.001 0.007 0.000 0.000 0.000 0.000 0.034 0.001
0.965 0.001 0.005 0.000 0.000 0.000 0.000 0.028 0.001
0.973 0.001 0.004 0.000 0.000 0.000 0.000 0.022 0.001
0.970 0.001 0.003 0.000 0.000 0.000 0.000 0.025 0.000
0.973 0.001 0.003 0.000 0.000 0.000 0.000 0.023 0.001
0.975 0.002 0.002 0.000 0.000 0.000 0.000 0.021 0.000
0.038 0.962 0.000 0.000 0.000 0.000 0.000 0.000 0.000
0.030 0.969 0.000 0.000 0.000 0.000 0.000 0.000 0.000
0.026 0.974 0.000 0.000 0.000 0.000 0.000 0.000 0.000
0.890 0.026 0.000 0.000 0.000 0.000 0.000 0.084 0.000
0.907 0.025 0.000 0.000 0.000 0.000 0.000 0.068 0.000
0.916 0.023 0.000 0.000 0.000 0.000 0.000 0.061 0.000
0.909 0.010 0.000 0.000 0.000 0.000 0.000 0.081 0.000
0.926 0.010 0.000 0.000 0.000 0.000 0.000 0.064 0.000
0.933 0.009 0.000 0.000 0.000 0.000 0.000 0.057 0.000
0.939 0.008 0.000 0.000 0.000 0.000 0.000 0.052 0.000
0.940 0.007 0.000 0.000 0.000 0.000 0.000 0.053 0.000
0.933 0.006 0.000 0.000 0.000 0.000 0.000 0.060 0.000
0.949 0.003 0.000 0.000 0.000 0.000 0.000 0.047 0.000
0.949 0.003 0.000 0.000 0.000 0.000 0.000 0.047 0.000
0.936 0.003 0.001 0.000 0.000 0.000 0.000 0.061 0.000
0.941 0.003 0.001 0.000 0.000 0.000 0.000 0.056 0.000
0.959 0.004 0.001 0.000 0.000 0.000 0.000 0.036 0.000
0.969 0.006 0.001 0.000 0.000 0.000 0.000 0.023 0.001
0.975 0.001 0.003 0.000 0.000 0.000 0.000 0.020 0.001
0.976 0.001 0.002 0.000 0.000 0.000 0.000 0.020 0.001
0.973 0.001 0.002 0.000 0.000 0.000 0.000 0.023 0.000
0.979 0.002 0.001 0.000 0.000 0.000 0.000 0.016 0.001
0.976 0.002 0.001 0.000 0.000 0.000 0.000 0.020 0.000
0.029 0.971 0.000 0.000 0.000 0.000 0.000 0.000 0.000
0.028 0.972 0.000 0.000 0.000 0.000 0.000 0.000 0.000
0.025 0.975 0.000 0.000 0.000 0.000 0.000 0.000 0.000
0.851 0.034 0.000 0.000 0.000 0.000 0.000 0.116 0.000
0.862 0.032 0.000 0.000 0.000 0.000 0.000 0.106 0.000
0.873 0.011 0.000 0.000 0.000 0.000 0.000 0.116 0.000
0.888 0.010 0.000 0.000 0.000 0.000 0.000 0.102 0.000
0.898 0.010 0.000 0.000 0.000 0.000 0.000 0.092 0.000
0.900 0.008 0.000 0.000 0.000 0.000 0.000 0.091 0.000
0.880 0.007 0.000 0.000 0.000 0.000 0.000 0.112 0.000
0.878 0.007 0.000 0.000 0.000 0.000 0.000 0.115 0.000
0.839 0.007 0.000 0.000 0.000 0.000 0.000 0.154 0.000
0.933 0.003 0.001 0.000 0.000 0.000 0.000 0.063 0.000
0.927 0.003 0.001 0.000 0.000 0.000 0.000 0.068 0.000
0.926 0.003 0.001 0.000 0.000 0.000 0.000 0.070 0.000
0.935 0.004 0.001 0.000 0.000 0.000 0.000 0.060 0.000
0.952 0.006 0.001 0.000 0.000 0.000 0.000 0.041 0.000
0.960 0.006 0.001 0.000 0.000 0.000 0.000 0.031 0.001
0.980 0.001 0.002 0.000 0.000 0.000 0.000 0.016 0.001
0.980 0.001 0.002 0.000 0.000 0.000 0.000 0.017 0.001
0.978 0.002 0.001 0.000 0.000 0.000 0.000 0.018 0.001
0.977 0.003 0.001 0.000 0.000 0.000 0.000 0.018 0.001
0.974 0.003 0.001 0.000 0.000 0.000 0.000 0.021 0.000
0.018 0.982 0.000 0.000 0.000 0.000 0.000 0.000 0.000
0.028 0.972 0.000 0.000 0.000 0.000 0.000 0.000 0.000
0.022 0.978 0.000 0.000 0.000 0.000 0.000 0.000 0.000
0.784 0.044 0.000 0.000 0.000 0.000 0.000 0.172 0.000
0.794 0.040 0.000 0.000 0.000 0.000 0.000 0.166 0.000
0.799 0.037 0.000 0.000 0.000 0.000 0.000 0.163 0.000
0.836 0.011 0.000 0.000 0.000 0.000 0.000 0.153 0.000
0.831 0.009 0.000 0.000 0.000 0.000 0.000 0.159 0.000
0.818 0.008 0.000 0.000 0.000 0.000 0.000 0.173 0.000
0.740 0.007 0.000 0.000 0.000 0.000 0.000 0.252 0.000
0.906 0.008 0.000 0.000 0.000 0.000 0.000 0.086 0.000
0.969 0.011 0.000 0.000 0.000 0.000 0.000 0.020 0.001
0.905 0.004 0.001 0.000 0.000 0.000 0.000 0.090 0.000
0.894 0.003 0.001 0.000 0.000 0.000 0.000 0.102 0.000
0.895 0.003 0.001 0.000 0.000 0.000 0.000 0.100 0.000
0.891 0.003 0.002 0.000 0.000 0.000 0.000 0.104 0.000
0.917 0.005 0.002 0.000 0.000 0.000 0.000 0.076 0.000
0.917 0.005 0.002 0.000 0.000 0.000 0.000 0.075 0.000
0.980 0.002 0.002 0.000 0.000 0.000 0.000 0.016 0.001
0.969 0.003 0.001 0.000 0.000 0.000 0.000 0.026 0.000
0.972 0.003 0.001 0.000 0.000 0.000 0.000 0.023 0.000
0.976 0.004 0.001 0.000 0.000 0.000 0.000 0.019 0.001
0.974 0.005 0.001 0.000 0.000 0.000 0.000 0.020 0.000
0.022 0.978 0.000 0.000 0.000 0.000 0.000 0.000 0.000
0.018 0.982 0.000 0.000 0.000 0.000 0.000 0.000 0.000
0.017 0.983 0.000 0.000 0.000 0.000 0.000 0.000 0.000
0.677 0.057 0.000 0.000 0.000 0.000 0.000 0.266 0.000
0.705 0.052 0.000 0.000 0.000 0.000 0.000 0.243 0.000
0.722 0.049 0.000 0.000 0.000 0.000 0.000 0.229 0.000
0.730 0.010 0.000 0.000 0.000 0.000 0.000 0.260 0.000
0.679 0.008 0.000 0.000 0.000 0.000 0.000 0.313 0.000
0.792 0.010 0.000 0.000 0.000 0.000 0.000 0.198 0.000
0.856 0.015 0.000 0.000 0.000 0.000 0.000 0.129 0.000
0.851 0.013 0.001 0.000 0.000 0.000 0.000 0.135 0.000
0.671 0.006 0.001 0.000 0.000 0.000 0.000 0.322 0.000
0.866 0.004 0.002 0.000 0.000 0.000 0.000 0.128 0.000
0.845 0.003 0.002 0.000 0.000 0.000 0.000 0.149 0.000
0.840 0.003 0.002 0.000 0.000 0.000 0.000 0.154 0.000
0.851 0.004 0.003 0.000 0.000 0.000 0.000 0.142 0.000
0.874 0.005 0.003 0.000 0.000 0.000 0.000 0.117 0.000
0.964 0.003 0.001 0.000 0.000 0.000 0.000 0.032 0.000
0.962 0.003 0.001 0.000 0.000 0.000 0.000 0.033 0.000
0.969 0.004 0.001 0.000 0.000 0.000 0.000 0.025 0.000
0.968 0.005 0.001 0.000 0.000 0.000 0.000 0.025 0.000
0.969 0.007 0.001 0.000 0.000 0.000 0.000 0.023 0.000
0.015 0.984 0.000 0.000 0.000 0.000 0.000 0.001 0.000
0.019 0.980 0.000 0.000 0.000 0.000 0.000 0.000 0.000
0.016 0.984 0.000 0.000 0.000 0.000 0.000 0.000 0.000
0.605 0.060 0.000 0.000 0.000 0.000 0.000 0.335 0.000
0.598 0.054 0.000 0.000 0.000 0.000 0.000 0.348 0.000
0.606 0.054 0.000 0.000 0.000 0.000 0.000 0.339 0.000
0.668 0.010 0.001 0.000 0.000 0.000 0.000 0.321 0.000
0.668 0.009 0.001 0.000 0.000 0.000 0.000 0.322 0.000
0.620 0.008 0.001 0.000 0.000 0.000 0.000 0.372 0.000
0.584 0.006 0.001 0.000 0.000 0.000 0.000 0.409 0.000
0.579 0.006 0.001 0.000 0.000 0.000 0.000 0.414 0.000
0.603 0.006 0.001 0.000 0.000 0.000 0.000 0.390 0.000
0.786 0.003 0.003 0.000 0.000 0.000 0.000 0.208 0.000
0.787 0.003 0.003 0.000 0.000 0.000 0.000 0.207 0.000
0.785 0.003 0.004 0.000 0.000 0.000 0.000 0.208 0.000
0.813 0.004 0.005 0.000 0.000 0.000 0.000 0.178 0.000
0.976 0.003 0.001 0.000 0.000 0.000 0.000 0.019 0.001
0.975 0.003 0.001 0.000 0.000 0.000 0.000 0.021 0.000
0.968 0.003 0.001 0.000 0.000 0.000 0.000 0.028 0.000
0.963 0.003 0.001 0.000 0.000 0.000 0.000 0.033 0.000
0.957 0.005 0.001 0.000 0.000 0.000 0.000 0.037 0.000
0.959 0.006 0.001 0.000 0.000 0.000 0.000 0.034 0.000
0.963 0.007 0.001 0.000 0.000 0.000 0.000 0.029 0.000
0.964 0.009 0.001 0.000 0.000 0.000 0.000 0.026 0.000
0.017 0.983 0.000 0.000 0.000 0.000 0.000 0.000 0.000
0.013 0.987 0.000 0.000 0.000 0.000 0.000 0.000 0.000
0.012 0.988 0.000 0.000 0.000 0.000 0.000 0.000 0.000
0.471 0.073 0.000 0.000 0.000 0.000 0.000 0.456 0.000
0.512 0.071 0.000 0.000 0.000 0.000 0.000 0.417 0.000
0.500 0.063 0.000 0.000 0.000 0.000 0.000 0.436 0.000
0.565 0.009 0.001 0.000 0.000 0.000 0.000 0.425 0.000
0.518 0.007 0.001 0.000 0.000 0.000 0.000 0.474 0.000
0.493 0.006 0.001 0.000 0.000 0.000 0.000 0.500 0.000
0.509 0.006 0.001 0.000 0.000 0.000 0.000 0.484 0.000
0.748 0.004 0.004 0.000 0.000 0.000 0.000 0.244 0.000
0.722 0.003 0.005 0.000 0.000 0.000 0.000 0.270 0.000
0.734 0.003 0.005 0.000 0.000 0.000 0.000 0.257 0.000
0.743 0.003 0.006 0.000 0.000 0.000 0.000 0.247 0.000
0.732 0.003 0.007 0.000 0.000 0.000 0.000 0.258 0.000
0.972 0.004 0.001 0.000 0.000 0.000 0.000 0.024 0.000
0.969 0.004 0.001 0.000 0.000 0.000 0.000 0.026 0.000
0.955 0.005 0.001 0.000 0.000 0.000 0.000 0.039 0.000
0.952 0.006 0.001 0.000 0.000 0.000 0.000 0.041 0.000
0.953 0.008 0.001 0.000 0.000 0.000 0.000 0.038 0.000
0.955 0.010 0.001 0.000 0.000 0.000 0.000 0.034 0.000
0.955 0.013 0.001 0.000 0.000 0.000 0.000 0.032 0.000
0.013 0.987 0.000 0.000 0.000 0.000 0.000 0.001 0.000
0.013 0.987 0.000 0.000 0.000 0.000 0.000 0.000 0.000
0.011 0.989 0.000 0.000 0.000 0.000 0.000 0.000 0.000
0.321 0.071 0.000 0.000 0.000 0.000 0.000 0.607 0.000
0.380 0.076 0.000 0.000 0.000 0.000 0.000 0.544 0.000
0.388 0.072 0.000 0.000 0.000 0.000 0.000 0.540 0.000
0.409 0.006 0.001 0.000 0.000 0.000 0.000 0.584 0.000
0.364 0.005 0.001 0.000 0.000 0.000 0.000 0.629 0.000
0.372 0.005 0.001 0.000 0.000 0.000 0.000 0.621 0.000
0.432 0.006 0.002 0.000 0.000 0.000 0.000 0.559 0.000
0.688 0.003 0.006 0.000 0.000 0.000 0.000 0.303 0.000
0.693 0.003 0.007 0.000 0.000 0.000 0.000 0.297 0.000
0.614 0.002 0.008 0.000 0.000 0.000 0.000 0.375 0.000
0.530 0.002 0.010 0.000 0.000 0.000 0.000 0.458 0.000
0.968 0.005 0.001 0.000 0.000 0.000 0.000 0.027 0.000
0.961 0.005 0.001 0.000 0.000 0.000 0.000 0.033 0.000
0.956 0.006 0.001 0.000 0.000 0.000 0.000 0.037 0.000
0.945 0.008 0.001 0.000 0.000 0.000 0.000 0.046 0.000
0.942 0.011 0.001 0.000 0.000 0.000 0.000 0.046 0.000
0.944 0.013 0.000 0.000 0.000 0.000 0.000 0.042 0.000
0.945 0.017 0.000 0.000 0.000 0.000 0.000 0.037 0.000
0.012 0.988 0.000 0.000 0.000 0.000 0.000 0.000 0.000
0.009 0.991 0.000 0.000 0.000 0.000 0.000 0.000 0.000
0.007 0.993 0.000 0.000 0.000 0.000 0.000 0.000 0.000
0.259 0.071 0.000 0.000 0.000 0.000 0.000 0.670 0.000
0.282 0.073 0.000 0.000 0.000 0.000 0.000 0.645 0.000
0.344 0.005 0.001 0.000 0.000 0.000 0.000 0.650 0.000
0.280 0.004 0.001 0.000 0.000 0.000 0.000 0.714 0.000
0.289 0.004 0.002 0.000 0.000 0.000 0.000 0.705 0.000
0.339 0.005 0.002 0.000 0.000 0.000 0.000 0.653 0.000
0.385 0.006 0.002 0.000 0.000 0.000 0.000 0.607 0.000
0.508 0.002 0.009 0.000 0.000 0.000 0.000 0.481 0.000
0.575 0.002 0.010 0.000 0.000 0.000 0.000 0.412 0.000
0.964 0.006 0.000 0.000 0.000 0.000 0.000 0.028 0.000
0.958 0.008 0.000 0.000 0.000 0.000 0.000 0.033 0.000
0.946 0.009 0.000 0.000 0.000 0.000 0.000 0.044 0.000
0.933 0.011 0.000 0.000 0.000 0.000 0.000 0.055 0.000
0.928 0.015 0.000 0.000 0.000 0.000 0.000 0.057 0.000
0.922 0.020 0.000 0.000 0.000 0.000 0.000 0.058 0.000
0.915 0.024 0.000 0.000 0.000 0.000 0.000 0.061 0.000
0.926 0.028 0.000 0.000 0.000 0.000 0.000 0.045 0.000
0.009 0.990 0.000 0.000 0.000 0.000 0.000 0.001 0.000
0.008 0.992 0.000 0.000 0.000 0.000 0.000 0.000 0.000
0.007 0.993 0.000 0.000 0.000 0.000 0.000 0.000 0.000
0.187 0.077 0.000 0.000 0.000 0.000 0.000 0.736 0.000
0.212 0.079 0.000 0.000 0.000 0.000 0.000 0.709 0.000
0.213 0.073 0.000 0.000 0.000 0.000 0.000 0.714 0.000
0.237 0.005 0.001 0.000 0.000 0.000 0.000 0.757 0.000
0.227 0.004 0.002 0.000 0.000 0.000 0.000 0.767 0.000
0.246 0.004 0.002 0.000 0.000 0.000 0.000 0.748 0.000
0.265 0.004 0.002 0.000 0.000 0.000 0.000 0.728 0.000
0.492 0.003 0.011 0.001 0.000 0.000 0.000 0.493 0.000
0.464 0.002 0.012 0.001 0.000 0.000 0.000 0.521 0.000
0.446 0.002 0.013 0.001 0.000 0.000 0.000 0.538 0.000
0.959 0.009 0.000 0.000 0.000 0.000 0.000 0.031 0.000
0.951 0.010 0.000 0.000 0.000 0.000 0.000 0.038 0.000
0.941 0.012 0.000 0.000 0.000 0.000 0.000 0.046 0.000
0.924 0.014 0.000 0.000 0.000 0.000 0.000 0.061 0.000
0.854 0.020 0.001 0.000 0.000 0.000 0.000 0.125 0.000
0.892 0.022 0.000 0.000 0.000 0.000 0.000 0.086 0.000
0.920 0.029 0.000 0.000 0.000 0.000 0.000 0.051 0.000
0.910 0.036 0.000 0.000 0.000 0.000 0.000 0.053 0.000
0.009 0.991 0.000 0.000 0.000 0.000 0.000 0.000 0.000
0.006 0.993 0.000 0.000 0.000 0.000 0.000 0.000 0.000
0.005 0.995 0.000 0.000 0.000 0.000 0.000 0.000 0.000
0.149 0.079 0.000 0.000 0.000 0.000 0.000 0.772 0.000
0.161 0.077 0.000 0.000 0.000 0.000 0.000 0.763 0.000
0.180 0.004 0.002 0.000 0.000 0.000 0.000 0.814 0.000
0.195 0.004 0.002 0.000 0.000 0.000 0.000 0.798 0.000
0.176 0.003 0.002 0.000 0.000 0.000 0.000 0.818 0.000
0.179 0.003 0.002 0.000 0.000 0.000 0.000 0.815 0.000
0.105 0.002 0.002 0.000 0.000 0.000 0.000 0.891 0.000
0.362 0.003 0.011 0.001 0.000 0.000 0.000 0.622 0.000
0.388 0.002 0.013 0.001 0.000 0.000 0.000 0.595 0.000
0.351 0.002 0.014 0.001 0.000 0.000 0.000 0.632 0.000
0.289 0.001 0.014 0.001 0.000 0.000 0.000 0.694 0.000
0.944 0.014 0.000 0.000 0.000 0.000 0.000 0.041 0.000
0.931 0.016 0.000 0.000 0.000 0.000 0.000 0.052 0.000
0.856 0.014 0.000 0.000 0.000 0.000 0.000 0.130 0.000
0.887 0.023 0.000 0.000 0.000 0.000 0.000 0.090 0.000
0.903 0.033 0.000 0.000 0.000 0.000 0.000 0.064 0.000
0.900 0.039 0.000 0.000 0.000 0.000 0.000 0.061 0.000
0.007 0.992 0.000 0.000 0.000 0.000 0.000 0.000 0.000
0.005 0.995 0.000 0.000 0.000 0.000 0.000 0.000 0.000
0.005 0.995 0.000 0.000 0.000 0.000 0.000 0.000 0.000
0.108 0.080 0.000 0.000 0.000 0.000 0.000 0.811 0.000
0.117 0.080 0.000 0.000 0.000 0.000 0.000 0.803 0.000
0.117 0.073 0.000 0.000 0.000 0.000 0.000 0.810 0.000
0.157 0.004 0.002 0.000 0.000 0.000 0.000 0.837 0.000
0.081 0.002 0.002 0.000 0.000 0.000 0.000 0.915 0.000
0.066 0.001 0.002 0.000 0.000 0.000 0.000 0.931 0.000
0.167 0.002 0.003 0.000 0.000 0.000 0.000 0.828 0.000
0.029 0.000 0.002 0.000 0.000 0.000 0.000 0.970 0.000
0.133 0.001 0.007 0.000 0.000 0.000 0.000 0.858 0.000
0.209 0.002 0.010 0.001 0.000 0.000 0.000 0.778 0.000
0.236 0.002 0.011 0.001 0.000 0.000 0.000 0.749 0.000
0.264 0.002 0.013 0.001 0.000 0.000 0.000 0.720 0.000
0.287 0.002 0.015 0.001 0.000 0.000 0.000 0.695 0.000
0.288 0.002 0.016 0.001 0.000 0.000 0.000 0.693 0.000
0.197 0.001 0.016 0.001 0.000 0.000 0.000 0.786 0.000
0.915 0.020 0.000 0.000 0.000 0.000 0.000 0.065 0.000
0.905 0.026 0.000 0.000 0.000 0.000 0.000 0.069 0.000
0.883 0.035 0.000 0.000 0.000 0.000 0.000 0.081 0.000
0.878 0.044 0.000 0.000 0.000 0.000 0.000 0.077 0.000
0.880 0.052 0.000 0.000 0.000 0.000 0.000 0.067 0.000
0.869 0.067 0.000 0.000 0.000 0.000 0.000 0.064 0.000
0.005 0.994 0.000 0.000 0.000 0.000 0.000 0.001 0.000
0.005 0.995 0.000 0.000 0.000 0.000 0.000 0.000 0.000
0.004 0.996 0.000 0.000 0.000 0.000 0.000 0.000 0.000
0.003 0.997 0.000 0.000 0.000 0.000 0.000 0.000 0.000
0.078 0.101 0.000 0.000 0.000 0.000 0.000 0.821 0.000
0.082 0.081 0.000 0.000 0.000 0.000 0.000 0.837 0.000
0.079 0.072 0.000 0.000 0.000 0.000 0.000 0.849 0.000
0.124 0.003 0.002 0.000 0.000 0.000 0.000 0.871 0.000
0.161 0.005 0.003 0.001 0.000 0.000 0.000 0.829 0.000
0.122 0.002 0.003 0.001 0.000 0.000 0.000 0.872 0.000
0.122 0.002 0.004 0.001 0.000 0.000 0.000 0.872 0.000
0.036 0.000 0.002 0.000 0.000 0.000 0.000 0.962 0.000
0.025 0.000 0.002 0.000 0.000 0.000 0.000 0.973 0.000
0.066 0.001 0.004 0.000 0.000 0.000 0.000 0.929 0.000
0.075 0.001 0.005 0.000 0.000 0.000 0.000 0.920 0.000
0.092 0.001 0.006 0.000 0.000 0.000 0.000 0.901 0.000
0.094 0.001 0.007 0.001 0.000 0.000 0.000 0.897 0.000
0.101 0.001 0.008 0.001 0.000 0.000 0.000 0.890 0.000
0.137 0.001 0.010 0.001 0.000 0.000 0.000 0.850 0.000
0.182 0.002 0.013 0.002 0.000 0.000 0.000 0.803 0.000
0.197 0.002 0.014 0.002 0.000 0.000 0.000 0.785 0.000
0.196 0.001 0.016 0.002 0.000 0.000 0.000 0.785 0.000
0.180 0.001 0.017 0.001 0.000 0.000 0.000 0.801 0.000
0.912 0.031 0.000 0.000 0.000 0.000 0.000 0.056 0.000
0.882 0.036 0.000 0.000 0.000 0.000 0.000 0.082 0.000
0.861 0.046 0.000 0.000 0.000 0.000 0.000 0.093 0.000
0.855 0.060 0.000 0.000 0.000 0.000 0.000 0.085 0.000
0.855 0.069 0.000 0.000 0.000 0.000 0.000 0.076 0.000
0.841 0.090 0.000 0.000 0.000 0.000 0.000 0.068 0.000
0.005 0.995 0.000 0.000 0.000 0.000 0.000 0.000 0.000
0.003 0.997 0.000 0.000 0.000 0.000 0.000 0.000 0.000
0.003 0.997 0.000 0.000 0.000 0.000 0.000 0.000 0.000
0.051 0.067 0.000 0.000 0.000 0.000 0.000 0.882 0.000
0.060 0.077 0.000 0.000 0.000 0.000 0.000 0.864 0.000
0.055 0.065 0.000 0.000 0.000 0.000 0.000 0.880 0.000
0.078 0.002 0.003 0.001 0.000 0.000 0.000 0.916 0.000
0.084 0.002 0.004 0.001 0.000 0.000 0.000 0.910 0.000
0.078 0.001 0.004 0.001 0.000 0.000 0.000 0.916 0.000
0.070 0.001 0.004 0.001 0.000 0.000 0.000 0.924 0.000
0.074 0.001 0.005 0.001 0.000 0.000 0.000 0.919 0.000
0.068 0.001 0.005 0.001 0.000 0.000 0.000 0.925 0.000
0.071 0.001 0.006 0.001 0.000 0.000 0.000 0.921 0.000
0.064 0.001 0.007 0.001 0.000 0.000 0.000 0.928 0.000
0.082 0.001 0.009 0.001 0.000 0.000 0.000 0.907 0.000
0.096 0.001 0.011 0.001 0.000 0.000 0.000 0.891 0.000
0.127 0.001 0.013 0.002 0.000 0.000 0.000 0.857 0.000
0.133 0.001 0.015 0.002 0.000 0.000 0.000 0.849 0.000
0.121 0.001 0.016 0.002 0.000 0.000 0.000 0.861 0.000
0.112 0.001 0.017 0.001 0.000 0.000 0.000 0.869 0.000
0.889 0.042 0.000 0.000 0.000 0.000 0.000 0.069 0.000
0.865 0.047 0.000 0.000 0.000 0.000 0.000 0.088 0.000
0.838 0.061 0.000 0.000 0.000 0.000 0.000 0.101 0.000
0.827 0.084 0.000 0.000 0.000 0.000 0.000 0.089 0.000
0.820 0.098 0.000 0.000 0.000 0.000 0.000 0.082 0.000
0.813 0.115 0.000 0.000 0.000 0.000 0.000 0.072 0.000
0.003 0.995 0.000 0.000 0.000 0.000 0.000 0.001 0.000
0.003 0.997 0.000 0.000 0.000 0.000 0.000 0.000 0.000
0.003 0.997 0.000 0.000 0.000 0.000 0.000 0.000 0.000
0.041 0.076 0.000 0.000 0.000 0.000 0.000 0.883 0.000
0.039 0.066 0.000 0.000 0.000 0.000 0.000 0.894 0.000
0.047 0.001 0.003 0.001 0.000 0.000 0.000 0.947 0.000
0.053 0.001 0.004 0.001 0.000 0.000 0.000 0.941 0.000
0.054 0.001 0.004 0.001 0.000 0.000 0.000 0.939 0.000
0.058 0.001 0.005 0.001 0.000 0.000 0.000 0.935 0.000
0.052 0.001 0.006 0.001 0.000 0.000 0.000 0.941 0.000
0.047 0.001 0.006 0.001 0.000 0.000 0.000 0.945 0.000
0.051 0.001 0.007 0.001 0.000 0.000 0.000 0.940 0.000
0.062 0.001 0.009 0.002 0.000 0.000 0.000 0.926 0.000
0.073 0.001 0.011 0.002 0.000 0.000 0.000 0.913 0.000
0.082 0.001 0.013 0.002 0.000 0.000 0.000 0.901 0.000
0.093 0.001 0.015 0.002 0.000 0.000 0.000 0.888 0.000
0.096 0.001 0.017 0.002 0.000 0.000 0.000 0.883 0.000
0.874 0.056 0.000 0.000 0.000 0.000 0.000 0.070 0.000
0.842 0.063 0.000 0.000 0.000 0.000 0.000 0.094 0.000
0.795 0.083 0.000 0.000 0.000 0.000 0.000 0.122 0.000
0.784 0.108 0.000 0.000 0.000 0.000 0.000 0.108 0.000
0.791 0.129 0.000 0.000 0.000 0.000 0.000 0.080 0.000
0.770 0.156 0.000 0.000 0.000 0.000 0.000 0.074 0.000
0.003 0.996 0.000 0.000 0.000 0.000 0.000 0.000 0.000
0.002 0.998 0.000 0.000 0.000 0.000 0.000 0.000 0.000
0.002 0.998 0.000 0.000 0.000 0.000 0.000 0.000 0.000
0.026 0.065 0.000 0.000 0.000 0.000 0.000 0.909 0.000
0.029 0.071 0.000 0.000 0.000 0.000 0.000 0.900 0.000
0.024 0.056 0.000 0.000 0.000 0.000 0.000 0.920 0.000
0.039 0.001 0.008 0.001 0.000 0.000 0.000 0.951 0.000
0.044 0.001 0.010 0.002 0.000 0.000 0.000 0.944 0.000
0.058 0.001 0.012 0.002 0.000 0.000 0.000 0.927 0.000
0.066 0.001 0.014 0.003 0.000 0.000 0.000 0.916 0.000
0.063 0.001 0.016 0.003 0.000 0.000 0.000 0.918 0.000
0.058 0.000 0.017 0.002 0.000 0.000 0.000 0.922 0.000
0.847 0.074 0.000 0.000 0.000 0.000 0.000 0.078 0.000
0.803 0.083 0.000 0.000 0.000 0.000 0.000 0.114 0.000
0.764 0.103 0.000 0.000 0.000 0.000 0.000 0.133 0.000
0.745 0.146 0.000 0.000 0.000 0.000 0.000 0.109 0.000
0.744 0.166 0.000 0.000 0.000 0.000 0.000 0.090 0.000
0.718 0.202 0.000 0.000 0.000 0.000 0.000 0.079 0.000
0.003 0.997 0.000 0.000 0.000 0.000 0.000 0.001 0.000
0.002 0.998 0.000 0.000 0.000 0.000 0.000 0.000 0.000
0.002 0.998 0.000 0.000 0.000 0.000 0.000 0.000 0.000
0.022 0.070 0.000 0.000 0.000 0.000 0.000 0.908 0.000
0.020 0.060 0.000 0.000 0.000 0.000 0.000 0.920 0.000
0.045 0.001 0.013 0.003 0.000 0.000 0.000 0.938 0.000
0.050 0.001 0.015 0.003 0.000 0.000 0.000 0.931 0.000
0.040 0.000 0.015 0.003 0.000 0.000 0.000 0.941 0.000
0.039 0.000 0.017 0.003 0.000 0.000 0.000 0.940 0.000
0.811 0.094 0.000 0.000 0.000 0.000 0.000 0.095 0.000
0.782 0.111 0.000 0.000 0.000 0.000 0.000 0.107 0.000
0.719 0.141 0.000 0.000 0.000 0.000 0.000 0.139 0.000
0.701 0.184 0.000 0.000 0.000 0.000 0.000 0.114 0.000
0.698 0.214 0.000 0.000 0.000 0.000 0.000 0.088 0.000
0.667 0.262 0.000 0.000 0.000 0.000 0.000 0.071 0.000
0.002 0.998 0.000 0.000 0.000 0.000 0.000 0.000 0.000
0.002 0.998 0.000 0.000 0.000 0.000 0.000 0.000 0.000
0.014 0.068 0.000 0.000 0.000 0.000 0.000 0.918 0.000
0.016 0.069 0.000 0.000 0.000 0.000 0.000 0.915 0.000
0.013 0.055 0.000 0.000 0.000 0.000 0.000 0.932 0.000
0.034 0.000 0.013 0.005 0.000 0.000 0.000 0.948 0.000
0.035 0.000 0.014 0.004 0.000 0.000 0.000 0.946 0.000
0.036 0.000 0.016 0.005 0.000 0.000 0.000 0.943 0.000
0.036 0.000 0.018 0.006 0.000 0.000 0.000 0.939 0.000
0.782 0.133 0.000 0.000 0.000 0.000 0.000 0.085 0.000
0.726 0.145 0.000 0.000 0.000 0.000 0.000 0.128 0.000
0.682 0.186 0.000 0.000 0.000 0.000 0.000 0.132 0.000
0.660 0.238 0.000 0.000 0.000 0.000 0.000 0.102 0.000
0.646 0.274 0.000 0.000 0.000 0.000 0.000 0.080 0.000
0.602 0.334 0.000 0.000 0.000 0.000 0.000 0.064 0.000
0.002 0.997 0.000 0.000 0.000 0.000 0.000 0.001 0.000
0.001 0.999 0.000 0.000 0.000 0.000 0.000 0.000 0.000
0.001 0.999 0.000 0.000 0.000 0.000 0.000 0.000 0.000
0.011 0.066 0.000 0.000 0.000 0.000 0.000 0.923 0.000
0.010 0.059 0.000 0.000 0.000 0.000 0.000 0.931 0.000
0.027 0.000 0.012 0.007 0.000 0.000 0.000 0.953 0.000
0.029 0.000 0.014 0.007 0.000 0.000 0.000 0.950 0.000
0.029 0.000 0.015 0.007 0.000 0.000 0.000 0.948 0.000
0.027 0.000 0.016 0.006 0.000 0.000 0.000 0.951 0.000
0.033 0.000 0.020 0.008 0.000 0.000 0.000 0.938 0.000
0.030 0.000 0.023 0.011 0.000 0.000 0.000 0.936 0.000
0.732 0.171 0.000 0.000 0.000 0.000 0.000 0.096 0.000
0.700 0.189 0.000 0.000 0.000 0.000 0.000 0.110 0.000
0.643 0.240 0.000 0.000 0.000 0.000 0.000 0.117 0.000
0.603 0.305 0.000 0.000 0.000 0.000 0.000 0.092 0.000
0.576 0.342 0.000 0.000 0.000 0.000 0.000 0.082 0.000
0.549 0.390 0.000 0.000 0.000 0.000 0.000 0.061 0.000
0.002 0.997 0.000 0.000 0.000 0.000 0.000 0.001 0.000
0.002 0.998 0.000 0.000 0.000 0.000 0.000 0.000 0.000
0.001 0.999 0.000 0.000 0.000 0.000 0.000 0.000 0.000
0.008 0.067 0.000 0.000 0.000 0.000 0.000 0.925 0.000
0.007 0.061 0.000 0.000 0.000 0.000 0.000 0.932 0.000
0.006 0.047 0.000 0.000 0.000 0.000 0.000 0.947 0.000
0.019 0.000 0.011 0.010 0.000 0.000 0.000 0.960 0.000
0.021 0.000 0.013 0.011 0.000 0.000 0.000 0.954 0.000
0.024 0.000 0.015 0.012 0.000 0.000 0.000 0.949 0.000
0.027 0.000 0.018 0.015 0.000 0.000 0.000 0.940 0.000
0.026 0.000 0.019 0.012 0.000 0.000 0.000 0.943 0.000
0.028 0.000 0.022 0.012 0.000 0.000 0.000 0.938 0.000
0.700 0.217 0.000 0.000 0.000 0.000 0.000 0.084 0.000
0.636 0.250 0.000 0.000 0.000 0.000 0.000 0.114 0.000
0.575 0.311 0.000 0.000 0.000 0.000 0.000 0.115 0.000
0.537 0.368 0.000 0.000 0.000 0.000 0.000 0.095 0.000
0.510 0.416 0.000 0.000 0.000 0.000 0.000 0.074 0.000
0.461 0.482 0.000 0.000 0.000 0.000 0.000 0.057 0.000
0.002 0.998 0.000 0.000 0.000 0.000 0.000 0.000 0.000
0.001 0.999 0.000 0.000 0.000 0.000 0.000 0.000 0.000
0.001 0.999 0.000 0.000 0.000 0.000 0.000 0.000 0.000
0.006 0.064 0.000 0.000 0.000 0.000 0.000 0.930 0.000
0.004 0.048 0.000 0.000 0.000 0.000 0.000 0.947 0.000
0.016 0.000 0.012 0.014 0.000 0.000 0.000 0.959 0.000
0.020 0.000 0.015 0.019 0.000 0.000 0.000 0.946 0.000
0.026 0.000 0.017 0.019 0.000 0.000 0.000 0.938 0.000
0.031 0.000 0.021 0.024 0.000 0.000 0.000 0.924 0.000
0.033 0.000 0.022 0.020 0.000 0.000 0.000 0.924 0.000
0.030 0.000 0.023 0.014 0.000 0.000 0.000 0.932 0.000
0.640 0.277 0.000 0.000 0.000 0.000 0.000 0.083 0.000
0.587 0.308 0.000 0.000 0.000 0.000 0.000 0.105 0.000
0.529 0.359 0.000 0.000 0.000 0.000 0.000 0.112 0.000
0.486 0.430 0.000 0.000 0.000 0.000 0.000 0.084 0.000
0.450 0.480 0.000 0.000 0.000 0.000 0.000 0.070 0.000
0.395 0.553 0.000 0.000 0.000 0.000 0.000 0.052 0.000
0.001 0.998 0.000 0.000 0.000 0.000 0.000 0.001 0.000
0.001 0.999 0.000 0.000 0.000 0.000 0.000 0.000 0.000
0.001 0.999 0.000 0.000 0.000 0.000 0.000 0.000 0.000
0.005 0.073 0.000 0.000 0.000 0.000 0.000 0.922 0.000
0.004 0.056 0.000 0.000 0.000 0.000 0.000 0.941 0.000
0.003 0.035 0.000 0.000 0.000 0.000 0.000 0.962 0.000
0.020 0.000 0.015 0.019 0.000 0.000 0.000 0.946 0.000
0.027 0.000 0.018 0.025 0.000 0.000 0.000 0.930 0.000
0.034 0.000 0.022 0.028 0.000 0.000 0.000 0.915 0.000
0.038 0.000 0.024 0.023 0.000 0.000 0.000 0.915 0.000
0.033 0.000 0.024 0.015 0.000 0.000 0.000 0.928 0.000
0.033 0.000 0.026 0.013 0.000 0.000 0.000 0.928 0.000
0.583 0.334 0.000 0.000 0.000 0.000 0.000 0.083 0.000
0.532 0.372 0.000 0.000 0.000 0.000 0.000 0.096 0.000
0.462 0.444 0.000 0.000 0.000 0.000 0.000 0.095 0.000
0.424 0.496 0.000 0.000 0.000 0.000 0.000 0.080 0.000
0.385 0.556 0.000 0.000 0.000 0.000 0.000 0.059 0.000
0.001 0.997 0.000 0.000 0.000 0.000 0.000 0.002 0.000
0.001 0.999 0.000 0.000 0.000 0.000 0.000 0.000 0.000
0.001 0.999 0.000 0.000 0.000 0.000 0.000 0.000 0.000
0.001 0.999 0.000 0.000 0.000 0.000 0.000 0.000 0.000
0.003 0.066 0.000 0.000 0.000 0.000 0.000 0.931 0.000
0.003 0.073 0.000 0.000 0.000 0.000 0.000 0.923 0.000
0.002 0.042 0.000 0.000 0.000 0.000 0.000 0.956 0.000
0.024 0.000 0.016 0.022 0.000 0.000 0.000 0.937 0.000
0.030 0.001 0.019 0.028 0.000 0.000 0.000 0.922 0.000
0.041 0.001 0.024 0.033 0.000 0.000 0.000 0.902 0.000
0.045 0.001 0.027 0.032 0.000 0.000 0.000 0.895 0.000
0.039 0.000 0.026 0.018 0.000 0.000 0.000 0.916 0.000
0.041 0.000 0.028 0.016 0.000 0.000 0.000 0.914 0.000
0.526 0.405 0.000 0.000 0.000 0.000 0.000 0.068 0.000
0.450 0.464 0.000 0.000 0.000 0.000 0.000 0.085 0.000
0.404 0.509 0.000 0.000 0.000 0.000 0.000 0.087 0.000
0.353 0.589 0.000 0.000 0.000 0.000 0.000 0.059 0.000
0.319 0.634 0.000 0.000 0.000 0.000 0.000 0.047 0.000
0.001 0.998 0.000 0.000 0.000 0.000 0.000 0.001 0.000
0.001 0.999 0.000 0.000 0.000 0.000 0.000 0.000 0.000
0.001 0.999 0.000 0.000 0.000 0.000 0.000 0.000 0.000
0.003 0.075 0.000 0.000 0.000 0.000 0.000 0.922 0.000
0.002 0.062 0.000 0.000 0.000 0.000 0.000 0.936 0.000
0.001 0.036 0.000 0.000 0.000 0.000 0.000 0.962 0.000
0.034 0.001 0.021 0.032 0.000 0.000 0.000 0.913 0.000
0.047 0.001 0.025 0.040 0.000 0.000 0.000 0.887 0.000
0.059 0.001 0.031 0.050 0.000 0.000 0.000 0.859 0.000
0.065 0.001 0.035 0.052 0.000 0.000 0.000 0.846 0.000
0.054 0.000 0.033 0.025 0.000 0.000 0.000 0.887 0.000
0.454 0.473 0.000 0.000 0.000 0.000 0.000 0.073 0.000
0.402 0.521 0.000 0.000 0.000 0.000 0.000 0.077 0.000
0.341 0.592 0.000 0.000 0.000 0.000 0.000 0.067 0.000
0.299 0.653 0.000 0.000 0.000 0.000 0.000 0.048 0.000
0.258 0.706 0.000 0.000 0.000 0.000 0.000 0.037 0.000
0.001 0.998 0.000 0.000 0.000 0.000 0.000 0.002 0.000
0.001 0.999 0.000 0.000 0.000 0.000 0.000 0.000 0.000
0.001 0.999 0.000 0.000 0.000 0.000 0.000 0.000 0.000
0.002 0.064 0.000 0.000 0.000 0.000 0.000 0.934 0.000
0.002 0.069 0.000 0.001 0.000 0.000 0.000 0.928 0.000
0.002 0.056 0.000 0.001 0.000 0.000 0.000 0.942 0.000
0.031 0.001 0.018 0.032 0.000 0.000 0.000 0.917 0.000
0.042 0.001 0.023 0.048 0.000 0.000 0.000 0.886 0.000
0.050 0.001 0.027 0.050 0.000 0.000 0.000 0.872 0.000
0.062 0.001 0.031 0.055 0.000 0.000 0.000 0.851 0.000
0.066 0.001 0.034 0.047 0.000 0.000 0.000 0.851 0.000
0.062 0.001 0.036 0.034 0.000 0.000 0.000 0.867 0.000
0.433 0.515 0.000 0.000 0.000 0.000 0.000 0.052 0.000
0.398 0.546 0.000 0.000 0.000 0.000 0.000 0.057 0.000
0.332 0.602 0.000 0.000 0.000 0.000 0.000 0.066 0.000
0.292 0.648 0.000 0.000 0.000 0.000 0.000 0.060 0.000
0.275 0.683 0.000 0.000 0.000 0.000 0.000 0.042 0.000
0.247 0.724 0.000 0.000 0.000 0.000 0.000 0.029 0.000
0.001 0.999 0.000 0.000 0.000 0.000 0.000 0.000 0.000
0.001 0.999 0.000 0.000 0.000 0.000 0.000 0.000 0.000
0.000 0.999 0.000 0.000 0.000 0.000 0.000 0.000 0.000
0.002 0.069 0.000 0.001 0.000 0.000 0.000 0.928 0.000
0.001 0.060 0.000 0.001 0.000 0.000 0.000 0.938 0.000
0.001 0.041 0.000 0.001 0.000 0.000 0.000 0.957 0.000
0.045 0.001 0.023 0.047 0.000 0.000 0.000 0.884 0.000
0.054 0.001 0.027 0.054 0.000 0.000 0.000 0.863 0.000
0.072 0.001 0.033 0.066 0.000 0.000 0.000 0.828 0.000
0.081 0.001 0.037 0.061 0.000 0.000 0.000 0.819 0.000
0.404 0.543 0.000 0.000 0.000 0.000 0.000 0.052 0.000
0.374 0.554 0.000 0.000 0.000 0.000 0.000 0.072 0.000
0.336 0.587 0.000 0.000 0.000 0.000 0.000 0.078 0.000
0.285 0.661 0.000 0.000 0.000 0.000 0.000 0.054 0.000
0.252 0.714 0.000 0.000 0.000 0.000 0.000 0.034 0.000
0.001 0.998 0.000 0.000 0.000 0.000 0.000 0.002 0.000
0.001 0.999 0.000 0.000 0.000 0.000 0.000 0.000 0.000
0.001 0.999 0.000 0.000 0.000 0.000 0.000 0.000 0.000
0.001 0.055 0.000 0.001 0.000 0.000 0.000 0.943 0.000
0.001 0.062 0.000 0.001 0.000 0.000 0.000 0.936 0.000
0.001 0.047 0.000 0.001 0.000 0.000 0.000 0.951 0.000
0.056 0.001 0.026 0.066 0.000 0.000 0.000 0.852 0.000
0.075 0.001 0.031 0.084 0.000 0.000 0.000 0.808 0.001
0.082 0.001 0.034 0.066 0.000 0.000 0.000 0.817 0.000
0.085 0.001 0.038 0.068 0.000 0.000 0.000 0.808 0.000
0.090 0.001 0.041 0.061 0.000 0.000 0.000 0.806 0.000
0.409 0.527 0.000 0.000 0.000 0.000 0.000 0.064 0.000
0.377 0.537 0.000 0.000 0.000 0.000 0.000 0.085 0.000
0.333 0.589 0.000 0.000 0.000 0.000 0.000 0.078 0.000
0.305 0.637 0.000 0.000 0.000 0.000 0.000 0.058 0.000
0.279 0.676 0.000 0.000 0.000 0.000 0.000 0.045 0.000
0.001 0.999 0.000 0.000 0.000 0.000 0.000 0.000 0.000
0.000 0.999 0.000 0.000 0.000 0.000 0.000 0.000 0.000
0.000 0.999 0.000 0.000 0.000 0.000 0.000 0.000 0.000
0.001 0.056 0.000 0.001 0.000 0.000 0.000 0.942 0.000
0.001 0.048 0.000 0.001 0.000 0.000 0.000 0.950 0.000
0.001 0.035 0.000 0.001 0.000 0.000 0.000 0.964 0.000
0.063 0.001 0.027 0.073 0.000 0.000 0.000 0.835 0.000
0.080 0.001 0.031 0.078 0.000 0.000 0.000 0.809 0.001
0.086 0.001 0.034 0.070 0.000 0.000 0.000 0.809 0.000
0.085 0.001 0.036 0.054 0.000 0.000 0.000 0.824 0.000
0.089 0.001 0.041 0.055 0.000 0.000 0.000 0.814 0.000
0.441 0.484 0.000 0.000 0.000 0.000 0.000 0.075 0.000
0.389 0.528 0.000 0.000 0.000 0.000 0.000 0.083 0.000
0.339 0.583 0.000 0.000 0.000 0.000 0.000 0.078 0.000
0.323 0.616 0.000 0.000 0.000 0.000 0.000 0.061 0.000
0.297 0.661 0.000 0.000 0.000 0.000 0.000 0.042 0.000
0.001 0.998 0.000 0.000 0.000 0.000 0.000 0.001 0.000
0.000 0.999 0.000 0.000 0.000 0.000 0.000 0.000 0.000
0.000 0.999 0.000 0.000 0.000 0.000 0.000 0.000 0.000
0.001 0.049 0.000 0.001 0.000 0.000 0.000 0.949 0.000
0.001 0.052 0.000 0.002 0.000 0.000 0.000 0.945 0.000
0.001 0.039 0.000 0.001 0.000 0.000 0.000 0.959 0.000
0.062 0.001 0.026 0.064 0.000 0.000 0.000 0.846 0.000
0.085 0.001 0.031 0.079 0.000 0.000 0.000 0.803 0.000
0.102 0.001 0.036 0.077 0.000 0.000 0.000 0.784 0.001
0.096 0.001 0.037 0.058 0.000 0.000 0.000 0.808 0.000
0.086 0.001 0.039 0.045 0.000 0.000 0.000 0.829 0.000
0.083 0.001 0.043 0.045 0.000 0.000 0.000 0.828 0.000
0.480 0.459 0.000 0.000 0.000 0.000 0.000 0.061 0.000
0.462 0.466 0.000 0.000 0.000 0.000 0.000 0.073 0.000
0.417 0.495 0.000 0.000 0.000 0.000 0.000 0.088 0.000
0.373 0.551 0.000 0.000 0.000 0.000 0.000 0.077 0.000
0.347 0.597 0.000 0.000 0.000 0.000 0.000 0.055 0.000
0.325 0.632 0.000 0.000 0.000 0.000 0.000 0.043 0.000
0.001 0.999 0.000 0.000 0.000 0.000 0.000 0.000 0.000
0.000 0.999 0.000 0.000 0.000 0.000 0.000 0.000 0.000
0.001 0.048 0.000 0.002 0.000 0.000 0.000 0.950 0.000
0.000 0.040 0.000 0.002 0.000 0.000 0.000 0.958 0.000
0.074 0.002 0.028 0.081 0.000 0.000 0.000 0.815 0.000
0.089 0.002 0.032 0.082 0.000 0.000 0.000 0.796 0.000
0.104 0.001 0.035 0.063 0.000 0.000 0.000 0.796 0.000
0.113 0.001 0.038 0.055 0.000 0.000 0.000 0.792 0.000
0.096 0.001 0.039 0.042 0.000 0.000 0.000 0.822 0.000
0.524 0.416 0.000 0.000 0.000 0.000 0.000 0.060 0.000
0.489 0.429 0.000 0.000 0.000 0.000 0.000 0.082 0.000
0.457 0.455 0.000 0.000 0.000 0.000 0.000 0.088 0.000
0.418 0.512 0.000 0.000 0.000 0.000 0.000 0.070 0.000
0.390 0.557 0.000 0.000 0.000 0.000 0.000 0.053 0.000
0.346 0.615 0.000 0.000 0.000 0.000 0.000 0.039 0.000
0.001 0.998 0.000 0.000 0.000 0.000 0.000 0.001 0.000
0.000 0.999 0.000 0.000 0.000 0.000 0.000 0.000 0.000
0.000 0.999 0.000 0.000 0.000 0.000 0.000 0.000 0.000
0.000 0.044 0.000 0.002 0.000 0.000 0.000 0.953 0.000
0.000 0.038 0.000 0.002 0.000 0.000 0.000 0.959 0.000
0.101 0.002 0.033 0.091 0.000 0.000 0.000 0.773 0.001
0.104 0.001 0.035 0.066 0.000 0.000 0.000 0.792 0.000
0.105 0.001 0.038 0.059 0.000 0.000 0.000 0.796 0.000
0.096 0.001 0.040 0.046 0.000 0.000 0.000 0.817 0.000
0.099 0.001 0.046 0.056 0.000 0.000 0.000 0.798 0.000
0.575 0.355 0.000 0.000 0.000 0.000 0.000 0.070 0.000
0.538 0.385 0.000 0.000 0.000 0.000 0.000 0.077 0.000
0.497 0.421 0.000 0.000 0.000 0.000 0.000 0.082 0.000
0.465 0.467 0.000 0.000 0.000 0.000 0.000 0.067 0.000
0.435 0.516 0.000 0.000 0.000 0.000 0.000 0.049 0.000
0.001 0.996 0.000 0.000 0.000 0.000 0.000 0.003 0.000
0.001 0.999 0.000 0.000 0.000 0.000 0.000 0.000 0.000
0.000 0.999 0.000 0.000 0.000 0.000 0.000 0.000 0.000
0.000 0.034 0.000 0.002 0.000 0.000 0.000 0.963 0.000
0.000 0.038 0.000 0.003 0.000 0.000 0.000 0.959 0.000
